346285.43538212276,4069660.2819116004,0.740007221155049,0.00000000
346285.47230530734,4069660.3156262627,0.7400072146214438,0.00000000
346285.5092284919,4069660.3493409245,0.7400072113118372,0.00000000
346285.54615167674,4069660.3830555864,0.7400072206628884,0.00000000
346285.5830748613,4069660.4167702487,0.7400072145968358,0.00000000
346285.6199980459,4069660.4504849105,0.7400072208271383,0.00000000
346285.6569212305,4069660.484199573,0.7400072146050484,0.00000000
346285.6938444151,4069660.5179142347,0.7400072113110174,0.00000000
346285.7307675999,4069660.5516288965,0.7400072199171158,0.00000000
346285.76769078453,4069660.585343559,0.7400072153052789,0.00000000
346285.80461396906,4069660.6190582206,0.740007211346029,0.00000000
346285.8415371539,4069660.6527728825,0.740007220664598,0.00000000
346285.87846033846,4069660.686487545,0.7400072145969213,0.00000000
346285.91538352304,4069660.7202022066,0.740007220081411,0.00000000
346285.9523067077,4069660.753916869,0.740007214567762,0.00000000
346285.98922989226,4069660.787631531,0.7400072185884898,0.00000000
346286.026153077,4069660.821346193,0.7400072144931159,0.00000000
346286.0630762616,4069660.855060855,0.7400072200762208,0.00000000
346286.09999944625,4069660.888775517,0.7400072145675024,0.00000000
346286.13692263083,4069660.922490179,0.7400072208256716,0.00000000
346286.1738458154,4069660.9562048414,0.7400072123677802,0.00000000
346286.2107690002,4069660.989919503,0.7400072134363488,0.00000000
346286.2476921848,4069661.023634165,0.740007220769114,0.00000000
346286.2846153694,4069661.0573488274,0.7400072146021471,0.00000000
346286.321538554,4069661.091063489,0.7400072208274039,0.00000000
346286.35846173856,4069661.1247781515,0.7400072116221352,0.00000000
346286.3953849234,4069661.1584928134,0.7400072141447982,0.00000000
346286.43230810796,4069661.192207475,0.7400072208045364,0.00000000
346286.46923129255,4069661.2259221375,0.7400072146039183,0.00000000
346286.50615447713,4069661.2596367993,0.7400072208274924,0.00000000
346286.5430776617,4069661.2933514616,0.7400072116221397,0.00000000
346286.58000084653,4069661.3270661235,0.7400072206784035,0.00000000
346286.6169240311,4069661.360780786,0.7400072145976115,0.00000000
346286.6538472157,4069661.3944954476,0.7400072200814455,0.00000000
346286.69077040034,4069661.42821011,0.7400072153134953,0.00000000
346286.72769358486,4069661.461924772,0.7400072113464399,0.00000000
346286.7646167697,4069661.4956394336,0.7400072206646185,0.00000000
346286.80153995426,4069661.529354096,0.7400072145969223,0.00000000
346286.83846313885,4069661.5630687578,0.7400072200814111,0.00000000
346286.8753863235,4069661.59678342,0.740007214567762,0.00000000
346286.9123095081,4069661.630498082,0.7400072120548847,0.00000000
346286.94923269283,4069661.6642127438,0.7400072207000408,0.00000000
346286.9861558774,4069661.697927406,0.7400072138529619,0.00000000
346287.02307906206,4069661.731642068,0.7400072120191448,0.00000000
346287.0600022468,4069661.7653567297,0.7400072199525222,0.00000000
346287.09692543146,4069661.799071392,0.7400072145613176,0.00000000
346287.13384861604,4069661.832786054,0.7400072208253624,0.00000000
346287.1707718006,4069661.866500716,0.7400072211385647,0.00000000
346287.2076949852,4069661.9002153785,0.7400072123834249,0.00000000
346287.24461816996,4069661.9339300403,0.740007213437131,0.00000000
346287.2815413546,4069661.967644702,0.740007220769153,0.00000000
346287.3184645392,4069662.0013593645,0.740007214602149,0.00000000
346287.3553877238,4069662.0350740263,0.740007220827404,0.00000000
346287.39231090836,4069662.0687886886,0.7400072116221352,0.00000000
346287.4292340932,4069662.1025033505,0.7400072141447982,0.00000000
346287.46615727775,4069662.1362180123,0.7400072208045364,0.00000000
346287.50308046234,4069662.1699326746,0.7400072146039183,0.00000000
346287.5400036469,4069662.2036473365,0.7400072208274924,0.00000000
346287.5769268315,4069662.2373619988,0.7400072116221397,0.00000000
346287.6138500163,4069662.2710766606,0.7400072133990668,0.00000000
346287.65077320096,4069662.3047913224,0.7400072215129816,0.00000001
346287.6876963855,4069662.3385059847,0.7400072211729456,0.00000001
346287.7246195701,4069662.372220647,0.7400072146223386,0.00000000
346287.76154275466,4069662.405935309,0.740007211311882,0.00000000
346287.7984659395,4069662.4396499707,0.740007219917159,0.00000000
346287.8353891241,4069662.473364633,0.7400072145595493,0.00000000
346287.8723123087,4069662.507079295,0.7400072215710056,0.00000001
346287.9092354932,4069662.540793957,0.7400072138965101,0.00000000
346287.94615867786,4069662.574508619,0.7400072120213221,0.00000001
346287.9830818626,4069662.608223281,0.7400072199526311,0.00000000
346288.02000504726,4069662.641937943,0.740007214561323,0.00000000
346288.05692823185,4069662.675652605,0.7400072208253626,0.00000000
346288.09385141643,4069662.7093672673,0.7400072146049596,0.00000000
346288.130774601,4069662.743081929,0.7400072185903497,0.00000000
346288.1676977858,4069662.7767965915,0.7400072137474774,0.00000000
346288.2046209704,4069662.8105112533,0.7400072142510653,0.00000001
346288.241544155,4069662.844225915,0.7400072185726551,0.00000000
346288.27846733975,4069662.8779405775,0.7400072137465926,0.00000000
346288.3153905244,4069662.9116552393,0.7400072207846261,0.00000000
346288.352313709,4069662.9453699016,0.7400072146029227,0.00000000
346288.38923689356,4069662.9790845634,0.7400072208274426,0.00000000
346288.42616007815,4069663.0127992257,0.7400072146050636,0.00000001
346288.46308326273,4069663.0465138876,0.7400072200818181,0.00000000
346288.5000064474,4069663.08022855,0.7400072130763191,0.00000001
346288.5369296321,4069663.1139432117,0.7400072127260442,0.00000000
346288.5738528168,4069663.1476578736,0.7400072214793304,0.00000001
346288.6107760013,4069663.181372536,0.7400072124004632,0.00000001
346288.64769918605,4069663.2150871977,0.7400072126922514,0.00000000
346288.68462237075,4069663.2488018596,0.740007220731909,0.00000001
346288.72154555534,4069663.282516522,0.7400072146002868,0.00000000
346288.7584687399,4069663.3162311837,0.7400072208273109,0.00000001
346288.7953919245,4069663.349945846,0.7400072131135937,0.00000000
346288.8323151092,4069663.383660508,0.7400072127279079,0.00000002
346288.8692382939,4069663.4173751697,0.740007220733692,0.00000001
346288.9061614785,4069663.451089832,0.7400072211339811,0.00000001
346288.9430846631,4069663.4848044943,0.7400072146203904,0.00000001
346288.98000784765,4069663.518519156,0.7400072120575162,0.00000002
346289.0169310324,4069663.552233818,0.7400072199544407,0.00000002
346289.05385421705,4069663.5859484803,0.7400072145614135,0.00000001
346289.09077740164,4069663.619663142,0.7400072208253672,0.00000002
346289.1277005862,4069663.6533778044,0.7400072146049598,0.00000002
346289.1646237708,4069663.6870924663,0.7400072120567447,0.00000002
346289.20154695556,4069663.720807128,0.7400072192086706,0.00000002
346289.23847014026,4069663.7545217904,0.740007214524125,0.00000002
346289.27539332485,4069663.7882364523,0.7400072215692345,0.00000002
346289.3123165094,4069663.8219511146,0.7400072146421531,0.00000003
346289.34923969395,4069663.8556657764,0.7400072185922094,0.00000003
346289.3861628787,4069663.8893804387,0.7400072130018387,0.00000003
346289.4230860634,4069663.9230951006,0.7400072142137833,0.00000004
346289.460009248,4069663.9568097624,0.7400072208079856,0.00000004
346289.4969324326,4069663.9905244247,0.7400072211376958,0.00000005
346289.53385561716,4069664.024239087,0.740007213129113,0.00000005
346289.57077880186,4069664.057953749,0.7400072127286839,0.00000005
346289.60770198656,4069664.0916684107,0.7400072207337307,0.00000006
346289.64462517115,4069664.125383073,0.7400072131089148,0.00000006
346289.68154835585,4069664.159097735,0.740007212727674,0.00000007
346289.71847154055,4069664.1928123967,0.7400072207336802,0.00000007
346289.7553947251,4069664.226527059,0.7400072146003754,0.00000008
346289.7923179097,4069664.260241721,0.7400072208273153,0.00000009
346289.8292410943,4069664.293956383,0.740007213113594,0.00000009
346289.866164279,4069664.327671045,0.7400072127279079,0.00000010
346289.9030874637,4069664.361385707,0.7400072199879604,0.00000011
346289.94001064834,4069664.395100369,0.7400072138173579,0.00000011
346289.976933833,4069664.428815031,0.7400072120173645,0.00000012
346290.01385701774,4069664.462529693,0.7400072096901701,0.00000013
346290.05078020267,4069664.4962443546,0.7400072088280787,0.00000014
346290.08770338766,4069664.5299590165,0.7400072029971007,0.00000015
346290.1246265726,4069664.563673678,0.7400072084934253,0.00000016
346290.1615497576,4069664.5973883397,0.740007200743173,0.00000017
346290.1984729427,4069664.631103001,0.7400071981184657,0.00000018
346290.235396128,4069664.6648176624,0.7400071972414988,0.00000020
346290.2723193133,4069664.698532324,0.740007197943382,0.00000021
346290.3092424986,4069664.732246985,0.7400071972327446,0.00000023
346290.34616568394,4069664.7659616466,0.7400071891721441,0.00000024
346290.3830888694,4069664.7996763075,0.7400071865319194,0.00000026
346290.420012055,4069664.8333909684,0.7400071856541766,0.00000027
346290.4569352407,4069664.8671056293,0.740007186356021,0.00000029
346290.49385842634,4069664.90082029,0.7400071856453817,0.00000031
346290.53078161203,4069664.934534951,0.7400071841183865,0.00000033
346290.56770479784,4069664.968249612,0.7400071760169683,0.00000035
346290.60462798376,4069665.0019642725,0.740007174120434,0.00000037
346290.6415511698,4069665.035678933,0.7400071813049444,0.00000040
346290.6784743558,4069665.069393594,0.7400071736391014,0.00000042
346290.7153975419,4069665.1031082543,0.740007164485009,0.00000045
346290.75232072815,4069665.1368229142,0.7400071617901097,0.00000047
346290.7892439146,4069665.170537574,0.7400071601639017,0.00000050
346290.82616710116,4069665.204252234,0.7400071593368597,0.00000053
346290.8630902878,4069665.237966894,0.7400071505247073,0.00000057
346290.9000134746,4069665.2716815537,0.7400071471011734,0.00000060
346290.9369366616,4069665.305396213,0.74000714842146,0.00000064
346290.9738598485,4069665.3391108727,0.7400071462502795,0.00000068
346291.0107830356,4069665.372825532,0.7400071373709203,0.00000072
346291.04770622286,4069665.4065401913,0.7400071346897578,0.00000076
346291.0846294103,4069665.4402548503,0.7400071257848994,0.00000080
346291.1215525979,4069665.473969509,0.740007130381799,0.00000085
346291.15847578563,4069665.507684168,0.7400071145615065,0.00000090
346291.1953989736,4069665.541398826,0.7400071107875658,0.00000096
346291.2323221618,4069665.575113484,0.7400071068702111,0.00000101
346291.26924535027,4069665.6088281423,0.740007089878474,0.00000107
346291.30616853904,4069665.6425427995,0.7400070948167616,0.00000114
346291.3430917279,4069665.676257457,0.7400070848014125,0.00000120
346291.380014917,4069665.7099721143,0.7400070747841132,0.00000127
346291.41693810635,4069665.743686771,0.7400070698088592,0.00000135
346291.45386129606,4069665.7774014277,0.740007051272764,0.00000143
346291.4907844862,4069665.8111160835,0.7400070466173019,0.00000151
346291.5277076766,4069665.8448307393,0.7400070133605436,0.00000160
346291.56463086803,4069665.8785453937,0.7400069939781277,0.00000169
346291.60155406035,4069665.9122600476,0.7400069607307533,0.00000179
346291.63847725367,4069665.9459747,0.7400069260443992,0.00000189
346291.67540044803,4069665.9796893513,0.7400069050990413,0.00000199
346291.7123236434,4069666.013404002,0.7400068725192508,0.00000211
346291.74924683967,4069666.047118651,0.7400068371205443,0.00000223
346291.78617003706,4069666.080833299,0.7400068103516932,0.00000235
346291.8230932354,4069666.114547946,0.7400067817771414,0.00000249
346291.8600164348,4069666.148262592,0.7400067473244278,0.00000262
346291.8969396353,4069666.1819772366,0.7400067103406126,0.00000277
346291.933862837,4069666.21569188,0.7400066797638505,0.00000293
346291.9707860399,4069666.249406522,0.7400066437195638,0.00000309
346292.007709244,4069666.283121163,0.7400066001225611,0.00000327
346292.0446324493,4069666.316835802,0.7400065669779469,0.00000345
346292.081555656,4069666.35055044,0.7400065235259272,0.00000364
346292.1184788639,4069666.3842650764,0.7400064903885627,0.00000384
346292.15540207323,4069666.4179797117,0.7400064439539811,0.00000406
346292.192325284,4069666.451694345,0.7400063968545385,0.00000429
346292.22924849624,4069666.4854089767,0.7400063525268081,0.00000453
346292.2661717102,4069666.519123607,0.7400062930332502,0.00000478
346292.3030949261,4069666.5528382347,0.7400062320356698,0.00000505
346292.340018144,4069666.58655286,0.7400061687256959,0.00000533
346292.376941364,4069666.6202674834,0.7400061045543714,0.00000563
346292.41386458627,4069666.6539821043,0.7400060403399797,0.00000594
346292.4507878107,4069666.687696723,0.7400059673526305,0.00000627
346292.48771103757,4069666.7214113385,0.740005900460246,0.00000662
346292.5246342668,4069666.755125952,0.7400058208053834,0.00000700
346292.5615574984,4069666.788840562,0.7400057513424322,0.00000739
346292.5984807326,4069666.82255517,0.7400056743640024,0.00000780
346292.63540396944,4069666.856269775,0.7400055912219144,0.00000824
346292.6723272089,4069666.8899843767,0.7400055010600709,0.00000870
346292.70925045153,4069666.9236989752,0.7400053885312464,0.00000919
346292.746173698,4069666.9574135696,0.7400052821634197,0.00000970
346292.78309694823,4069666.99112816,0.7400051527741422,0.00001024
346292.82002020255,4069667.0248427456,0.7400050330638369,0.00001082
346292.8569434611,4069667.058557327,0.7400049087953224,0.00001142
346292.8938667238,4069667.0922719035,0.740004774036629,0.00001206
346292.93078999093,4069667.125986475,0.7400046357705078,0.00001274
346292.9677132627,4069667.1597010414,0.7400044906174508,0.00001345
346293.00463653967,4069667.1934156027,0.7400043327985335,0.00001420
346293.04155982175,4069667.227130158,0.7400041771512991,0.00001500
346293.07848310925,4069667.2608447075,0.7400040085454017,0.00001584
346293.11540640215,4069667.2945592506,0.7400038368764477,0.00001672
346293.1523297012,4069667.3282737876,0.7400036299710938,0.00001766
346293.189253007,4069667.3619883168,0.7400034256003597,0.00001865
346293.2261763198,4069667.3957028384,0.7400032096026302,0.00001969
346293.26309964,4069667.429417352,0.7400029769733786,0.00002080
346293.30002296786,4069667.463131857,0.7400027425889002,0.00002196
346293.3369463039,4069667.4968463536,0.7400024862785808,0.00002319
346293.3738696483,4069667.5305608404,0.7400022294397803,0.00002449
346293.4107930016,4069667.564275318,0.7400019425334662,0.00002586
346293.4477163645,4069667.5979897846,0.7400016393871394,0.00002731
346293.48463973776,4069667.63170424,0.7400013244208118,0.00002884
346293.52156312164,4069667.665418684,0.7400009853560282,0.00003045
346293.558486517,4069667.6991331154,0.7400006340783202,0.00003216
346293.59540992416,4069667.7328475337,0.7400002564453307,0.00003396
346293.63233334414,4069667.766561938,0.7399998577157492,0.00003586
346293.66925677744,4069667.8002763274,0.7399994504740824,0.00003787
346293.70618022466,4069667.833990702,0.739999012765704,0.00003999
346293.7431036866,4069667.86770506,0.7399985462979082,0.00004224
346293.7800271644,4069667.901419401,0.7399980636555177,0.00004460
346293.8169506586,4069667.9351337245,0.7399975406467235,0.00004710
346293.8538741704,4069667.968848028,0.7399970111452647,0.00004974
346293.89079770003,4069668.0025623124,0.7399964350499793,0.00005253
346293.9277212491,4069668.036276575,0.7399958286432081,0.00005548
346293.9646448188,4069668.0699908156,0.7399951774345573,0.00005859
346294.00156841043,4069668.103705032,0.7399945077577528,0.00006187
346294.03849202476,4069668.1374192233,0.7399937946169483,0.00006534
346294.0754156631,4069668.1711333883,0.7399930461011185,0.00006900
346294.11233932694,4069668.204847526,0.7399922467422486,0.00007287
346294.14926301764,4069668.2385616335,0.7399914036142775,0.00007696
346294.18618673686,4069668.27227571,0.7399905215452246,0.00008127
346294.22311048594,4069668.305989754,0.7399895824890518,0.00008583
346294.2600342666,4069668.339703763,0.7399886168983223,0.00009064
346294.29695808026,4069668.3734177365,0.7399875591116117,0.00009572
346294.33388192934,4069668.4071316705,0.7399864582933257,0.00010109
346294.37080581585,4069668.440845564,0.7399853032662381,0.00010676
346294.4077297413,4069668.4745594147,0.7399840720234608,0.00011274
346294.4446537084,4069668.5082732197,0.7399827759640999,0.00011907
346294.48157771927,4069668.5419869768,0.7399814039043827,0.00012574
346294.5185017766,4069668.575700683,0.7399799472599377,0.00013279
346294.55542588315,4069668.6094143353,0.7399784069153527,0.00014024
346294.592350042,4069668.643127931,0.7399767685334825,0.00014810
346294.62927425595,4069668.6768414653,0.7399750515669402,0.00015641
346294.66619852814,4069668.7105549364,0.7399732323446102,0.00016518
346294.7031228617,4069668.74426834,0.7399713300300408,0.00017444
346294.7400472596,4069668.7779816734,0.7399693287852815,0.00018422
346294.7769717252,4069668.8116949326,0.7399671977771114,0.00019455
346294.81389626267,4069668.8454081127,0.7399649440573518,0.00020545
346294.8508208764,4069668.8791212095,0.7399625856979553,0.00021697
346294.8877455701,4069668.912834219,0.7399600562402353,0.00022914
346294.924670349,4069668.946547135,0.7399574173091077,0.00024198
346294.9615952174,4069668.980259953,0.739954619537336,0.00025555
346294.9985201802,4069669.0139726675,0.7399516645760645,0.00026987
346295.03544524283,4069669.0476852725,0.7399485635159613,0.00028500
346295.07237041055,4069669.081397763,0.7399452635398384,0.00030098
346295.1092956896,4069669.115110131,0.7399418036248211,0.00031785
346295.1462210856,4069669.148822371,0.7399381291881442,0.00033567
346295.183146606,4069669.182534475,0.7399342559654976,0.00035448
346295.22007225733,4069669.2162464354,0.7399301722442051,0.00037435
346295.25699804653,4069669.2499582446,0.7399258449831156,0.00039534
346295.2939239821,4069669.2836698936,0.7399212792412012,0.00041750
346295.3308500721,4069669.3173813736,0.7399164532552076,0.00044090
346295.3677763251,4069669.351092675,0.739911357734734,0.00046561
346295.40470275044,4069669.3848037873,0.7399059841898379,0.00049171
346295.4416293576,4069669.418514701,0.7399003058825122,0.00051926
346295.47855615645,4069669.4522254043,0.7398943153341053,0.00054837
346295.515483158,4069669.485935886,0.7398879793228978,0.00057910
346295.5524103737,4069669.519646133,0.7398812821970431,0.00061155
346295.5893378156,4069669.5533561315,0.7398742192695478,0.00064582
346295.62626549654,4069669.587065869,0.7398667686422774,0.00068200
346295.66319342906,4069669.6207753303,0.7398588943522976,0.00072022
346295.7001216279,4069669.6544845,0.7398505792958044,0.00076057
346295.7370501079,4069669.688193362,0.7398417815673207,0.00080318
346295.7739788852,4069669.7219018983,0.7398324901243157,0.00084818
346295.8109079765,4069669.75561009,0.7398226948977052,0.00089569
346295.8478373989,4069669.7893179194,0.7398123526669884,0.00094586
346295.88476717105,4069669.823025366,0.7398014159226296,0.00099884
346295.92169731285,4069669.856732407,0.7397898725966718,0.00105478
346295.9586278448,4069669.890439021,0.739777667044593,0.00111385
346295.99555878923,4069669.9241451826,0.7397647992914347,0.00117622
346296.0324901687,4069669.957850868,0.7397511887278001,0.00124208
346296.069422008,4069669.991556049,0.7397368266753773,0.00131162
346296.1063543328,4069670.025260698,0.73972167090392,0.00138505
346296.14328717004,4069670.058964786,0.7397056569795346,0.00146258
346296.18022054835,4069670.092668281,0.7396887484813701,0.00154443
346296.21715449804,4069670.1263711494,0.73967091188082,0.00163086
346296.2540890508,4069670.1600733576,0.7396520465998935,0.00172212
346296.291024241,4069670.193774867,0.7396321319550403,0.00181847
346296.3279601042,4069670.2274756385,0.7396111001164389,0.00192019
346296.36489667813,4069670.261175631,0.7395888874326009,0.00202759
346296.40183400264,4069670.294874801,0.7395654347611282,0.00214098
346296.43877211993,4069670.328573102,0.7395406505039772,0.00226069
346296.47571107454,4069670.362270485,0.7395144967119226,0.00238706
346296.5126509131,4069670.3959668996,0.7394868600833142,0.00252048
346296.5495916853,4069670.42966229,0.739457682549048,0.00266133
346296.5865334434,4069670.4633565997,0.7394268709016075,0.00281001
346296.6234762427,4069670.497049768,0.7393943316663106,0.00296696
346296.66042014124,4069670.5307417307,0.7393599682039441,0.00313264
346296.69736520073,4069670.5644324203,0.7393236904248555,0.00330752
346296.73431148595,4069670.598121766,0.7392853682578089,0.00349211
346296.7712590659,4069670.631809692,0.7392448916490861,0.00368695
346296.808208013,4069670.665496118,0.7392021454172456,0.00389259
346296.84515840426,4069670.69918096,0.7391570086667525,0.00410963
346296.88211032,4069670.73286413,0.739109344402158,0.00433869
346296.9190638456,4069670.766545533,0.7390590054716272,0.00458042
346296.9560190714,4069670.800225071,0.7390058625083912,0.00483552
346296.9929760921,4069670.83390264,0.7389497372040263,0.00510470
346297.02993500815,4069670.8675781284,0.7388904648609704,0.00538874
346297.06689592556,4069670.90125142,0.7388278798104733,0.00568843
346297.1038589565,4069670.934922392,0.7387617785823614,0.00600462
346297.14082421915,4069670.968590914,0.7386919650097776,0.00633820
346297.17779183865,4069671.0022568475,0.7386182543024933,0.00669009
346297.2147619466,4069671.0359200486,0.7385404043742712,0.00706128
346297.25173468253,4069671.0695803636,0.7384581827706295,0.00745280
346297.2887101936,4069671.10323763,0.7383713741687962,0.00786572
346297.3256886346,4069671.1368916775,0.7382796880929565,0.00830117
346297.36267016944,4069671.170542325,0.7381828695689481,0.00876035
346297.39965497114,4069671.2041893816,0.7380806435357453,0.00924449
346297.43664322194,4069671.237832647,0.7379726950959408,0.00975489
346297.4736351143,4069671.271471908,0.7378587019988841,0.01029292
346297.51063085196,4069671.30510694,0.7377383257084658,0.01086001
346297.5476306494,4069671.3387375064,0.7376112192845117,0.01145763
346297.5846347332,4069671.3723633564,0.7374769937038541,0.01208736
346297.6216433426,4069671.405984225,0.7373352539733647,0.01275080
346297.6586567303,4069671.4395998335,0.7371855894742462,0.01344965
346297.6956751628,4069671.4732098863,0.7370275587449772,0.01418568
346297.7326989209,4069671.5068140724,0.736860683377178,0.01496071
346297.7697283018,4069671.5404120623,0.7366844810228065,0.01577665
346297.80676361854,4069671.574003509,0.7364984315093369,0.01663547
346297.843805202,4069671.6075880453,0.7363019675046377,0.01753922
346297.88085340126,4069671.6411652835,0.7360945257346634,0.01849001
346297.9179085843,4069671.674734814,0.7358754931404428,0.01949004
346297.95497113967,4069671.708296205,0.7356442263343155,0.02054156
346297.9920414773,4069671.7418489996,0.735400046627596,0.02164688
346298.0291200295,4069671.7753927163,0.735142234587215,0.02280838
346298.06620725244,4069671.808926846,0.73487004448946,0.02402937
346298.1033036272,4069671.8424508516,0.734582650822924,0.02531312
346298.1404096617,4069671.8759641647,0.7342792260847512,0.02666089
346298.1775258914,4069671.909466186,0.7339588862244392,0.02807531
346298.21465288097,4069671.9429562828,0.7336206906674246,0.02955901
346298.2517912262,4069671.9764337866,0.7332636249160639,0.03111466
346298.2889415556,4069672.00989799,0.7328866880795639,0.03274494
346298.3261045315,4069672.0433481494,0.7324887546804709,0.03445252
346298.36328085215,4069672.0767834764,0.7320686758799836,0.03624005
346298.4004712538,4069672.11020314,0.7316252238118836,0.03811015
346298.43767651287,4069672.1436062623,0.7311571108837859,0.04006540
346298.4748974475,4069672.1769919163,0.730662981056245,0.04210826
346298.51213492,4069672.210359123,0.7301413977166238,0.04424114
346298.54938983923,4069672.243706849,0.7295908460082167,0.04646630
346298.586663163,4069672.277034002,0.7290097710749298,0.04878588
346298.6239558996,4069672.310339431,0.7283964765184381,0.05120183
346298.6612691114,4069672.3436219185,0.7277492087557821,0.05371589
346298.69860391726,4069672.3768801806,0.7270661011099044,0.05632960
346298.73596149596,4069672.4101128606,0.7263452040125624,0.05904423
346298.7733430878,4069672.4433185263,0.7255844828254602,0.06187200
346298.8107499986,4069672.476495667,0.7247817581723,0.06480501
346298.84818360227,4069672.509642686,0.7239347624810201,0.06784221
346298.8856453447,4069672.5427579,0.723041097905294,0.07098354
346298.9231367468,4069672.5758395297,0.7220982577358248,0.07422850
346298.96065940807,4069672.608885699,0.7211036068050385,0.07757617
346298.9982150098,4069672.641894427,0.7200543509937886,0.08102519
346299.03580531944,4069672.674863623,0.7189475961363482,0.08457379
346299.07343219407,4069672.707791081,0.7177802718116856,0.08821980
346299.1110975841,4069672.7406744733,0.7165491771049183,0.09197139
346299.1488035374,4069672.7735113436,0.7152509421648021,0.09582567
346299.18655220413,4069672.806299101,0.713882032497519,0.09976889
346299.22434583964,4069672.839035012,0.7124387487483498,0.10379700
346299.2621868098,4069672.8717161925,0.7109172135911582,0.10790554
346299.30007759476,4069672.9043396018,0.7093133998165965,0.11208972
346299.33802079275,4069672.936902034,0.7076230471354124,0.11634440
346299.37601912516,4069672.9694001083,0.7058417286832597,0.12067890
346299.41407544026,4069673.0018302603,0.7039648392203088,0.12508091
346299.45219271706,4069673.0341887344,0.7019875476239573,0.12953477
346299.4903740702,4069673.066471573,0.6999048475325625,0.13403380
346299.52862275264,4069673.0986746075,0.697711515206814,0.13857115
346299.5669421599,4069673.1307934476,0.6954020947248196,0.14313976
346299.60533583397,4069673.16282347,0.6929709632901684,0.14774990
346299.6438074658,4069673.194759809,0.6904122794537897,0.15237810
346299.6823608977,4069673.226597346,0.6877199752808576,0.15701244
346299.7210001263,4069673.258330696,0.6848878107816558,0.16164498
346299.75972930377,4069673.2899541985,0.6819093141526859,0.16626767
346299.79855273926,4069673.321461905,0.6787778611748543,0.17088242
346299.83747489884,4069673.3528475673,0.6754866126609991,0.17547381
346299.8765004051,4069673.3841046267,0.6720286143601494,0.18002680
346299.91563403513,4069673.415226204,0.6683967033824557,0.18453302
346299.9548807183,4069673.4462050847,0.6645836478170116,0.18898412
346299.9942455318,4069673.477033714,0.6605820673650419,0.19337826
346300.03373369575,4069673.507704182,0.6563845280104246,0.19769790
346300.0733505658,4069673.5382082183,0.6519835705859668,0.20193301
346300.11310162436,4069673.5685371826,0.6473716880305788,0.20607546
346300.1529924701,4069673.5986820566,0.6425414891325446,0.21011744
346300.19302880485,4069673.628633443,0.6374856394884522,0.21404833
346300.23321641836,4069673.658381558,0.6321969514214417,0.21785804
346300.27356117143,4069673.6879162327,0.626668505852821,0.22153897
346300.31406897545,4069673.717226915,0.6208202865009497,0.22508362
346300.35474800435,4069673.7462995243,0.6146472667076881,0.22847551
346300.39560620557,4069673.7751197633,0.608321216460531,0.23170859
346300.43664610747,4069673.8036806057,0.6017332186221871,0.23477894
346300.47787363175,4069673.8319698675,0.5948733679547795,0.23767967
346300.5192946062,4069673.859975032,0.5877374274199783,0.24039544
346300.5609147258,4069673.887683274,0.5803223504138068,0.24291937
346300.6027395116,4069673.9150814945,0.5726262150288316,0.24525025
346300.6447742646,4069673.9421563614,0.5646483101619794,0.24738178
346300.68702401913,4069673.968894359,0.5563893274721197,0.24930195
346300.729493493,4069673.995281846,0.5478514577322158,0.25099553
346300.77218703664,4069674.0213051164,0.5390385932844481,0.25246906
346300.81510858156,4069674.0469504786,0.5299564637818557,0.25371687
346300.8582615882,4069674.072204336,0.5206127164469557,0.25473333
346300.9016489954,4069674.0970532773,0.5110171199195068,0.25549190
346300.94527317194,4069674.121484178,0.5011815775723034,0.25600585
346300.98913587106,4069674.145484306,0.49112029029871657,0.25627134
346301.0332381889,4069674.1690414357,0.4808497133832783,0.25628347
346301.07758053,4069674.1921439664,0.4703885773417445,0.25602717
346301.12216257973,4069674.2147810417,0.45879024526679735,0.25549503
346301.1670055339,4069674.236896861,0.4477340915034304,0.25467557
346301.2120893883,4069674.258516713,0.4367125828485955,0.25357988
346301.2574084822,4069674.2796383305,0.4256094071781904,0.25220676
346301.302959168,4069674.300255177,0.4144493571955405,0.25053575
346301.348737013,4069674.320362202,0.4032660087302994,0.24857472
346301.3947368313,4069674.339955954,0.392092243574607,0.24632742
346301.44095277577,4069674.359034557,0.38095873013411236,0.24379196
346301.4873784465,4069674.3775976296,0.36989442645464476,0.24096685
346301.53400698386,4069674.39564623,0.3579961602996579,0.23783403
346301.58084798825,4069674.4131368073,0.3461687664174202,0.23438472
346301.62789224414,4069674.4300722447,0.335390077548289,0.23062418
346301.67511499487,4069674.446502099,0.32486169017742117,0.22657157
346301.7225076883,4069674.462434427,0.31456771813823686,0.22222842
346301.77006169234,4069674.4778786497,0.30452803515585053,0.21758762
346301.8177683807,4069674.4928453853,0.29476137524646717,0.21264907
346301.86561919784,4069674.5073463004,0.2840013150177326,0.20742841
346301.9136242223,4069674.521329062,0.27405373385471793,0.20190178
346301.96176506457,4069674.534835574,0.26528743621474676,0.19608555
346302.01002135454,4069674.5479224776,0.25692827369504556,0.19000266
346302.0583850542,4069674.5606065756,0.2489427090143685,0.18364558
346302.106848455,4069674.5729050646,0.2413323659955208,0.17702977
346302.15540417837,4069674.584835427,0.23258313777970552,0.17016822
346302.2040631926,4069674.596337615,0.22553362076967048,0.16303503
346302.2528008127,4069674.6075007957,0.21931477758024803,0.15566916
346302.3016063376,4069674.6183627825,0.21352644431517248,0.14808794
346302.3504737644,4069674.6289432123,0.20814369974142308,0.14029319
346302.3993974125,4069674.6392615354,0.2022929078005485,0.13229530
346302.44838092726,4069674.6492922525,0.1956206007743547,0.12409419
346302.4974120678,4069674.659086958,0.1918662456469404,0.11571524
346302.54648003826,4069674.668695252,0.18863129492206215,0.10718357
346302.59558045893,4069674.678136609,0.18550489871563605,0.09851152
346302.6447091928,4069674.6874299506,0.18286159602144159,0.08971161
346302.6938676767,4069674.6965646893,0.18107158409972138,0.08077700
346302.74304437847,4069674.7056006757,0.17974090475223456,0.07173990
346302.7922344249,4069674.7145637823,0.17875104509470974,0.06262403
346302.8414345947,4069674.7234712434,0.17820372507734225,0.05344273
346302.8906419913,4069674.732338719,0.1782031161203652,0.04420894
346302.93985147367,4069674.7411946114,0.17862307790183032,0.03494160
346302.98905836925,4069674.7500648587,0.17934540541209296,0.02565880
346303.03825999395,4069674.758964257,0.18068758848616912,0.01637381
346303.08745373756,4069674.7679071473,0.18254398514938874,0.00709889
346303.13663071464,4069674.7769417986,0.18453049320001663,0.00214282
346303.1857903925,4069674.7860699287,0.1867262264363947,0.01133465
346303.2349308973,4069674.7953005503,0.1895393455808591,0.02046691
346303.28404980263,4069674.804645555,0.19299578961613187,0.02952734
346303.33313704125,4069674.8141557076,0.19647539019903282,0.03848617
346303.38218948554,4069674.8238433558,0.19992400926852893,0.04733119
346303.4312091791,4069674.8336949726,0.2017826021776717,0.05606208
346303.4801936211,4069674.8437205437,0.20595840694293038,0.06466809
346303.5291346443,4069674.8539565704,0.21126155702424437,0.07312672
346303.578020003,4069674.864454879,0.21568579503515553,0.08140886
346303.6268587706,4069674.87516707,0.22022660930814103,0.08953098
346303.67564832425,4069674.8861012165,0.22493584283497528,0.09748629
346303.7243859613,4069674.8972654836,0.23173066438485035,0.10526582
346303.7730453708,4069674.9087659996,0.23710151158362167,0.11281569
346303.82164293324,4069674.9205239858,0.24243311696115008,0.12016730
346303.870177057,4069674.9325407855,0.24790034353008802,0.12731640
346303.91864481854,4069674.944823135,0.25446337739082525,0.13425670
346303.96703039395,4069674.9574261545,0.2614911336533043,0.14096084
346304.0153257173,4069674.9703700375,0.26751651663980364,0.14741744
346304.06354264665,4069674.9836020763,0.27361383816091595,0.15363724
346304.1116779609,4069674.997128047,0.2798369232932281,0.15962406
346304.1597283451,4069675.010953699,0.28777703267407656,0.16537538
346304.20766626904,4069675.025164802,0.2949303702606174,0.17085258
346304.25550162845,4069675.0397163876,0.3015869371067701,0.17607504
346304.3032392679,4069675.0545847616,0.3083239533335469,0.18105312
346304.3508756461,4069675.069774624,0.3151681357480986,0.18578503
346304.3984071596,4069675.085290526,0.3237004291327971,0.19026942
346304.4458032574,4069675.1012156606,0.3313591326212503,0.19447087
346304.49307644984,4069675.1175010405,0.3385257690790334,0.19840177
346304.5402319455,4069675.1341234962,0.34574292159534536,0.20207353
346304.5872662252,4069675.151085978,0.3530314015131318,0.20549634
346304.6341758039,4069675.16839108,0.36123886270061506,0.20867120
346304.68094115023,4069675.1860829536,0.3697988243900634,0.21158182
346304.7275528278,4069675.2041752785,0.37726832155230217,0.21422398
346304.77402885474,4069675.222612487,0.3847138061061958,0.21662438
346304.82036627474,4069675.241395131,0.3921827486981702,0.21877129
346304.86656220997,4069675.260523445,0.399671561320386,0.22067356
346304.9126138683,4069675.279997341,0.40843759331130236,0.22234323
346304.95849182573,4069675.299877306,0.41646843614158846,0.22375688
346305.00420919317,4069675.320123188,0.42393424326474016,0.22493515
346305.0497745531,4069675.340708377,0.4313611102208172,0.22589279
346305.09518577816,4069675.3616312915,0.43877067235155176,0.22661669
346305.14044084697,4069675.3828901113,0.44615936023964015,0.22712614
346305.18553784967,4069675.4044827786,0.4542531575794272,0.22742930
346305.230457949,4069675.4264414827,0.4623421867265961,0.22751501
346305.2751988223,4069675.4487627437,0.46959573459415527,0.22738776
346305.3197774165,4069675.4714058875,0.4767660913110527,0.22705902
346305.3641925309,4069675.494367857,0.48388730877717,0.22654022
346305.4084430856,4069675.5176454284,0.49095746428346154,0.22584243
346305.4525281269,4069675.541235211,0.49797263619487114,0.22497022
346305.49644683715,4069675.5651336396,0.5055100508726783,0.22392816
346305.54018360813,4069675.58936368,0.5129528912879644,0.22270211
346305.58373885206,4069675.6139183,0.5197240005044463,0.22130697
346305.6271275784,4069675.638765659,0.5263923196595377,0.21976189
346305.6703497207,4069675.6639015214,0.5329813996405521,0.21807150
346305.71340540104,4069675.6893214453,0.5394864908426017,0.21624024
346305.75629496336,4069675.715020743,0.5459000494593339,0.21427550
346305.7990190176,4069675.740994423,0.5522131841530239,0.21218433
346305.84157848184,4069675.7672371413,0.5585001304917547,0.20997162
346305.8839722557,4069675.793746912,0.5652272282912976,0.20764057
346305.9261861047,4069675.8205422377,0.5711496238763882,0.20519193
346305.96824157675,4069675.84758526,0.5769102413591304,0.20264362
346306.0101407456,4069675.8748697056,0.582536297182302,0.20000007
346306.051885917,4069675.9023891324,0.5880249070049682,0.19726651
346306.09347961354,4069675.930136963,0.5933722534771013,0.19445695
346306.1349245581,4069675.958106511,0.5985751470901937,0.19157711
346306.17622365634,4069675.986291014,0.6036311003505962,0.18862707
346306.217379977,4069676.014683665,0.6085382544628948,0.18561225
346306.2583967329,4069676.0432776352,0.6132954294336637,0.18254411
346306.299277261,4069676.0720661073,0.6179020365503874,0.17943766
346306.34002500336,4069676.101042296,0.6225258650027057,0.17628565
346306.3806383194,4069676.130206633,0.6269647753070215,0.17308976
346306.42112204776,4069676.1595505555,0.6310918797698876,0.16985639
346306.4614847878,4069676.1890606293,0.6350665414970348,0.16661666
346306.50173014024,4069676.218730564,0.6388984869354847,0.16335662
346306.54186172,4069676.2485541916,0.6425902186173027,0.16008028
346306.58188314305,4069676.278525472,0.6461442656163937,0.15679289
346306.62179801275,4069676.308638512,0.6495633548094266,0.15351081
346306.6616099071,4069676.338887567,0.6528505262412092,0.15024249
346306.70132236765,4069676.3692670544,0.6560090215341237,0.14697961
346306.74093888863,4069676.399771557,0.6590422343780199,0.14372723
346306.7804629084,4069676.4303958286,0.6619537253476272,0.14049039
346306.81989780103,4069676.4611347956,0.664747211648328,0.13729247
346306.85924686864,4069676.4919835636,0.667426468976139,0.13412697
346306.8985133352,4069676.5229374156,0.6699953389055218,0.13099218
346306.9377003415,4069676.5539918123,0.6724577527785001,0.12789281
346306.9768109397,4069676.585142394,0.6748176263205623,0.12483356
346307.0158480907,4069676.616384978,0.6770789130853999,0.12183733
346307.0548146604,4069676.6477155574,0.6792455393467577,0.11889650
346307.0937134169,4069676.679130298,0.681321446731023,0.11600924
346307.1325470293,4069676.7106255386,0.6833105066363746,0.11317978
346307.171318066,4069676.742197784,0.6852721886444563,0.11041224
346307.2100271393,4069676.7738459697,0.6870998558821471,0.10771924
346307.24867852725,4069676.8055645754,0.6888449720633808,0.10510892
346307.28727463994,4069676.8373504146,0.6905187026351741,0.10257180
346307.32581761637,4069676.869200663,0.6921249588557786,0.10011142
346307.36430949584,4069676.901112643,0.6936672793568459,0.09773124
346307.4027522181,4069676.933083822,0.6951490603389087,0.09543466
346307.44114762574,4069676.965111807,0.6965736692784084,0.09323964
346307.4794974634,4069676.9971943423,0.69794438773032,0.09114006
346307.51780337986,4069677.0293293055,0.6992644484718573,0.08913292
346307.55606692884,4069677.061514705,0.7005369847171953,0.08722122
346307.5942895707,4069677.0937486747,0.7017650801107772,0.08540792
346307.6324726728,4069677.126029472,0.7029517701630861,0.08369590
346307.6706175115,4069677.158355475,0.7040999936933476,0.08209649
346307.70872527326,4069677.1907251785,0.7052126316633738,0.08061236
346307.7467970567,4069677.223137191,0.7062925310259708,0.07923691
346307.78483387234,4069677.255590233,0.7073424830610722,0.07797278
346307.8228366443,4069677.288083134,0.708365198535992,0.07682257
346307.8608062122,4069677.32061483,0.7093633633776177,0.07578882
346307.8987433316,4069677.353184361,0.7103396079100823,0.07487401
346307.9366486749,4069677.3857908687,0.7112965398835147,0.07408864
346307.974522832,4069677.418433596,0.7122367183581172,0.07343596
346308.0123663113,4069677.451111884,0.7131627022326159,0.07290894
346308.05017953954,4069677.4838251723,0.7140769917036232,0.07250985
346308.08796286274,4069677.516572996,0.7149820879585063,0.07224083
346308.1257165466,4069677.549354986,0.7158804601990496,0.07210392
346308.1634407765,4069677.582170866,0.716774585585917,0.07210101
346308.2011356573,4069677.615020455,0.7176669407853191,0.07223380
346308.2388012128,4069677.6479036645,0.7185600015833615,0.07250479
346308.2764373853,4069677.6808205,0.7194562503822652,0.07292173
346308.3140440356,4069677.71377106,0.7203581667962727,0.07347748
346308.3516209423,4069677.746755536,0.7212682567645551,0.07417296
346308.3891678005,4069677.779774213,0.7221890605822083,0.07500886
346308.42668422044,4069677.8128274707,0.723123137183444,0.07598563
346308.46416972665,4069677.845915783,0.7240730912698987,0.07710347
346308.5016237559,4069677.8790397216,0.7250415724946876,0.07837368
346308.53904565546,4069677.9121999545,0.7260312688208621,0.07978715
346308.57643468125,4069677.9453972494,0.7270449297449072,0.08134192
346308.61378999526,4069677.9786324743,0.7280853483852817,0.08303698
346308.6511106639,4069678.011906599,0.729155401782742,0.08487099
346308.68839565414,4069678.045220698,0.7302580492320501,0.08684421
346308.7256438311,4069678.0785759534,0.7313963058578917,0.08895402
346308.7628539548,4069678.111973655,0.7325732861537156,0.09119610
346308.80002467654,4069678.145415205,0.7337921628875246,0.09357045
346308.837154536,4069678.178902119,0.7350562810716502,0.09608955
346308.8742419552,4069678.2124360316,0.7363825916627706,0.09873204
346308.9112847558,4069678.2460192256,0.7377628337295579,0.10149326
346308.9482810725,4069678.2796536204,0.7391869922484499,0.10436843
346308.98522937205,4069678.3133407542,0.7406704079069621,0.10735275
346309.022127553,4069678.347082775,0.7422175463590537,0.11044079
346309.0589733718,4069678.3808819647,0.743832480378098,0.11364080
346309.0957644372,4069678.414740744,0.7455193956711789,0.11694303
346309.13249820366,4069678.4486616766,0.7472826009771109,0.12032993
346309.16917196516,4069678.482647471,0.7491265999760045,0.12379457
346309.2057828484,4069678.5167009886,0.7510559996279144,0.12732985
346309.24232780514,4069678.550825242,0.7530756120969044,0.13092942
346309.2788036053,4069678.5850234036,0.7551903784933418,0.13460681
346309.3152068285,4069678.6192988064,0.7574054169751155,0.13833013
346309.35153385723,4069678.653654949,0.7597259887741267,0.14209143
346309.3877808679,4069678.6880954965,0.762157546758613,0.14588279
346309.4239438223,4069678.722624287,0.764705687751917,0.14969816
346309.46001845907,4069678.7572453315,0.7673761591010405,0.15354349
346309.4960002851,4069678.7919628164,0.7701748902383893,0.15739097
346309.53188456607,4069678.8267811066,0.7731079205490586,0.16123236
346309.56766631803,4069678.861704745,0.7761814585988195,0.16505954
346309.6033402978,4069678.8967384533,0.7794018303098684,0.16887030
346309.63890099444,4069678.931887133,0.7827754394033763,0.17265219
346309.674342621,4069678.9671558607,0.7863088149571259,0.17639081
346309.7096591054,4069679.0025498876,0.7900085723689239,0.18007820
346309.7448440828,4069679.0380746373,0.7938812940725812,0.18370724
346309.7798908891,4069679.0737356953,0.79793365711396,0.18726947
346309.81479255314,4069679.1095388075,0.8021723023439724,0.19075234
346309.849541791,4069679.14548987,0.8066037846629674,0.19414839
346309.884131003,4069679.1815949185,0.8112345612319477,0.19745027
346309.9185522691,4069679.2178601143,0.8160709517950964,0.20064449
346309.9527973485,4069679.254291733,0.8211190316946353,0.20372527
346309.9868576804,4069679.2908961438,0.8263846111681692,0.20668568
346310.0207243869,4069679.327679793,0.8318731480209668,0.20951884
346310.0543882787,4069679.364649179,0.8375896769303682,0.21220660
346310.08783986355,4069679.401810829,0.8436495566055708,0.21474805
346310.1210649866,4069679.4391751327,0.8500871029570021,0.21713580
346310.1540481294,4069679.4767531906,0.8565737315409184,0.21936061
346310.1867866881,4069679.514544445,0.863297500100391,0.22140560
346310.2192698922,4069679.552555326,0.8702694170917964,0.22327237
346310.2514867566,4069679.5907921195,0.8774905737611279,0.22495837
346310.2834261191,4069679.629260921,0.8849605419065466,0.22645758
346310.3150766813,4069679.6679675933,0.8926774855429831,0.22774729
346310.3464270596,4069679.706917713,0.9006382002418339,0.22882970
346310.37746584066,4069679.746116523,0.9088378904912526,0.22970524
346310.408181645,4069679.7855688785,0.9172701558098204,0.23036843
346310.4385631969,4069679.8252791967,0.9259268232766211,0.23079720
346310.4685994008,4069679.8652514042,0.934797886551234,0.23099199
346310.49827942456,4069679.9054888873,0.943871511733366,0.23095722
346310.5275927865,4069679.945994448,0.9531339325319346,0.23068823
346310.5565294458,4069679.9867702564,0.9635491977853388,0.23016656
346310.58503737836,4069680.027846987,0.9734188092840712,0.22936688
346310.6131395628,4069680.0692020576,0.9832759953130892,0.22831488
346310.64083263016,4069680.110831893,0.9932398690160719,0.22700946
346310.6681091906,4069680.152735573,1.0032925287859165,0.22543891
346310.69496287504,4069680.194911357,1.0134076717924185,0.22358973
346310.7213884339,4069680.237356686,1.0235573391341102,0.22147933
346310.74738182244,4069680.280068192,1.0337126587641572,0.21910613
346310.77294026845,4069680.323041726,1.0440894377673247,0.21646804
346310.7980511227,4069680.366278805,1.0557824110383678,0.21353481
346310.82265164924,4069680.4098081803,1.0659270210031184,0.21030386
346310.8468126721,4069680.453582499,1.0758542058222649,0.20680867
346310.8705383298,4069680.497593996,1.0856024702643985,0.20305147
346310.89383422345,4069680.5418344163,1.0951494158426414,0.19901824
346310.9167072571,4069680.5862951446,1.1044728339227943,0.19472286
346310.93916549266,4069680.630967307,1.1147614081824115,0.19017715
346310.9611607664,4069680.675869511,1.124522659075179,0.18535935
346310.98271781625,4069680.7209833963,1.1330122786359398,0.18027597
346311.00389399385,4069680.766276966,1.1411197867594365,0.17494523
346311.02470316744,4069680.811740294,1.148881833949624,0.16939100
346311.0451597533,4069680.857363612,1.156371868079767,0.16362116
346311.0652748686,4069680.9031389565,1.1653269980754495,0.15764232
346311.08497570787,4069680.949094099,1.1719008656264849,0.15141016
346311.1043796706,4069680.9951750287,1.1779864292316717,0.14499089
346311.123504017,4069681.0413726545,1.1836853686444033,0.13839979
346311.1423657763,4069681.0876782746,1.1891757137530476,0.13164757
346311.16097361606,4069681.1340867686,1.1954541070423992,0.12474011
346311.1792877804,4069681.1806119084,1.1997677314835717,0.11765310
346311.1974058491,4069681.227213606,1.2036244784328927,0.11044883
346311.21534518246,4069681.2738844217,1.2071125106983318,0.10313968
346311.23312256025,4069681.3206172753,1.2107543116082524,0.09573811
346311.2507292685,4069681.367414752,1.213693113081138,0.08824213
346311.2682000922,4069681.4142630864,1.2157183518918373,0.08067218
346311.28557825397,4069681.461145868,1.217384590250206,0.07306028
346311.3028791694,4069681.508057239,1.2187933324811648,0.06541940
346311.32011462323,4069681.554992717,1.2198357126810762,0.05776099
346311.33730204793,4069681.601945803,1.2201522789012074,0.05009770
346311.3544764023,4069681.6489036726,1.220168517366174,0.04245346
346311.3716507362,4069681.695861549,1.2199132895494236,0.03484321
346311.3888377255,4069681.7428147956,1.2188554388539308,0.02727916
346311.4060763576,4069681.789749107,1.2176367262850256,0.01978600
346311.4233725674,4069681.8366622115,1.2161888632430122,0.01237298
346311.4407372422,4069681.8835499985,1.2145097177240076,0.00505278
346311.45818120334,4069681.9304083735,1.2116114009920693,0.00216332
346311.475763908,4069681.977214874,1.208948738925853,0.00924126
346311.4934705758,4069682.0239745467,1.2062336314555357,0.01618244
346311.51130425057,4069682.070685886,1.2033310303615115,0.02297762
346311.5292739208,4069682.1173451543,1.1989285271946852,0.02961333
346311.5474525241,4069682.163923458,1.1949668219547307,0.03605438
346311.5658143849,4069682.210429678,1.1911758758455036,0.04230829
346311.5843519734,4069682.256866059,1.1872343233285327,0.04837421
346311.6030728627,4069682.3032289785,1.1816303511855213,0.05424430
346311.62205735076,4069682.3494846723,1.1764996288471727,0.05986973
346311.64127768617,4069682.395642647,1.1717912546865636,0.06526548
346311.66071407107,4069682.4417099473,1.1669690955278464,0.07043760
346311.6803727132,4069682.487683021,1.1605050187495287,0.07537991
346311.70033213485,4069682.5335264667,1.1543316211977985,0.08005170
346311.7205733861,4069682.579245909,1.1489017406988045,0.08445413
346311.7410607399,4069682.6248554294,1.143408631364999,0.08860310
346311.7617985452,4069682.6703518126,1.1365457152204683,0.09249716
346311.7828514622,4069682.7157034907,1.1294714376656922,0.09610300
346311.804225082,4069682.7609046497,1.1235632982266246,0.09940476
346311.82586252,4069682.8059798717,1.1176561736260235,0.10243538
346311.84776590293,4069682.85092662,1.1109122722892568,0.10518655
346311.86997401534,4069682.8957239385,1.1030926219721722,0.10764593
346311.8925341979,4069682.9403448077,1.0969796171624593,0.10978912
346311.9153625954,4069682.9848287236,1.0909442385974168,0.11165588
346311.9384589025,4069683.029174206,1.0848153975985868,0.11324560
346311.96182695933,4069683.0733775306,1.0764439179366172,0.11455008
346311.9855694244,4069683.117380863,1.0704006627929725,0.11551603
346312.0095718279,4069683.1612425325,1.0645145907248588,0.11618810
346312.03383161325,4069683.204962342,1.0586812969601387,0.11658465
346312.0583460281,4069683.2485402008,1.05136838306126,0.11670726
346312.08318191324,4069683.291935809,1.045017465998321,0.11652289
346312.10829058074,4069683.335173864,1.0394993510872195,0.11604572
346312.13363551087,4069683.3782737223,1.0341085939197092,0.11530273
346312.159212195,4069683.4212366166,1.0283078046370908,0.11428444
346312.18503870856,4069683.464050063,1.0217732953549856,0.11298614
346312.21114603453,4069683.50669275,1.0168145091012457,0.11140404
346312.237460875,4069683.5492074834,1.0120532052755233,0.10957600
346312.26397741557,4069683.5915967408,1.0074249884595192,0.10749464
346312.2906896555,4069683.6338631553,1.001813479828948,0.10517562
346312.3176408663,4069683.6759776687,0.9971846782761802,0.10257699
346312.3447844823,4069683.71796827,0.993184366829276,0.09974872
346312.37209444615,4069683.7598508187,0.989367176048184,0.09670629
346312.39956371736,4069683.801629134,0.9855996845899644,0.09345450
346312.42719014717,4069683.843303831,0.9811684319178127,0.08998097
346312.4550024205,4069683.8848547167,0.9780335017771202,0.08627230
346312.4829419436,4069683.926320051,0.9751358606287357,0.08238042
346312.51100098615,4069683.967704606,0.9724263038070228,0.07831144
346312.53917167714,4069684.0090132994,0.9696585718752848,0.07407146
346312.56745674025,4069684.050243812,0.9669824994421318,0.06965487
346312.59585182957,4069684.0913986075,0.9650452905733765,0.06505602
346312.62432498205,4069684.1324994103,0.9633299759636095,0.06031077
346312.6528681195,4069684.1735516535,0.9618123511616491,0.05542783
346312.68147310946,4069684.214560844,0.960352064793249,0.05041240
346312.71013783524,4069684.2555283126,0.959192370230891,0.04526777
346312.7388494016,4069684.2964629624,0.9584490273307759,0.04000721
346312.76759049145,4069684.3373768874,0.9579046542379898,0.03463432
346312.796353423,4069684.3782754643,0.9575475802357403,0.02914834
346312.82513055444,4069684.419164053,0.9573949335300135,0.02357241
346312.8539134873,4069684.4600485587,0.9575438798399412,0.01791044
346312.882689681,4069684.5009378074,0.9578902208660838,0.01216972
346312.9114512858,4069684.541837318,0.9584042558390187,0.00635495
346312.9401915001,4069684.5827518585,0.9590813203435417,0.00048171
346312.9689036549,4069684.6236860952,0.9600082683419148,0.00546524
346312.9975773171,4069684.6646473096,0.9613013357102477,0.01147815
346313.02619719814,4069684.705646116,0.9625574648182159,0.01754044
346313.0547656298,4069684.7466807747,0.9639360165997338,0.02363847
346313.08327719703,4069684.7877549552,0.9654416230040602,0.02977771
346313.11172661674,4069684.8288722085,0.9670747869049461,0.03595946
346313.1401085822,4069684.8700360763,0.9693761994162429,0.04218146
346313.1683942875,4069684.9112661486,0.971349992480894,0.04842259
346313.19659925404,4069684.952551461,0.973408202068123,0.05470246
346313.22471899336,4069684.9938948476,0.9755689956896177,0.06101300
346313.2527491094,4069685.0352990506,0.9778307748606493,0.06735256
346313.28068530123,4069685.0767667163,0.9806179619705471,0.07370228
346313.3085046682,4069685.118312869,0.9834105210693157,0.08005648
346313.33620787767,4069685.159936529,0.9860317758456502,0.08642613
346313.3638022422,4069685.2016323847,0.9887229997484219,0.09281606
346313.39128413546,4069685.2434024457,0.991493051999736,0.09922913
346313.4186500572,4069685.2852486055,0.99444325372015,0.10565125
346313.44589203654,4069685.3271756205,0.9980773189101788,0.11208763
346313.4729799525,4069685.3692023237,1.0011366517511635,0.11852365
346313.4999404095,4069685.411310835,1.0042275128305451,0.12496527
346313.5267705008,4069685.453502496,1.0073813145253678,0.13140079
346313.5534672594,4069685.4957786594,1.010601343661564,0.13785020
346313.58002762945,4069685.538140705,1.0143866472470566,0.14431332
346313.6064262132,4069685.5806038035,1.0182110921585072,0.15078311
346313.6326620929,4069685.623167563,1.0217333460035436,0.15724738
346313.6587485357,4069685.665823,1.0253252795351837,0.16372445
346313.68468142726,4069685.7085719393,1.0290092546023963,0.17021411
346313.7104564645,4069685.751416274,1.032790074046191,0.17671603
346313.73606915784,4069685.7943579596,1.0375690754628044,0.18321265
346313.76147408667,4069685.837422906,1.0417865746587263,0.18969476
346313.78669838957,4069685.880593783,1.0459552986290457,0.19618572
346313.8117425828,4069685.923869314,1.0502261912844781,0.20268770
346313.8366014837,4069685.967251534,1.0546086901522669,0.20919437
346313.8612697958,4069686.0107424743,1.0591688442200076,0.21570752
346313.88573918026,4069686.054345791,1.0648891865235264,0.22223897
346313.909956064,4069686.0980898375,1.0697437355817787,0.22875629
346313.93396223505,4069686.1419497095,1.0746742629367865,0.23528054
346313.9577516479,4069686.185927434,1.0797312349843695,0.24179772
346313.98131806584,4069686.230025047,1.084920625231213,0.24831585
346314.0046550559,4069686.2742445925,1.0903182182046998,0.25483750
346314.0277526193,4069686.3185898582,1.0970283813455348,0.26135865
346314.05054902064,4069686.363090676,1.102772644424838,0.26785123
346314.0730916055,4069686.4077203902,1.108612427346312,0.27432728
346314.0953729032,4069686.4524809956,1.1146051320454395,0.28079581
346314.11738519353,4069686.4973744773,1.1207580454345314,0.28726010
346314.1391205003,4069686.5424028076,1.127076018202489,0.29371713
346314.16057058563,4069686.5875679385,1.1347929921523388,0.30014999
346314.18166818,4069686.6328988494,1.141832867850544,0.30652888
346314.2024476569,4069686.678376214,1.1487784145988011,0.31287285
346314.22291092045,4069686.7239965345,1.1558983481046363,0.31918117
346314.2430484038,4069686.7697615097,1.163211373325894,0.32544829
346314.2628502265,4069686.8156727776,1.1707238835225697,0.33166706
346314.2823061824,4069686.8617319064,1.1790399425698204,0.33783285
346314.30137657025,4069686.9079522514,1.1881115013348136,0.34393097
346314.3200249906,4069686.954344299,1.1964109706369592,0.34994624
346314.3382895181,4069687.000888479,1.204888327607355,0.35589134
346314.35615831654,4069687.0475858073,1.213596887436701,0.36176007
346314.37361919216,4069687.09443715,1.222545068313828,0.36754718
346314.39065959526,4069687.141443205,1.2317388767840514,0.37325498
346314.40726662613,4069687.1886044824,1.2423177978356303,0.37886723
346314.4233704368,4069687.23594017,1.2528973247109443,0.38435808
346314.43897246633,4069687.2834432763,1.2629933490614835,0.38972781
346314.4540952063,4069687.3311007055,1.2733127490661844,0.39498466
346314.46872472286,4069687.3789115995,1.2838930640189194,0.40012038
346314.482846907,4069687.426874759,1.2947377127374549,0.40512874
346314.4964475101,4069687.4749886193,1.305847513493405,0.41000371
346314.5095121926,4069687.5232512206,1.3181742662806888,0.41473955
346314.52197796333,4069687.571672337,1.331010427418788,0.41932131
346314.53381980426,4069687.6202494777,1.343019369404774,0.42373653
346314.5450794403,4069687.668964285,1.3552147341498635,0.42799757
346314.55574360443,4069687.717812542,1.367642198607075,0.43210001
346314.5657992775,4069687.766789553,1.3864222902377046,0.43603977
346314.57523371035,4069687.8158901436,1.399710729363684,0.43981722
346314.58403446333,4069687.8651086516,1.4137254825626078,0.44342785
346314.5921894657,4069687.914438928,1.428226289582729,0.44686605
346314.5996037152,4069687.963886162,1.4421366315620612,0.45010638
346314.6063222376,4069688.0134321228,1.4559328572470656,0.45316224
346314.6123610826,4069688.0630649216,1.469884590455676,0.45603968
346314.61771062453,4069688.11277638,1.490803500424654,0.45874253
346314.6223615132,4069688.162557937,1.512553406896644,0.46126298
346314.6263046167,4069688.2124006622,1.5426627639100738,0.46360035
346314.6295309759,4069688.2622952596,1.5587007077100226,0.46575166
346314.6320317722,4069688.31223207,1.5741901372232376,0.46771554
346314.63377321645,4069688.3622017344,1.5897266280486033,0.46948906
346314.6346914391,4069688.412193096,1.6051626954133584,0.47105682
346314.6348582484,4069688.462191869,1.6207409360337697,0.47243416
346314.63426546915,4069688.512186869,1.6364680106577942,0.47361987
346314.63290512504,4069688.562166542,1.6525089534619035,0.47461275
346314.63076952775,4069688.6121189697,1.668824097967639,0.47541153
346314.6278513975,4069688.6620318815,1.6852653401507984,0.47602335
346314.6241440182,4069688.7118926756,1.701812597191582,0.47644027
346314.6196413754,4069688.7616884527,1.7184505280687308,0.47665983
346314.6143381833,4069688.8114060475,1.73516187698302,0.47668069
346314.6081761039,4069688.8610248826,1.751755300311719,0.47648833
346314.60116412543,4069688.9105302924,1.7682396348477782,0.47608482
346314.593342265,4069688.9599135225,1.7847283893905472,0.47548883
346314.5847092373,4069689.009160916,1.8012032264552602,0.47468906
346314.5752649935,4069689.058258876,1.8176370589333497,0.47368405
346314.5650108844,4069689.10719397,1.8341122316211236,0.47247240
346314.5539496893,4069689.1559530147,1.8506276349828852,0.47105279
346314.5420856307,4069689.2045231643,1.8670128656181582,0.46942467
346314.5294244448,4069689.252892015,1.88323472532901,0.46759827
346314.5159735096,4069689.301047734,1.8992694930906269,0.46556149
346314.5017419888,4069689.3489792026,1.915097198090697,0.46331377
346314.4867072867,4069689.396665235,1.9305901298106471,0.46084579
346314.4708754154,4069689.444092259,1.945706423940111,0.45815541
346314.45430290274,4069689.4912650087,1.960576290272532,0.45525435
346314.4370035661,4069689.53817568,1.9751958144597381,0.45215519
346314.41899187537,4069689.584817218,1.989555116699611,0.44884956
346314.4002829006,4069689.6311833346,2.0036444668509774,0.44533599
346314.3808922034,4069689.6772685004,2.0174540521240636,0.44161565
346314.3608357386,4069689.7230679328,2.0309741273564814,0.43768997
346314.3401297877,4069689.768577589,2.044330879085495,0.43356073
346314.3187909266,4069689.813794172,2.0573735602426457,0.42923617
346314.2968360273,4069689.8587151486,2.0700864737667852,0.42472421
346314.2742822952,4069689.903338788,2.0824619605560177,0.42001744
346314.2511473188,4069689.9476642055,2.0944940002297443,0.41511940
346314.2274489298,4069689.9916913137,2.1061776673616306,0.41003412
346314.2031677542,4069690.035399717,2.1173732682094517,0.40475304
346314.1783631899,4069690.0788129386,2.1282194067311226,0.39929518
346314.1530532437,4069690.1219332633,2.1387212535136295,0.39367822
346314.1272557988,4069690.164763571,2.148877953855132,0.38790505
346314.10098869033,4069690.2073073736,2.1586894726187436,0.38197451
346314.07426964695,4069690.249568768,2.1681569033446695,0.37589363
346314.0471162346,4069690.2915523914,2.1772824313762587,0.36966991
346314.0195458024,4069690.3332633697,2.1860692666166814,0.36331128
346313.99157543265,4069690.374707266,2.1945215652413683,0.35682604
346313.96322189627,4069690.415890029,2.202644344666723,0.35023320
346313.9345016115,4069690.456817939,2.2104433927259515,0.34354398
346313.9054306088,4069690.497497556,2.21792516997672,0.33675565
346313.8760245008,4069690.537935673,2.2250967245518227,0.32987745
346313.8462984585,4069690.578139265,2.2319655957737803,0.32291873
346313.8162671912,4069690.6181154465,2.23853973313389,0.31588898
346313.7859449317,4069690.657871428,2.2448329600013994,0.30879771
346313.7553454259,4069690.6974144764,2.250870131258594,0.30165447
346313.7244819271,4069690.736751881,2.256635863975006,0.29448650
346313.6933671928,4069690.7758909194,2.26213807383692,0.28729124
346313.6620134861,4069690.8148388295,2.267385875009051,0.28007232
346313.6304325784,4069690.8536027824,2.272388424523301,0.27283877
346313.5986344073,4069690.8921887423,2.277149271468734,0.26559883
346313.5666259135,4069690.930600405,2.2816610848051746,0.25835924
346313.5344235088,4069690.9688496212,2.2859568206432987,0.25113168
346313.50203699333,4069691.0069430526,2.290046091772523,0.24392457
346313.4694757312,4069691.0448872093,2.293937189679536,0.23675151
346313.43674866227,4069691.0826884406,2.2976381595133257,0.22963235
346313.4038643176,4069691.120352928,2.301156850500965,0.22255787
346313.3708308319,4069691.1578866784,2.304500898508686,0.21553571
346313.3376559588,4069691.195295519,2.307677708915272,0.20857324
346313.3043470841,4069691.232585097,2.3106944584000173,0.20167759
346313.2709112416,4069691.269760874,2.31355807777832,0.19485562
346313.2373551273,4069691.30682813,2.3162752585759234,0.18811385
346313.20368511335,4069691.343791961,2.3188524454961312,0.18145849
346313.1699072629,4069691.380657281,2.3212958301502145,0.17489539
346313.136027344,4069691.4174288255,2.3236113665527176,0.16844176
346313.10205084307,4069691.454111153,2.3258047573570777,0.16210017
346313.06798297813,4069691.490708649,2.3278814672168666,0.15586625
346313.0338287124,4069691.527225531,2.329846721670193,0.14974442
346312.9995927661,4069691.56366585,2.3317055104264988,0.14373873
346312.965279629,4069691.6000334984,2.333462595245702,0.13785281
346312.93089357193,4069691.636332212,2.3351225116353054,0.13208993
346312.89643865847,4069691.672565577,2.3366895762822257,0.12645293
346312.86191875517,4069691.708737035,2.3381678926920157,0.12094423
346312.82733754255,4069691.7448498867,2.3395613568194014,0.11556582
346312.7926985251,4069691.7809073,2.340873662844415,0.11031916
346312.7580050414,4069691.8169123125,2.3421083118736954,0.10521292
346312.7232602723,4069691.85286784,2.3432686161406027,0.10024927
346312.6884672506,4069691.888776679,2.344357701044805,0.09541865
346312.6536288692,4069691.9246415147,2.3453785196911396,0.09072109
346312.61874788976,4069691.9604649236,2.3463338530640803,0.08615634
346312.5838269495,4069691.9962493815,2.347226315944727,0.08172392
346312.5488685696,4069692.031997266,2.3480583597244653,0.07742314
346312.51387516176,4069692.067710864,2.348832285367018,0.07325308
346312.4788490358,4069692.103392375,2.349550243875653,0.06921268
346312.4437924051,4069692.139043917,2.3502142374599577,0.06530068
346312.4087073932,4069692.1746675298,2.3508269233736643,0.06151563
346312.3735960407,4069692.2102651815,2.351389743987074,0.05785593
346312.3384603106,4069692.245838773,2.3519035210772805,0.05431975
346312.30330209294,4069692.28139014,2.352369705299317,0.05090511
346312.2681232118,4069692.31692106,2.352789670714039,0.04761932
346312.2329254289,4069692.3524332563,2.35316467160154,0.04444984
346312.19771027204,4069692.3879282237,2.3534950547729525,0.04139417
346312.16247946734,4069692.42340766,2.353782140581067,0.03844990
346312.1272347919,4069692.458873317,2.3540276391130086,0.03561460
346312.0919778035,4069692.494326734,2.3542323993475236,0.03288570
346312.0567100209,4069692.5297694127,2.3543971390722924,0.03026053
346312.0214329278,4069692.565202825,2.3545224845160098,0.02773639
346311.9861479775,4069692.600628413,2.3546089761165914,0.02531054
346311.95085659553,4069692.6360475933,2.3546570732438665,0.02298026
346311.9155601828,4069692.6714617605,2.3546671586052437,0.02074280
346311.8802601198,4069692.7068722895,2.3546395445960515,0.01859547
346311.8449577688,4069692.7422805373,2.3545744763553365,0.01653558
346311.80965447763,4069692.7776878476,2.354472143774425,0.01456049
346311.7743515825,4069692.813095553,2.354332687444849,0.01266763
346311.73905040993,4069692.8485049754,2.3541562022109446,0.01085448
346311.7037522794,4069692.8839174304,2.3539427485511073,0.00911859
346311.66845850553,4069692.9193342277,2.3536923630517688,0.00745759
346311.6331703999,4069692.9547566725,2.3534050671382847,0.00586919
346311.5978892723,4069692.9901860673,2.353080881843363,0.00435119
346311.5626164322,4069693.0256237127,2.3527198420914623,0.00290148
346311.5273531896,4069693.0610709083,2.352322012664778,0.00151842
346311.49210085586,4069693.0965289525,2.3518875106189294,0.00020122
346311.4568607432,4069693.1319991425,2.351416522057199,0.00105370
346311.4216341645,4069693.1674827733,2.3509093356459476,0.00224806
346311.386422432,4069693.2029811363,2.350366362170354,0.00338348
346311.3512268552,4069693.2384955166,2.349788172653337,0.00446150
346311.3160487382,4069693.2740271916,2.3491755386834896,0.00548357
346311.2808893764,4069693.3095774245,2.3485294739377416,0.00645106
346311.2457500512,4069693.345147463,2.3478512848705937,0.00736526
346311.2106320243,4069693.3807385284,2.347142628548849,0.00822740
346311.17553653015,4069693.4163518124,2.3464055827851813,0.00903863
346311.1404647664,4069693.451988466,2.345642722888514,0.00980004
346311.1054178831,4069693.487649589,2.344857203949828,0.01051270
346311.0703969693,4069693.5233362145,2.3440528694824168,0.01117762
346311.0354030374,4069693.5590492985,2.343234253378646,0.01179579
346311.00043700327,4069693.594789697,2.3424063261834114,0.01236820
346310.9654996648,4069693.6305581466,2.341574250892686,0.01289583
346310.9305916751,4069693.666355239,2.3407431161704007,0.01337971
346310.89571351226,4069693.702181394,2.33991770364872,0.01382089
346310.86086544284,4069693.7380368216,2.339102208783974,0.01422051
346310.82604750607,4069693.7739215107,2.338300086898211,0.01457979
346310.79125955066,4069693.809835266,2.3375141466368468,0.01490001
346310.7565012659,4069693.845777738,2.33674662889986,0.01518249
346310.7217722113,4069693.8817484546,2.3359992981244564,0.01542860
346310.6870718377,4069693.917746841,2.335273493204948,0.01563971
346310.6523995106,4069693.9537722412,2.334570205155434,0.01581719
346310.6177545264,4069693.9898239383,2.3338901191399155,0.01596243
346310.58313612815,4069694.0259011653,2.3332336609792543,0.01607681
346310.5485435191,4069694.0620031212,2.33260103819776,0.01616167
346310.51397587406,4069694.098128981,2.3319922789759446,0.01621835
346310.4794323492,4069694.134277906,2.3314072552589864,0.01624817
346310.44491208956,4069694.1704490483,2.330845711977251,0.01625241
346310.41041423695,4069694.2066415623,2.330307291537579,0.01623233
346310.37593793496,4069694.242854606,2.329791550278545,0.01618914
346310.3414823347,4069694.2790873474,2.329297975244528,0.01612405
346310.30704659777,4069694.3153389674,2.328825994802095,0.01603821
346310.2726299008,4069694.3516086647,2.3283746328320434,0.01593274
346310.2382314372,4069694.387895655,2.3279433006035526,0.01580875
346310.20385041944,4069694.4241991756,2.327531707290385,0.01566728
346310.1694860813,4069694.460518485,2.3271391877391356,0.01550936
346310.13513767876,4069694.496852866,2.326765056652575,0.01533600
346310.1008044918,4069694.5332016246,2.3264086242299657,0.01514809
346310.0664859084,4069694.569564172,2.326069574179889,0.01494654
346310.03218124004,4069694.605939847,2.3257471714484224,0.01473233
346309.997889754,4069694.642327949,2.325440375255253,0.01450637
346309.9636108278,4069694.6787278834,2.3251485151456928,0.01426951
346309.9293438634,4069694.7151390784,2.3248709506154954,0.01402258
346309.89508828643,4069694.7515609874,2.3246070572608373,0.01376638
346309.8608435467,4069694.7879930856,2.3243562311881867,0.01350169
346309.8266091167,4069694.824434872,2.3241178847310766,0.01322925
346309.7923844914,4069694.8608858665,2.323891446570275,0.01294981
346309.7581691881,4069694.8973456114,2.323676369941977,0.01266408
346309.7239627453,4069694.9338136693,2.323472121215119,0.01237276
346309.6897647228,4069694.970289624,2.3232781957881645,0.01207654
346309.6555746999,4069695.0067730765,2.323094096838444,0.01177608
346309.62139227573,4069695.0432636486,2.322919357782347,0.01147203
346309.587217068,4069695.07976098,2.3227535279384997,0.01116504
346309.5530487122,4069695.116264725,2.3225961704012787,0.01085574
346309.5188868612,4069695.152774559,2.3224468746984606,0.01054474
346309.48473118484,4069695.189290168,2.3223052405673954,0.01023266
346309.45058136876,4069695.225811259,2.3221708929861564,0.00992009
346309.41643711325,4069695.262337548,2.3220434681546935,0.00960761
346309.3822981338,4069695.298868769,2.3219226193028883,0.00929582
346309.3481641601,4069695.3354046666,2.3218080167184736,0.00898528
346309.3140349347,4069695.371945,2.3216993467338227,0.00867655
346309.27991021314,4069695.4084895393,2.3215963087910447,0.00837020
346309.2457897632,4069695.445038067,2.3214986187180173,0.00806676
346309.21167336387,4069695.4815903762,2.3214060036552016,0.00776676
346309.177560806,4069695.5181462704,2.32131820750529,0.00747074
346309.14345189073,4069695.5547055635,2.321234984496662,0.00717919
346309.10934642906,4069695.591268078,2.321156097711087,0.00689262
346309.0752442418,4069695.6278336467,2.321081327604438,0.00661150
346309.04114515864,4069695.66440211,2.321010460894213,0.00633628
346309.00704901764,4069695.700973317,2.320943295093537,0.00606739
346308.9729556658,4069695.737547124,2.320879640355351,0.00580524
346308.9388649575,4069695.774123395,2.320819315469976,0.00555019
346308.9047767551,4069695.8107020017,2.3207621505458573,0.00530257
346308.87069092784,4069695.8472828213,2.3207079807081623,0.00506264
346308.83660735155,4069695.8838657383,2.320656651335979,0.00483063
346308.80252590845,4069695.920450643,2.3206080162523754,0.00460667
346308.7684464871,4069695.9570374307,2.3205619308693968,0.00439084
346308.73436898127,4069695.9936260027,2.320518263695693,0.00418315
346308.70029329066,4069696.030216265,2.320476888481102,0.00398356
346308.6662193199,4069696.066808129,2.3204376845455092,0.00379197
346308.6321469789,4069696.103401511,2.3204005408282633,0.00360826
346308.59807618236,4069696.1399963303,2.3203653481734454,0.00343229
346308.56400684937,4069696.1765925125,2.320332006112104,0.00326388
346308.5299389031,4069696.2131899856,2.3203004163033976,0.00310283
346308.4958722706,4069696.2497886815,2.3202704885045082,0.00294894
346308.4618068829,4069696.2863885364,2.320242137315376,0.00280198
346308.4277426743,4069696.3229894885,2.320215275239163,0.00266174
346308.39367958304,4069696.3595914803,2.320189826758725,0.00252798
346308.35961755057,4069696.3961944575,2.3201657199843804,0.00240047
346308.32555652125,4069696.4327983684,2.32014288241342,0.00227898
346308.291496442,4069696.469403163,2.3201212499683055,0.00216327
346308.2574372627,4069696.506008795,2.320100758063462,0.00205311
346308.2233789363,4069696.542615221,2.3200813471254893,0.00194827
346308.18932141777,4069696.5792223983,2.3200629623291937,0.00184854
346308.15526466456,4069696.6158302873,2.3200455465539234,0.00175369
346308.12120863644,4069696.6524388515,2.3200290505394454,0.00166351
346308.0871532947,4069696.6890480537,2.320013423080301,0.00157780
346308.05309860315,4069696.7256578607,2.3199986188559722,0.00149635
346308.0190445278,4069696.7622682415,2.3199845980719975,0.00141899
346307.98499103595,4069696.7988791643,2.319971315859436,0.00134553
346307.95093809685,4069696.8354906016,2.3199587348003723,0.00127577
346307.9168856816,4069696.8721025265,2.3199468191990578,0.00120953
346307.8828337626,4069696.9087149124,2.319935533057091,0.00114664
346307.8487823134,4069696.9453277355,2.319924842234467,0.00108694
346307.81473130925,4069696.981940972,2.319914716911477,0.00103028
346307.78068072646,4069697.018554601,2.319905125146713,0.00097651
346307.7466305429,4069697.055168601,2.3198960422082746,0.00092549
346307.71258073783,4069697.091782953,2.319887440037299,0.00087708
346307.67853129096,4069697.128397638,2.319879294905883,0.00000000
346307.6444821833,4069697.165012639,2.319871584711744,0.00000000
346307.6104333971,4069697.201627938,2.319864283957247,0.00000000
346307.5763849153,4069697.2382435207,2.31985737259489,0.00000000
346307.5423367213,4069697.274859371,2.3198508264281466,0.00000000
346307.5082888004,4069697.3114754753,2.3198446265709585,0.00000000
346307.4742411376,4069697.3480918193,2.3198387529771485,0.00000000
346307.44019371906,4069697.3847083906,2.3198331861582626,0.00000000
346307.4061465318,4069697.421325177,2.3198279114209037,0.00000000
346307.3720995639,4069697.4579421673,2.319822912438223,0.00000000
346307.33805280406,4069697.494559351,2.319818179712028,0.00000000
346307.3040062412,4069697.531176718,2.3198136981793187,0.00000000
346307.26995986514,4069697.5677942582,2.3198094552578374,0.00000000
346307.2359136661,4069697.6044119634,2.319805440362531,0.00000000
346307.20186763443,4069697.641029824,2.3198016408650584,0.00000000
346307.16782176145,4069697.677647833,2.319798047317103,0.00000000
346307.13377603836,4069697.7142659803,2.3197946472230475,0.00000000
346307.0997304573,4069697.75088426,2.3197914312171024,0.00000000
346307.0656850106,4069697.7875026646,2.3197883902840526,0.00000000
346307.031639691,4069697.8241211874,2.3197855157720904,0.00000000
346306.9975944915,4069697.860739822,2.319782794879563,0.00000000
346306.963549406,4069697.8973585623,2.319780224207406,0.00000000
346306.9295044277,4069697.9339774023,2.3197777921615788,0.00000000
346306.8954595509,4069697.970596337,2.319775493378456,0.00000000
346306.86141477025,4069698.007215361,2.31977332295778,0.00000000
346306.82737008034,4069698.0438344693,2.3197712744025183,0.00000000
346306.79332547693,4069698.080453658,2.319769347311878,0.00000000
346306.75928095455,4069698.1170729217,2.3197675264196724,0.00000000
346306.7252365089,4069698.153692257,2.319765810675704,0.00000000
346306.69119213574,4069698.19031166,2.319764193581392,0.00000000
346306.6571478305,4069698.226931126,2.319762669833807,0.00000000
346306.6231035892,4069698.2635506513,2.3197612321817536,0.00000000
346306.58905940806,4069698.300170232,2.3197598790476928,0.00000000
346306.5550152842,4069698.336789867,2.319758609871786,0.00000000
346306.5209712144,4069698.3734095516,2.3197574165769437,0.00000000
346306.48692719545,4069698.4100292837,2.3197563000923602,0.00000000
346306.45288322406,4069698.4466490597,2.3197552547524682,0.00000000
346306.4188392975,4069698.483268878,2.3197542786540035,0.00000000
346306.3847954125,4069698.5198887344,2.3197533637117496,0.00000000
346306.3507515669,4069698.5565086273,2.3197525095214484,0.00000000
346306.31670775823,4069698.593128555,2.319751716450926,0.00000000
346306.2826639837,4069698.6297485144,2.3197509777435164,0.00000000
346306.2486202411,4069698.666368503,2.319750292850407,0.00000000
346306.21457652847,4069698.70298852,2.3197496597361345,0.00000000
346306.18053284375,4069698.7396085626,2.31974907963195,0.00000000
346306.1464891848,4069698.7762286295,2.319748549916398,0.00000000
346306.1124455499,4069698.8128487184,2.319748069049396,0.00000000
346306.078401937,4069698.849468828,2.3197476386919607,0.00000000
346306.04435834434,4069698.886088956,2.3197472546411078,0.00000000
346306.01031477,4069698.922709102,2.319746916129711,0.00000000
346305.9762712122,4069698.9593292624,2.3197466203773893,0.00000000
346305.9422276692,4069698.995949437,2.3197463673041328,0.00000000
346305.9081841393,4069699.0325696236,2.3197461540879276,0.00000000
346305.8741406206,4069699.0691898204,2.319745980646681,0.00000000
346305.84009711153,4069699.1058100266,2.319746174351167,0.00000000
346305.8060536112,4069699.1424302408,2.319746003309901,0.00000000
346305.7720101178,4069699.1790504614,2.3197458523534533,0.00000000
346305.7379666299,4069699.215670687,2.319745731459315,0.00000000
346305.70392314624,4069699.252290917,2.3197456640584724,0.00000000
346305.66987966525,4069699.288911149,2.3197456640584724,0.00000000
