346313.7288168286,4069691.058511736,2.370993350281558,0.00000000
346313.692942145,4069691.093339987,2.3709930885473622,0.00000000
346313.65706746466,4069691.1281682416,2.3709927428000688,0.00000000
346313.6211927901,4069691.162996502,2.370992320898581,0.00000000
346313.5853181235,4069691.1978247706,2.3709918190655186,0.00000000
346313.5494434675,4069691.23265305,2.370991235283639,0.00000000
346313.5135688252,4069691.267481344,2.3709905703816943,0.00000000
346313.47769419936,4069691.302309654,2.370989822285104,0.00000000
346313.44181959215,4069691.337137984,2.370988987264246,0.00000000
346313.4059450065,4069691.3719663364,2.370988064203025,0.00000000
346313.37007044564,4069691.406794714,2.3709870522752707,0.00000000
346313.33419591247,4069691.44162312,2.370985948455747,0.00000000
346313.29832141014,4069691.4764515576,2.3709847475908066,0.00000000
346313.26244694146,4069691.51128003,2.3709834479128724,0.00000000
346313.22657250974,4069691.5461085406,2.370982041475654,0.00000000
346313.1906981179,4069691.5809370927,2.37098052871388,0.00000000
346313.1548237694,4069691.615765689,2.370978899546989,0.00000000
346313.11894946813,4069691.6505943337,2.3709771502302344,0.00000000
346313.08307521755,4069691.685423031,2.370975278008457,0.00000000
346313.04720102163,4069691.720251784,2.370973273956411,0.00000000
346313.01132688485,4069691.755080599,2.370971138588249,0.00000000
346312.9754528107,4069691.7899094773,2.3709688580731,0.00000000
346312.9395788039,4069691.8247384257,2.370966431365041,0.00000000
346312.90370486927,4069691.8595674485,2.3709638531834574,0.00000000
346312.8678310115,4069691.89439655,2.3709611124225116,0.00000000
346312.8319572356,4069691.9292257363,2.3709582026874134,0.00000000
346312.7960835466,4069691.964055012,2.3709551137461937,0.00000000
346312.76020995044,4069691.998884383,2.3709518375169956,0.00000000
346312.7243364525,4069692.0337138553,2.3709483615983458,0.00000000
346312.6884630585,4069692.0685434346,2.3709446751035186,0.00000000
346312.65258977516,4069692.103373128,2.3709407670315925,0.00000000
346312.6167166092,4069692.1382029424,2.3709366291646203,0.00000000
346312.5808435678,4069692.173032885,2.3709322480363673,0.00000000
346312.5449706583,4069692.2078629634,2.370927611392081,0.00000000
346312.5090978887,4069692.2426931863,2.3709227036069365,0.00000000
346312.4732252675,4069692.2775235614,2.370917513345473,0.00000000
346312.4373528032,4069692.3123540985,2.3709120265026953,0.00000000
346312.4014805046,4069692.347184806,2.370906225019311,0.00000000
346312.3656083814,4069692.3820156944,2.370900089739497,0.00000000
346312.3297364439,4069692.4168467736,2.3708936028957392,0.00000000
346312.2938647029,4069692.451678056,2.370886748489874,0.00000000
346312.2579931694,4069692.4865095513,2.3708795036840167,0.00000000
346312.2221218552,4069692.5213412726,2.370871848056138,0.00000000
346312.18625077256,4069692.5561732324,2.370863754217829,0.00000000
346312.15037993516,4069692.591005445,2.370855202736415,0.00000000
346312.1145093571,4069692.6258379244,2.3708461657287576,0.00000000
346312.0786390527,4069692.660670686,2.370836619438639,0.00000000
346312.0427690376,4069692.695503745,2.3708265308259873,0.00000000
346312.00689932803,4069692.7303371187,2.3708158723178983,0.00000000
346311.9710299416,4069692.7651708256,2.3708046149148605,0.00000000
346311.9351608967,4069692.8000048837,2.3707927240305655,0.00000000
346311.89929221245,4069692.8348393138,2.370780166945454,0.00000000
346311.86342390906,4069692.8696741355,2.3707669031454297,0.00000000
346311.8275560084,4069692.904509372,2.3707528963431286,0.00000000
346311.79168853274,4069692.939345046,2.3707381027335725,0.00000000
346311.7558215059,4069692.974181182,2.3707224799945865,0.00000000
346311.71995495324,4069693.0090178065,2.370705982478315,0.00000000
346311.68408890115,4069693.0438549463,2.3706885593994222,0.00000000
346311.6482233779,4069693.0786926304,2.3706701602596914,0.00000000
346311.6123584132,4069693.1135308896,2.370650731175501,0.00000000
346311.5764940382,4069693.148369756,2.370630215495023,0.00161245
346311.540630286,4069693.1832092637,2.370608551456901,0.00170200
346311.5047671914,4069693.218049448,2.3705856750876384,0.00179642
346311.46890479146,4069693.2528903475,2.370561519734194,0.00189598
346311.433043125,4069693.287732002,2.3705360149229366,0.00200095
346311.39718223317,4069693.3225744534,2.3705090847912635,0.00211161
346311.36132215906,4069693.3574177464,2.370480646921765,0.00222826
346311.3254629485,4069693.3922619284,2.3704506216431067,0.00235121
346311.2896046496,4069693.4271070487,2.370418918648997,0.00248079
346311.2537473137,4069693.46195316,2.3703854450460833,0.00261734
346311.21789099433,4069693.496800317,2.37035010104222,0.00276120
346311.18203574856,4069693.5316485786,2.370312785314461,0.00291274
346311.1461816365,4069693.566498007,2.3702733894662598,0.00307236
346311.11032872135,4069693.6013486665,2.3702317920195646,0.00324044
346311.07447706984,4069693.636200626,2.370187872758548,0.00341740
346311.0386267527,4069693.671053958,2.3701415031310473,0.00360374
346311.0027778445,4069693.7059087395,2.370092546884598,0.00379987
346310.96693042346,4069693.7407650505,2.370040858655386,0.00400622
346310.93108457304,4069693.7756229765,2.3699862888391077,0.00422326
346310.89524038124,4069693.810482608,2.369928679664222,0.00445147
346310.8593979406,4069693.84534404,2.369867860953848,0.00469136
346310.8235573487,4069693.880207373,2.3698036550410024,0.00494342
346310.7877187087,4069693.915072712,2.3697358728868987,0.00520817
346310.75188212947,4069693.9499401697,2.3696643155432224,0.00548614
346310.71604772593,4069693.984809863,2.3695887711271246,0.00577784
346310.6802156192,4069694.0196819166,2.3695090203952662,0.00608380
346310.64438593754,4069694.054556462,2.369424830810866,0.00640454
346310.60855881625,4069694.0894336374,2.3693359555771956,0.00674057
346310.57273439807,4069694.1243135897,2.369242139054697,0.00709239
346310.5369128341,4069694.1591964727,2.369143108268814,0.00746048
346310.5010942833,4069694.19408245,2.3690385781059335,0.00784529
346310.46527891344,4069694.228971693,2.3689282421962012,0.00824723
346310.4294669019,4069694.263864383,2.368811782707652,0.00866666
346310.3936584354,4069694.2987607117,2.3686888644503417,0.00910390
346310.35785371135,4069694.3336608796,2.368559130718402,0.00955917
346310.32205293793,4069694.3685651002,2.3684222074860712,0.01003264
346310.2862563348,4069694.4034735975,2.368277700141349,0.01052432
346310.25046413403,4069694.438386609,2.3681251964110874,0.01103414
346310.2146765801,4069694.4733043835,2.367964259530692,0.01156189
346310.17889393115,4069694.5082271844,2.3677944307616983,0.01210726
346310.14311645954,4069694.5431552893,2.3676152264511363,0.01266988
346310.1073444529,4069694.578088991,2.367426137963827,0.01324931
346310.07157821395,4069694.613028598,2.367226633166934,0.01384505
346310.0358180626,4069694.6479744357,2.367016149919268,0.01445658
346310.00006433605,4069694.682926846,2.366794096543962,0.01508332
346309.9643173893,4069694.717886191,2.366559852176255,0.01572470
346309.92857759754,4069694.75285285,2.3663127665829933,0.01638012
346309.89284535625,4069694.7878272254,2.3660521549726923,0.01704895
346309.85712108185,4069694.822809738,2.3657772978227816,0.01773060
346309.8214052137,4069694.857800833,2.3654874405452313,0.01842443
346309.78569821443,4069694.8928009784,2.3651817946077904,0.01912983
346309.7500005719,4069694.927810667,2.364859534211445,0.01984618
346309.7143128,4069694.9628304173,2.364519788778932,0.02057288
346309.67863544065,4069694.9978607753,2.364161655421603,0.02130932
346309.64296906366,4069695.0329023153,2.3637841879480033,0.02205491
346309.60731427005,4069695.067955641,2.363386396908936,0.02280906
346309.5716716916,4069695.1030213875,2.3629672497918164,0.02357120
346309.53604199365,4069695.138100221,2.362525670333147,0.02434077
346309.5004258765,4069695.1731928433,2.3620605425758687,0.02511720
346309.4648240765,4069695.2082999907,2.36157070409434,0.02589997
346309.4292373679,4069695.243422435,2.3610549459506114,0.02668852
346309.3936665648,4069695.278560988,2.3605120171135043,0.02748235
346309.35811252246,4069695.3137165,2.3599406241516556,0.02828094
346309.32257613895,4069695.348889862,2.3593394317342615,0.02908379
346309.28705835756,4069695.384082008,2.3587070604152074,0.02989040
346309.2515601671,4069695.4192939154,2.358042095913593,0.03070030
346309.21608260536,4069695.4545266065,2.357343087733745,0.03151301
346309.1806267597,4069695.4897811515,2.3566085574189097,0.03232808
346309.1451937688,4069695.525058667,2.3558369984238685,0.03314503
346309.10978482425,4069695.5603603185,2.3550259241052256,0.03396344
346309.074401173,4069695.595687322,2.3541741467418094,0.03478287
346309.03904411633,4069695.631040943,2.353280551330549,0.03560288
346309.00371501385,4069695.6664224984,2.352343619263042,0.03642307
346308.96841528226,4069695.701833357,2.3513618307881248,0.03724302
346308.93314639665,4069695.7372749387,2.3503337102483353,0.03806235
346308.89791010664,4069695.772748927,2.3492587936048173,0.03888052
346308.8627079172,4069695.808256755,2.348135387882474,0.03969748
346308.82754138834,4069695.8437999007,2.346961830642969,0.04051307
346308.7924122308,4069695.8793799826,2.345737008047861,0.04132662
346308.7573222112,4069695.9149986636,2.344459998804379,0.04213782
346308.7222731474,4069695.9506576452,2.3431300850136987,0.04294639
346308.6872669069,4069695.986358667,2.3417468094886824,0.04375205
346308.6523054023,4069696.022103498,2.340310031347863,0.04455458
346308.6173905833,4069696.0578939314,2.338819975895661,0.04535378
346308.58252442995,4069696.0937317745,2.337277313654679,0.04614950
346308.54770894384,4069696.1296188403,2.3356832409709387,0.04694164
346308.5129461361,4069696.165556935,2.334039573146868,0.04773014
346308.4782380134,4069696.2015478453,2.332348856878812,0.04851503
346308.4435865608,4069696.2375933183,2.3306144880033743,0.04929642
346308.408993722,4069696.2736950456,2.328840856485224,0.05007448
346308.3744613761,4069696.3098546388,2.3270335109326665,0.05084952
346308.339991309,4069696.3460736037,2.32519933627794,0.05162195
346308.30558518006,4069696.382353311,2.3233462312042517,0.05239235
346308.27124448394,4069696.418694958,2.32148262780824,0.05316144
346308.23697050405,4069696.455099531,2.319617022979512,0.05393015
346308.20276426047,4069696.491567756,2.3177575144465026,0.05469962
346308.16862644785,4069696.528100046,2.315911328316474,0.05547127
346308.13455736544,4069696.564696439,2.31408433776249,0.05624680
346308.1005569584,4069696.601356644,2.3122810991753973,0.05702817
346308.06662488397,4069696.638080105,2.3105050219265135,0.05781761
346308.0327605677,4069696.6748660584,2.3087585308684426,0.05861749
346307.9989632534,4069696.7117135795,2.3070432058490304,0.05943052
346307.96523204545,4069696.7486216254,2.305359897192548,0.06026275
346307.93156594597,4069696.785589071,2.303708838669115,0.06111388
346307.8979638864,4069696.822614736,2.3020897261798576,0.06198678
346307.8644247549,4069696.8596974136,2.3005018059832363,0.06288439
346307.83094742114,4069696.896835891,2.2989439320414795,0.06380968
346307.7975307561,4069696.934028967,2.2974146294773043,0.06476561
346307.7641736502,4069696.971275469,2.2959121429221607,0.06575517
346307.73087502806,4069697.0085742655,2.294434475782664,0.06678129
346307.6976338621,4069697.045924278,2.2929794254514935,0.06784689
346307.6644491837,4069697.0833244873,2.2915446066383693,0.06895483
346307.6313200929,4069697.120773946,2.290127488869901,0.07010787
346307.59824576665,4069697.1582717802,2.2887254071483025,0.07130872
346307.5652254662,4069697.1958171986,2.2873355849193087,0.07255998
346307.5322585435,4069697.2334094946,2.285955139464641,0.07386815
346307.499344447,4069697.271048052,2.2845811026421154,0.07523769
346307.4664827271,4069697.3087323476,2.2832104280982337,0.07666564
346307.4336730396,4069697.346461954,2.281839991874192,0.07815404
346307.40091514954,4069697.3842365416,2.280466599582871,0.07970480
346307.3682089348,4069697.42205588,2.2790869933271907,0.08131958
346307.3355543907,4069697.4599198424,2.2776978527112965,0.08299988
346307.30295163183,4069697.497828404,2.276295789727811,0.08474699
346307.2704008959,4069697.535781645,2.27487736096008,0.08656200
346307.23790254636,4069697.5737797534,2.273439056533299,0.08844684
346307.20545707515,4069697.6118230238,2.271977301057953,0.09041584
346307.1730651057,4069697.6499118586,2.270488450239439,0.09245572
346307.1407273963,4069697.6880467716,2.2689687936650924,0.09456673
346307.108444843,4069697.7262283885,2.267414555918126,0.09674890
346307.07621848193,4069697.7644574456,2.265821874044548,0.09900210
346307.04404949397,4069697.8027347946,2.2641833689183253,0.10132596
346307.01193920814,4069697.841061402,2.262492784196755,0.10371997
346306.9798891041,4069697.8794383514,2.2607505521386857,0.10619206
346306.9479008166,4069697.9178668433,2.258952615021401,0.10874314
346306.91597613844,4069697.956348197,2.2570945987364386,0.11136186
346306.8841170268,4069697.9948838544,2.255172030804494,0.11404688
346306.85232644685,4069698.0334760686,2.2531837790789777,0.11679617
346306.8206072044,4069698.072126936,2.2511274179554417,0.11960772
346306.7889606433,4069698.110837333,2.248993650440341,0.12248030
346306.75738944433,4069698.1496092137,2.2467774879064084,0.12542727
346306.7258964757,4069698.188444661,2.244474071608152,0.12843640
346306.6944847993,4069698.227345885,2.2420784717606486,0.13150000
346306.6631576758,4069698.2663152264,2.239585685934602,0.13461551
346306.6319185689,4069698.3053551554,2.2369906359420684,0.13778026
346306.6007711522,4069698.3444682704,2.234288184660517,0.14099141
346306.56971931324,4069698.383657301,2.231473141232452,0.14425840
346306.53876715933,4069698.4229251053,2.2285402812220747,0.14757383
346306.5079190228,4069698.4622746687,2.225484352057097,0.15092555
346306.477179465,4069698.501709103,2.22230009912767,0.15430994
346306.44655328104,4069698.5412316443,2.2189822786806133,0.15772319
346306.41604550445,4069698.580845648,2.21552568446905,0.16116134
346306.3856614105,4069698.6205545883,2.2119251766148835,0.16463675
346306.3554065191,4069698.6603620504,2.2081757007065477,0.16813117
346306.3252865975,4069698.7002717275,2.2042723357498,0.17163628
346306.29530766164,4069698.7402874115,2.2002103115128664,0.17514718
346306.2654759766,4069698.7804129887,2.1959827155649396,0.17865877
346306.2357980561,4069698.820652428,2.191536810026139,0.18217147
346306.20628066093,4069698.861009772,2.186910029207409,0.18568505
346306.176930795,4069698.9014891265,2.182100159740865,0.18918077
346306.1477557,4069698.942094645,2.177103349778955,0.19265239
346306.1187628496,4069698.9828305184,2.1719160701624993,0.19609354
346306.0899605474,4069699.0237013805,2.166537609942665,0.19949751
346306.0613692429,4069699.0647201217,2.1610138643229226,0.20286474
346306.0329857549,4069699.1058828863,2.15530144254245,0.20617852
346306.00481854915,4069699.1471938975,2.1493976034127042,0.20943180
346305.9768762638,4069699.188657317,2.1433023498402615,0.21261754
346305.94916768745,4069699.2302772235,2.1370165918107324,0.21572865
346305.9217017336,4069699.2720575877,2.1305420940489017,0.21876509
346305.89448741154,4069699.3140022447,2.123881514606332,0.22171167
346305.86753379524,4069699.3561148704,2.116980823005962,0.22455963
346305.84084998776,4069699.3983989526,2.1098113314258433,0.22730198
346305.81444508303,4069699.4408577643,2.102451090412595,0.22993187
346305.78832812485,4069699.4834943376,2.0949101423962464,0.23244435
346305.76250806416,4069699.526311439,2.087196245739833,0.23482896
346305.7369937142,4069699.569311543,2.0793181609491125,0.23707813
346305.7118094633,4069699.612505912,2.0713434126188908,0.23917837
346305.6869722811,4069699.6559006935,2.0633160754031326,0.24111984
346305.6624701489,4069699.699485346,2.0551750284577928,0.24290331
346305.63831093465,4069699.7432608507,2.046913964410174,0.24452182
346305.61450207484,4069699.787227771,2.0383484025589707,0.24597076
346305.59105052066,4069699.8313862435,2.0296783792525734,0.24724504
346305.5679626895,4069699.8757359763,2.020926171563205,0.24833986
346305.54524447245,4069699.920276272,2.012105075730509,0.24924466
346305.52290127834,4069699.965006072,2.0032278969585544,0.24995500
346305.5009421684,4069700.0099259727,1.994321866931013,0.25046858
346305.47942750365,4069700.055060405,1.9855957379220812,0.25075761
346305.45830517646,4069700.10037944,1.976748778112177,0.25084319
346305.43757823977,4069700.1458804314,1.9677498955059827,0.25071514
346305.4172491825,4069700.191560452,1.9587548798942318,0.25036854
346305.39731996105,4069700.2374163317,1.9497825095402335,0.24980834
346305.3777920164,4069700.283444681,1.9408440496195956,0.24903250
346305.3586662807,4069700.3296419145,1.931949660727644,0.24803920
346305.33997982764,4069700.3760188106,1.923233480964355,0.24680633
346305.32174076024,4069700.422573267,1.9145150156884925,0.24532002
346305.3039053548,4069700.469283528,1.905789669777752,0.24361044
346305.2864721022,4069700.5161452023,1.8971400218627579,0.24167709
346305.26943913556,4069700.563153858,1.8885758216202573,0.23951984
346305.2528042624,4069700.610305044,1.8801028950062975,0.23713863
346305.2365649924,4069700.657594307,1.8717267044581078,0.23451366
346305.220785031,4069700.7050389354,1.8634938694136842,0.23163539
346305.20541836903,4069700.752618714,1.8553280600793307,0.22852320
346305.1904383527,4069700.8003213764,1.8472798179047318,0.22518755
346305.1758410592,4069700.848142481,1.8393571586492659,0.22162939
346305.16162232164,4069700.896077638,1.8315658913930055,0.21783953
346305.147777725,4069700.9441225096,1.8239116127737383,0.21381979
346305.13435749285,4069700.992287822,1.8163410210632063,0.20955859
346305.1213384625,4069701.0405628798,1.8089967111486944,0.20506547
346305.1086767357,4069701.0889326357,1.8018182693166407,0.20035887
346305.0963663552,4069701.1373929605,1.794808478079092,0.19544137
346305.0844011501,4069701.1859398093,1.7879733990799949,0.19029840
346305.0727747387,4069701.234569221,1.7812354116382598,0.18494873
346305.06155414664,4069701.2832939406,1.7747578074519978,0.17936602
346305.05067086424,4069701.332094843,1.7685419136198133,0.17358010
346305.04010097816,4069701.3809644403,1.7625428783400492,0.16760196
346305.02983642876,4069701.4298991156,1.7567658981828767,0.16143406
346305.0198689156,4069701.4788953396,1.7512172159492105,0.15506700
346305.0102159387,4069701.5279546916,1.7457944766066642,0.14851096
346305.00089303526,4069701.577077747,1.7408075716553852,0.14176067
346304.9918328797,4069701.626249776,1.7360947387298526,0.13484721
346304.9830250891,4069701.675467622,1.731655209872479,0.12777719
346304.9744590462,4069701.724728216,1.727496169339339,0.12055606
346304.9661243567,4069701.774028652,1.7235239844914603,0.11317757
346304.9580704628,4069701.8233757354,1.7200546503366971,0.10564154
346304.950214553,4069701.872754599,1.7169080743388505,0.09798442
346304.9425439786,4069701.9221625743,1.7140803261275495,0.09021512
346304.9350458902,4069701.9715970703,1.7115760317435122,0.08234288
346304.9277072451,4069702.0210555666,1.7093734834016434,0.07437721
346304.92054687574,4069702.070540202,1.7076360633925933,0.06630157
346304.91351400537,4069702.120043076,1.7062733376265031,0.05815216
346304.90658662806,4069702.169560821,1.7052588167488725,0.04994613
346304.8997503948,4069702.2190912515,1.7045939601101456,0.04169430
346304.8929908444,4069702.2686322257,1.7043212524500841,0.03340766
346304.88630170655,4069702.3181827595,1.7044913942741997,0.02509364
346304.8796502919,4069702.3677383685,1.7050401901756294,0.01676903
346304.87301653594,4069702.4172963467,1.7059491191505882,0.00843995
346304.8663852508,4069702.466854656,1.7072173576730518,0.00013283
346304.8597411804,4069702.516411252,1.708935151828006,0.00813871
346304.8530565635,4069702.565962396,1.7110691406948493,0.01636277
346304.8463099179,4069702.615505125,1.71354374370375,0.02452525
346304.8394894444,4069702.6650377247,1.7163619970734791,0.03261658
346304.8325798939,4069702.714557963,1.7195190535410516,0.04062800
346304.8255660798,4069702.7640635585,1.72311728555381,0.04855452
346304.81840457756,4069702.81354803,1.7270977387904567,0.05636452
346304.81107958197,4069702.8630085164,1.7313348091115233,0.06404765
346304.80359281367,4069702.9124447033,1.7358628870945534,0.07160066
346304.7959304379,4069702.9618539503,1.7406732882500764,0.07900137
346304.78807887743,4069703.0112335496,1.7458305943818433,0.08625480
346304.77999110695,4069703.0605750936,1.7513576768063313,0.09333804
346304.7716439988,4069703.1098733367,1.7570116384710208,0.10024432
346304.76306013943,4069703.1591307633,1.762875758219821,0.10697863
346304.75422869914,4069703.2083443576,1.7689408912063795,0.11353289
346304.7451392674,4069703.257511054,1.775193025765583,0.11990171
346304.7357583209,4069703.3066231487,1.7818384953043465,0.12606141
346304.72603329545,4069703.355668184,1.7884549927253524,0.13198691
346304.7160170105,4069703.4046543287,1.7951900462315717,0.13771138
346304.7057025004,4069703.4535784605,1.8020378778915962,0.14323205
346304.6950832867,4069703.502437455,1.8089851074262198,0.14854893
346304.6841533877,4069703.5512281884,1.8161754244714803,0.15365968
346304.672816126,4069703.599925894,1.8232988332819213,0.15852039
346304.66115273564,4069703.6485461975,1.830452075566139,0.16315264
346304.6491638391,4069703.6970871054,1.837641633518545,0.16756736
346304.6368467344,4069703.745545813,1.8448576905955152,0.17176963
346304.6241991797,4069703.7939195717,1.8520902088866247,0.17575965
346304.61117146676,4069703.842192532,1.8594357059233353,0.17951715
346304.5977649031,4069703.8903614483,1.8666589601324335,0.18304401
346304.5840257176,4069703.9384363,1.8738655596336464,0.18635043
346304.5699541511,4069703.9864148647,1.8810570084014342,0.18944320
346304.5555507369,4069704.034294994,1.8882303796512525,0.19233011
346304.5408162738,4069704.0820746087,1.895412751689918,0.19501307
346304.5256726664,4069704.1297261687,1.9025518724800372,0.19745982
346304.5101935941,4069704.1772695067,1.9096351672629601,0.19970375
346304.4943894144,4069704.2247055992,1.9166899962669675,0.20173492
346304.47826158593,4069704.2720326437,1.9237158220768165,0.20356889
346304.4618116194,4069704.319248862,1.9307105321948035,0.20521152
346304.4450323014,4069704.3663493344,1.9376648430449084,0.20666137
346304.4278627245,4069704.41330891,1.9445643224287648,0.20789361
346304.41037848813,4069704.460151952,1.9514235860927427,0.20893837
346304.3925815529,4069704.5068769613,1.958241486492649,0.20979250
346304.37447398435,4069704.553482496,1.9650161317262635,0.21047037
346304.3560579475,4069704.5999671724,1.9717456030742557,0.21097492
346304.3373290905,4069704.64632696,1.9784053442276965,0.21130625
346304.3182315975,4069704.6925360817,1.984967437385563,0.21144162
346304.2988354267,4069704.7386203716,1.991519566689155,0.21140065
346304.27914309397,4069704.784578768,1.998019024659401,0.21120201
346304.2591572005,4069704.8304102737,2.0044606182882942,0.21084918
346304.23888043646,4069704.8761139596,2.010840495488048,0.21034575
346304.2183155841,4069704.921688971,2.0171542136217484,0.20969534
346304.19741538295,4069704.96711123,2.023257769405696,0.20887211
346304.1762230679,4069705.01239774,2.0293867179534653,0.20790585
346304.1547546509,4069705.0575538757,2.035434585953887,0.20680821
346304.1330135612,4069705.1025793296,2.0413898937844417,0.20558457
346304.11100345716,4069705.147473955,2.0472461257130847,0.20423773
346304.08872826427,4069705.1922377883,2.052997400249512,0.20277021
346304.0661819916,4069705.2368658693,2.0586020965283516,0.20118570
346304.04333860753,4069705.2813425595,2.063974638367175,0.19947564
346304.020247172,4069705.325690808,2.069344244919284,0.19766510
346303.996912712,4069705.3699115915,2.0745960570810564,0.19575891
346303.9733404041,4069705.4140060465,2.0797212095501645,0.19376468
346303.9495355641,4069705.4579754635,2.0847165955756948,0.19168870
346303.9255036397,4069705.5018212893,2.0895799186991257,0.18953522
346303.9012418444,4069705.545540453,2.094279173300766,0.18730533
346303.87673380633,4069705.5891220244,2.0987312281211343,0.18499353
346303.8520192773,4069705.6325867195,2.1031284657449407,0.18262740
346303.82710407284,4069705.6759366416,2.10742836795343,0.18021236
346303.80199401325,4069705.719173983,2.111598556900713,0.17775005
346303.77669490135,4069705.7623010115,2.115638928999198,0.17524552
346303.7512125034,4069705.8053200566,2.1195513032942643,0.17270383
346303.7255525313,4069705.8482335,2.1233378684634414,0.17013745
346303.69970066653,4069705.8910316434,2.126927130356561,0.16754374
346303.67367672373,4069705.933725316,2.130370430264075,0.16492675
346303.64749448886,4069705.976322052,2.1337383364029736,0.16229508
346303.6211591372,4069706.018824276,2.1370323847216244,0.15965305
346303.5946757304,4069706.061234408,2.1402190825086786,0.15701011
346303.5680492094,4069706.1035548556,2.143300138154255,0.15438029
346303.54128438834,4069706.1457880065,2.146279240599426,0.15175356
346303.5143859476,4069706.187936221,2.149160410796678,0.14913334
346303.4873493005,4069706.229995937,2.1519135455992076,0.14651833
346303.4601800533,4069706.2719700993,2.1545458594898874,0.14391230
346303.4328920354,4069706.313867116,2.1570984837838196,0.14134376
346303.40548913804,4069706.355689071,2.1595901653201857,0.13879617
346303.3779750765,4069706.397437974,2.162044679771521,0.13627102
346303.3503533804,4069706.4391157473,2.1644344206419506,0.13377050
346303.32262738276,4069706.4807242188,2.166763272191075,0.13129659
346303.2948002082,4069706.5222651083,2.1690366849738956,0.12886204
346303.26687476016,4069706.563740017,2.1712601077839877,0.12646796
346303.2388504736,4069706.6051482214,2.173426462284789,0.12410335
346303.2107250349,4069706.6464877813,2.175521980520236,0.12176678
346303.18250943,4069706.687765836,2.1775842119033864,0.11946371
346303.15420554235,4069706.7289833957,2.179619173738147,0.11719484
346303.1258150587,4069706.770141351,2.1816312051235456,0.11497899
346303.0973394744,4069706.811240473,2.1836433379244045,0.11279994
346303.06878009875,4069706.8522814154,2.1856536664363593,0.11065590
346303.0401380598,4069706.893264715,2.1876531025137798,0.10854704
346303.0114143103,4069706.9341907958,2.1896449421400623,0.10647344
346302.98260963225,4069706.975059967,2.191632915970811,0.10443716
346302.9537246427,4069707.0158724277,2.1936205714560426,0.10245281
346302.9247549438,4069707.056624809,2.1955923369122488,0.10050032
346302.8957026318,4069707.0973183285,2.19755718400849,0.09858030
346302.8665711368,4069707.1379551906,2.1995308297651164,0.09669407
346302.8373604378,4069707.178535149,2.201516115549158,0.09484108
346302.80807039555,4069707.2190578696,2.203514881478618,0.09302227
346302.77870076284,4069707.2595229396,2.2055285014186317,0.09125088
346302.74925119773,4069707.299929872,2.2075578411570196,0.08951008
346302.71972127777,4069707.3402781184,2.209605723466199,0.08779904
346302.6901105157,4069707.380567075,2.2116898867409676,0.08611685
346302.6604183778,4069707.4207961014,2.213788549269968,0.08446260
346302.63064430654,4069707.4609645307,2.2158982383604076,0.08283529
346302.60078774515,4069707.5010716915,2.2180152560750668,0.08124617
346302.5708481669,4069707.5411169278,2.2201345584428225,0.07968452
346302.5408244667,4069707.5810991414,2.222247443672093,0.07814586
346302.510711747,4069707.621014352,2.224328841512784,0.07662666
346302.4805152216,4069707.66086619,2.226392002211238,0.07512889
346302.45023495035,4069707.7006544257,2.2284309109379694,0.07365165
346302.4198712772,4069707.7403790453,2.2304390749750342,0.07219664
346302.3894249064,4069707.7800403135,2.2324108824555045,0.07077080
346302.35889686085,4069707.819638747,2.2343416303132173,0.06936258
346302.3282884345,4069707.8591750795,2.2362274368295996,0.06797147
346302.2976011494,4069707.8986502346,2.238065156100301,0.06659704
346302.2668367171,4069707.938065297,2.239852300151182,0.06523894
346302.23599700356,4069707.977421486,2.241586962021923,0.06389687
346302.2050839992,4069708.0167201357,2.243267754864903,0.06257271
346302.17409979086,4069708.0559626734,2.2448937460934895,0.06127186
346302.14304653736,4069708.0951506,2.246464410037284,0.05998549
346302.11192644876,4069708.1342854756,2.247979567632012,0.05871342
346302.0807417676,4069708.173368903,2.2494393477940937,0.05745543
346302.0494947525,4069708.212402515,2.2508441434026736,0.05621137
346302.0181876645,4069708.2513879645,2.2521945717174767,0.05498105
346301.986822754,4069708.2903269124,2.2534952596928455,0.05376432
346301.9554022502,4069708.3292210167,2.2547441713142633,0.05256621
346301.9239283527,4069708.368071929,2.2559410718170287,0.05138289
346301.8924032245,4069708.406881284,2.25708716215871,0.05021206
346301.86082898447,4069708.445650695,2.2581837932602586,0.04905360
346301.82920770417,4069708.4843817498,2.2592323912708556,0.04790740
346301.7975404706,4069708.5230752416,2.260230613472925,0.04677283
346301.76583002857,4069708.56173333,2.2611829706127122,0.04565022
346301.7340785738,4069708.6003577393,2.2620923334709335,0.04453963
346301.70228793763,4069708.638949905,2.2629602542794087,0.04344335
346301.67045989115,4069708.677511223,2.2637882236085756,0.04236097
346301.6385961444,4069708.716043046,2.26457771932234,0.04128984
346301.60669834603,4069708.754546685,2.265330209701424,0.04022992
346301.5747680836,4069708.7930234065,2.2660471446693053,0.03918114
346301.5428068836,4069708.831474433,2.266729950980559,0.03814348
346301.5108162129,4069708.869900944,2.267380027470091,0.03711692
346301.47879747924,4069708.908304075,2.2679987412436637,0.03610146
346301.44675203256,4069708.946684918,2.268587427643128,0.03509713
346301.4146811663,4069708.985044523,2.26914738747517,0.03410486
346301.38258611807,4069709.023383898,2.269679881360034,0.03312600
346301.3504680717,4069709.0617040093,2.2701861312935634,0.03215833
346301.3183281592,4069709.1000057827,2.2706673208732253,0.03120201
346301.28616746195,4069709.1382901054,2.271124592779289,0.03025725
346301.2539870121,4069709.176557827,2.2715590518652706,0.02932425
346301.2217877945,4069709.214809758,2.2719717573947107,0.02840327
346301.1895707486,4069709.253046675,2.2723637327624884,0.02749456
346301.1573367696,4069709.2912693187,2.2727359591547303,0.02659841
346301.12508671056,4069709.329478396,2.273089380872474,0.02571513
346301.09282138426,4069709.367674582,2.2734249012299337,0.02484505
346301.06054156413,4069709.40585852,2.2737433838647845,0.02398985
346301.02824798645,4069709.4440308237,2.2740456617600584,0.02314941
346300.9959413516,4069709.482192077,2.2743325288861387,0.02232324
346300.9636223257,4069709.5203428376,2.274604745316149,0.02151175
346300.93129154196,4069709.558483634,2.274863033525132,0.02071539
346300.89894960297,4069709.5966149718,2.2751080911210844,0.01993461
346300.86659708107,4069709.634737331,2.2753405803369438,0.01916986
346300.8342345194,4069709.672851168,2.2755611313536015,0.01842161
346300.80186243437,4069709.7109569167,2.275770345638299,0.01769032
346300.7694813163,4069709.7490549893,2.2759687992332784,0.01697648
346300.73709163076,4069709.787145779,2.276157040139958,0.01628054
346300.7046938193,4069709.8252296573,2.2763355860202923,0.01560294
346300.6722883015,4069709.8633069787,2.2765049351850637,0.01494413
346300.63987547567,4069709.901378079,2.2766655597505157,0.01430468
346300.6074557185,4069709.9394432777,2.2768179096575833,0.01368622
346300.5750293883,4069709.977502877,2.2769624110612794,0.01308756
346300.5425968248,4069710.0155571643,2.277099470421212,0.01250892
346300.51015835,4069710.0536064133,2.277229476812173,0.01195044
346300.4777142692,4069710.0916508823,2.2773527978151393,0.01141215
346300.44526487205,4069710.1296908166,2.2774697860355717,0.01089398
346300.41281043267,4069710.167726449,2.2775807756932247,0.01039577
346300.3803512109,4069710.2057580007,2.2776860811209616,0.00991729
346300.34788745333,4069710.2437856807,2.2777860079711996,0.00945826
346300.31541939324,4069710.281809687,2.2778808408359863,0.00901834
346300.28294725146,4069710.319830208,2.2779708515744,0.00859713
346300.2504712369,4069710.357847421,2.278056299052029,0.00819421
346300.2179915474,4069710.395861494,2.278137427514535,0.00780915
346300.18550837063,4069710.4338725875,2.278214475269734,0.00744146
346300.1530218836,4069710.471880852,2.278287661264256,0.00709065
346300.12053225434,4069710.50988643,2.278357198830921,0.00675624
346300.08803964156,4069710.547889458,2.2784232912091604,0.00643771
346300.0555441953,4069710.5858900626,2.278486129617386,0.00613456
346300.02304605715,4069710.6238883655,2.2785458964528598,0.00584628
346299.99054536095,4069710.66188448,2.278602763858411,0.00557237
346299.95804223325,4069710.699878515,2.2786568984438262,0.00531232
346299.9255367937,4069710.737870572,2.278708457428443,0.00506566
346299.89302915457,4069710.7758607473,2.2787575937381073,0.00483189
346299.86051942204,4069710.813849131,2.2788044467145196,0.00461083
346299.8280076966,4069710.851835809,2.2788491549772214,0.00440178
346299.7954940726,4069710.889820862,2.2788918522302435,0.00420423
346299.7629786388,4069710.9278043658,2.2789326596391,0.00401775
346299.7304614785,4069710.965786392,2.2789716982393244,0.00384194
346299.69794266997,4069711.003767006,2.279009078446838,0.00367640
346299.66542228695,4069711.0417462727,2.27904491408148,0.00352077
346299.63290039834,4069711.0797242504,2.2790793082399654,0.00337468
346299.6003770685,4069711.117700993,2.2791123594641842,0.00323779
346299.56785235816,4069711.155676554,2.2791441671262476,0.00310979
346299.53532632353,4069711.1936509805,2.2791748263826705,0.00299036
346299.502799017,4069711.231624318,2.2792044290995443,0.00287921
346299.4702704873,4069711.269596607,2.279233059101978,0.00277608
346299.43774077954,4069711.307567887,2.279260801571497,0.00268070
346299.4052099352,4069711.3455381934,2.279287736820235,0.00259285
346299.3726779929,4069711.383507559,2.2793139612300575,0.00251230
346299.3401449869,4069711.4214760135,2.2793395507944902,0.00243884
346299.307610949,4069711.4594435836,2.279364562734001,0.00237230
346299.2750759084,4069711.4974102946,2.279389075082343,0.00231249
346299.2425398914,4069711.5353761683,2.2794131579373698,0.00225927
346299.2100029206,4069711.5733412253,2.2794368837190193,0.00221249
346299.17746501294,4069711.611305479,2.279460305050579,0.00217203
346299.1449261855,4069711.6492689443,2.279483492378735,0.00213778
346299.1123864569,4069711.6872316375,2.2795065299567527,0.00210966
346299.0798458389,4069711.725193568,2.2795294823752243,0.00208758
346299.0473043412,4069711.7631547446,2.2795524221988552,0.00207148
346299.01476197067,4069711.801115173,2.279575413134075,0.00206133
346298.9822187318,4069711.839074857,2.2795985249423496,0.00205708
346298.94967462576,4069711.8770337976,2.2796218248083746,0.00205873
346298.9171296521,4069711.914991994,2.279645384047186,0.00206626
346298.8845838073,4069711.952949444,2.2796692686617597,0.00207969
346298.85203708516,4069711.990906141,2.279693549088157,0.00209904
346298.8194894778,4069712.0288620796,2.2797182998823344,0.00212437
346298.786940974,4069712.066817249,2.2797435942671522,0.00215571
346298.75439155934,4069712.104771638,2.2797695034594834,0.00219315
346298.72184121737,4069712.1427252307,2.279796103313424,0.00223676
346298.6892899294,4069712.180678013,2.2798234770743715,0.00228663
346298.6567376733,4069712.218629964,2.279851699837228,0.00234288
346298.62418442394,4069712.256581064,2.279880856609098,0.00240563
346298.5916301537,4069712.2945312876,2.279911031710288,0.00247500
346298.55907483195,4069712.3324806094,2.2799423146662576,0.00255115
346298.52651842457,4069712.370429,2.2799747969224815,0.00263422
346298.4939608946,4069712.408376427,2.2800085717179677,0.00272439
346298.4614022019,4069712.446322857,2.2800437445211017,0.00282183
346298.4288423029,4069712.4842682513,2.2800804133283763,0.00292673
346298.39628115005,4069712.52221257,2.28011868870432,0.00303928
346298.3637186925,4069712.5601557693,2.2801586829985268,0.00315967
346298.3311548755,4069712.5980978017,2.2802005107476186,0.00328812
346298.2985896404,4069712.636038617,2.28024429625807,0.00342482
346298.2660229239,4069712.6739781606,2.280290163000088,0.00356999
346298.233454659,4069712.7119163754,2.280338251383283,0.00372382
346298.2008847738,4069712.749853199,2.280388696237834,0.00388653
346298.16831319174,4069712.7877885653,2.2804416450777403,0.00405829
346298.13573983154,4069712.825722405,2.2804972524657336,0.00423929
346298.1031646068,4069712.8636546438,2.280555679555213,0.00442968
346298.0705874254,4069712.901585202,2.2806170956053333,0.00462960
346298.0380081892,4069712.9395139953,2.2806816763613784,0.00483916
346298.00542679476,4069712.977440935,2.2807496074867384,0.00505843
346297.9728431325,4069713.015365926,2.2808210858174487,0.00528743
346297.9402570859,4069713.0532888686,2.2808963177478114,0.00552616
346297.9076685318,4069713.091209656,2.280975518222922,0.00577458
346297.8750773395,4069713.1291281767,2.281058915477726,0.00603263
346297.8424833711,4069713.1670443104,2.281146745819037,0.00630025
346297.8098864808,4069713.2049579327,2.2812392619841493,0.00657737
346297.7772865141,4069713.2428689096,2.281336724100229,0.00686390
346297.7446833079,4069713.2807771005,2.281439408864715,0.00715975
346297.7120766898,4069713.3186823567,2.2815476057547155,0.00746486
346297.67946647777,4069713.356584521,2.28166161914826,0.00777913
346297.64685247955,4069713.3944834275,2.281781768059285,0.00810252
346297.6142344926,4069713.432378901,2.281908386930703,0.00843495
346297.581612303,4069713.470270757,2.2820418271957092,0.00877639
346297.548985685,4069713.5081587997,2.28218245544597,0.00912679
346297.5163544004,4069713.5460428237,2.28233065773388,0.00948615
346297.4837181983,4069713.583922611,2.282486837054354,0.00985447
346297.45107681415,4069713.6217979332,2.282651416093357,0.01023175
346297.4184299695,4069713.659668549,2.282824837268286,0.01061803
346297.3857773712,4069713.6975342035,2.283007565884755,0.01101340
346297.3531187101,4069713.735394629,2.28320008240826,0.01141803
346297.32045366097,4069713.7732495437,2.283402890802916,0.01183190
346297.28778188163,4069713.8110986496,2.2836165173002243,0.01225513
346297.25510301226,4069713.848941634,2.283841510046407,0.01268787
346297.2224166743,4069713.886778168,2.284078440061903,0.01313030
346297.18972246966,4069713.924607904,2.2843278983736672,0.01358260
346297.15701998095,4069713.9624304795,2.284590499764278,0.01404501
346297.1243087695,4069714.000245511,2.284866881835039,0.01451776
346297.0915883745,4069714.0380525966,2.2851577041356097,0.01500116
346297.058858313,4069714.075851314,2.2854636453621997,0.01549549
346297.02611807815,4069714.1136412197,2.285785403879641,0.01600112
346296.99336713925,4069714.1514218487,2.2861236988819607,0.01651841
346296.96060494095,4069714.1891927146,2.286479267813618,0.01704778
346296.9278309019,4069714.2269533067,2.286852861240358,0.01758967
346296.8950444142,4069714.26470309,2.2872452416336646,0.01814457
346296.86224484275,4069714.3024415057,2.287657182602493,0.01871301
346296.8294315254,4069714.3401679704,2.2880894600010766,0.01929555
346296.7966037714,4069714.377881873,2.288542846761202,0.01989280
346296.7637608615,4069714.415582578,2.289018115403523,0.02050541
346296.73090204806,4069714.453269423,2.2895160231997997,0.02113411
346296.69802655425,4069714.4909417178,2.2900373035228445,0.02177963
346296.6651335749,4069714.528598746,2.29058266028486,0.02244280
346296.6322222771,4069714.566239765,2.2911527597641674,0.02312448
346296.59929180023,4069714.603864006,2.291748207309228,0.02382560
346296.5663412568,4069714.641470675,2.29236953564068,0.02454715
346296.5333697346,4069714.6790589513,2.293017186237703,0.02529020
346296.5003762982,4069714.7166279936,2.2936914877462797,0.02605589
346296.46735999093,4069714.7541769384,2.294392631331238,0.02684541
346296.43431983853,4069714.7917049024,2.2951206416861547,0.02766007
346296.40125485294,4069714.8292109882,2.295875347453422,0.02850125
346296.3681640366,4069714.866694286,2.296656334917003,0.02937042
346296.33504638856,4069714.904153879,2.297462909897521,0.03026916
346296.3019009109,4069714.9415888493,2.298294046485079,0.03119914
346296.26872661663,4069714.9789982853,2.2991483262954238,0.03216216
346296.23552253883,4069715.016381288,2.30002387134943,0.03316014
346296.20228774217,4069715.053736983,2.3009183199886665,0.03419511
346296.16902133665,4069715.091064532,2.3018290154849987,0.03526928
346296.13572249224,4069715.128363146,2.302753188087155,0.03638497
346296.1023904574,4069715.165632102,2.303688138505992,0.03754469
346296.0690245792,4069715.2028707624,2.3046314276225615,0.03875111
346296.0356243279,4069715.2400785955,2.3055810567786033,0.04000709
346296.0021893123,4069715.277255193,2.306535623468964,0.04131570
346295.9687192497,4069715.3144002403,2.30749424137949,0.04268016
346295.9352139382,4069715.351513496,2.308456489206583,0.04410387
346295.9016732346,4069715.3885947703,2.309422351078587,0.04559035
346295.8680970331,4069715.425643905,2.310392162360012,0.04714325
346295.83448524843,4069715.4626607616,2.3113665742019984,0.04876630
346295.80083779915,4069715.4996452024,2.3123465122314935,0.05046332
346295.7671545959,4069715.5365970843,2.3133331554184497,0.05223819
346295.73343552806,4069715.573516242,2.3143279075860432,0.05409481
346295.6996804537,4069715.610402483,2.315332372181952,0.05603709
346295.66588919115,4069715.647255575,2.3163483357525805,0.05806893
346295.63206151006,4069715.684075241,2.317377761098911,0.06019417
346295.59819712397,4069715.720861151,2.3184230220408075,0.06241660
346295.5642956836,4069715.7576129157,2.3194879744485823,0.06473987
346295.53035677026,4069715.7943300786,2.32057339638991,0.06716749
346295.49637989164,4069715.8310121126,2.321681765822351,0.06970278
346295.46236447577,4069715.8676584144,2.3228157845151403,0.07235504
346295.4283098662,4069715.9042682974,2.3239782846804324,0.07512234
346295.39421525813,4069715.9408409335,2.3251719793217234,0.07800658
346295.3600794501,4069715.9773751176,2.326398388509572,0.08100971
346295.3259019003,4069716.0138702546,2.3276623803469523,0.08413366
346295.2916815669,4069716.0503252777,2.3289674083530905,0.08737968
346295.2574173005,4069716.08673901,2.3303169844963967,0.09074844
346295.2231078413,4069716.123110164,2.331714763912483,0.09424011
346295.1887518142,4069716.159437333,2.3331645577500475,0.09785437
346295.154347725,4069716.1957189855,2.3346703336298855,0.10159048
346295.1198939554,4069716.2319534635,2.336236233305945,0.10544723
346295.0853887585,4069716.268138971,2.337866567526157,0.10942301
346295.0508302544,4069716.3042735704,2.3395658285575305,0.11351578
346295.0162164261,4069716.340355176,2.341338702777595,0.11772308
346294.98154511343,4069716.376381546,2.343190068483315,0.12205127
346294.9468140084,4069716.412350275,2.345125016551694,0.12649659
346294.9120206499,4069716.4482587865,2.3471488500782796,0.13104675
346294.8771624184,4069716.4841043237,2.349267094153697,0.13569733
346294.84223653097,4069716.5198839414,2.351485510558462,0.14044347
346294.80724003585,4069716.5555944964,2.35381010500596,0.14527989
346294.7721698063,4069716.5912326393,2.356247132274323,0.15020090
346294.7370225352,4069716.6267948,2.3588031070844764,0.15520035
346294.70179472904,4069716.6622771802,2.3614848053671964,0.16027172
346294.6664827029,4069716.6976757413,2.364299279826405,0.16542920
346294.6310825739,4069716.7329861904,2.3672538622125585,0.17064373
346294.59559025633,4069716.768203968,2.37035615959942,0.17590702
346294.5600014562,4069716.803324238,2.373614072859271,0.18121071
346294.5243116656,4069716.838341867,2.3770357830084694,0.18654620
346294.4885161594,4069716.8732514163,2.380629758725688,0.19190463
346294.45260998927,4069716.908047123,2.384404750261309,0.19728268
346294.4165879803,4069716.942722883,2.3883697745386767,0.20267798
346294.3804447286,4069716.9772722395,2.3925341238650546,0.20806612
346294.34417459834,4069717.0116883605,2.396907327568966,0.21343740
346294.30777172017,4069717.045964025,2.4014991471132725,0.21878206
346294.27122999204,4069717.0800916045,2.4063195485768083,0.22409031
346294.2345430796,4069717.114063045,2.411378668416878,0.22935962
346294.1977044192,4069717.14786985,2.4166867761028374,0.23457720
346294.1607072217,4069717.18150306,2.4222542196474772,0.23972554
346294.1235444805,4069717.2149532386,2.428091374806815,0.24479485
346294.08620897937,4069717.248210454,2.4342085785451335,0.24977545
346294.0486933046,4069717.281264262,2.440616041354589,0.25466001
346294.01098985935,4069717.3141036923,2.4473237603150944,0.25943988
346293.9730908818,4069717.3467172366,2.454341415617723,0.26409909
346293.93498846726,4069717.379092835,2.461678241447067,0.26862846
346293.8966745938,4069717.411217872,2.469342906114491,0.27301895
346293.8581411517,4069717.443079168,2.4773433346110454,0.27726164
346293.81937997986,4069717.4746629815,2.485686557972112,0.28134484
346293.7803829048,4069717.505955013,2.4943785200485324,0.28525882
346293.74114178616,4069717.536940415,2.503423863376126,0.28899513
346293.7016485678,4069717.5676038116,2.512825723187922,0.29254555
346293.6618953343,4069717.597929321,2.5225854786704103,0.29589476
346293.62187437393,4069717.6279005953,2.5327025168460233,0.29903681
346293.5815782461,4069717.657500861,2.543173971047867,0.30196527
346293.54099985486,4069717.6867129793,2.5539944526301124,0.30467282
346293.5001325273,4069717.7155195163,2.565244926304075,0.30714547
346293.45897009555,4069717.7439028258,2.5768505898710927,0.30937167
346293.41750698193,4069717.77184515,2.5887857024869354,0.31135231
346293.37573828734,4069717.7993287337,2.6010319989302735,0.31308112
346293.3336598782,4069717.8263359573,2.6135677693019486,0.31454711
346293.29126847436,4069717.8528494854,2.626367096067182,0.31572983
346293.2485472587,4069717.878828279,2.639310486073917,0.31662934
346293.20550666767,4069717.9042741046,2.6524277743140314,0.31724819
346293.1621479785,4069717.9291736237,2.6656943691939836,0.31757897
346293.11847224005,4069717.953512289,2.679073781491118,0.31759405
346293.0744817492,4069717.9772768966,2.6925293635574246,0.31731231
346293.0301800895,4069718.000455838,2.7060258313804635,0.31673003
346292.985572153,4069718.0230393675,2.7195301803321823,0.31584046
346292.9406639745,4069718.0450195163,2.7330112481752655,0.31461316
346292.89546255104,4069718.0663899668,2.7465740228807656,0.31307388
346292.84997569316,4069718.0871459604,2.7601904921498797,0.31122037
346292.80421190243,4069718.1072842474,2.7737083674051175,0.30904502
346292.7581802694,4069718.12680306,2.7870903920876047,0.30651859
346292.7118903868,4069718.1457021157,2.800305660201291,0.30367001
346292.6653522766,4069718.1639826377,2.81332428118486,0.30049795
346292.61856158194,4069718.1816073614,2.825982185984308,0.29697635
346292.5715313099,4069718.1985815754,2.838249943831167,0.29308229
346292.52428643376,4069718.214947563,2.8502242452928,0.28886020
346292.4768382736,4069718.2307134895,2.8621965138337733,0.28431051
346292.4291981329,4069718.2458889512,2.873843903063196,0.27942040
346292.3813772383,4069718.260484946,2.8851219489024977,0.27417660
346292.33338669164,4069718.2745138584,2.8960061208625167,0.26860893
346292.28523741587,4069718.2879893947,2.906475236899844,0.26271998
346292.2369400867,4069718.300926441,2.9165107458056885,0.25649502
346292.1884817049,4069718.313246556,2.9258724560969855,0.24989379
346292.13989869575,4069718.3250635276,2.934953726567956,0.24298374
346292.0912012149,4069718.336398392,2.9435547928107506,0.23577148
346292.04239862936,4069718.347271701,2.9516608780733544,0.22824248
346291.993499818,4069718.3577045593,2.9592689839713207,0.22040642
346291.9445131581,4069718.3677184368,2.966378809808878,0.21229194
346291.89544158545,4069718.3773090965,2.973014681360885,0.20389743
346291.846287547,4069718.386467092,2.9790367730451233,0.19519573
346291.797071142,4069718.3952824106,2.9845489869156636,0.18623457
346291.74779857177,4069718.4037779723,2.9895640296146015,0.17704237
346291.69847558107,4069718.4119763784,2.9940912904807946,0.16763172
346291.6491074904,4069718.4198998543,2.998173367720895,0.15799118
346291.5996941969,4069718.427537028,3.001728024975867,0.14813346
346291.55024281243,4069718.434922964,3.004707653449889,0.13809187
346291.50076276885,4069718.4421140067,3.007233844629392,0.12789653
346291.4512577296,4069718.4491311316,3.009325067624887,0.11753929
346291.40173108026,4069718.455994549,3.010993298926573,0.10705080
346291.35218459344,4069718.4627136,3.012173626013648,0.09645360
346291.3026207752,4069718.469303486,3.012843375438372,0.08576218
346291.25304637675,4069718.475813218,3.013108018363461,0.07498577
346291.20346381876,4069718.482260603,3.0129813993492496,0.06415331
346291.1538754031,4069718.48866286,3.0123624882902886,0.05329173
346291.1042833435,4069718.49503684,3.0112818097719756,0.04241751
346291.05469149724,4069718.5014124797,3.009809357068949,0.03153759
346291.005102619,4069718.5078111375,3.0079749453790945,0.02067633
346290.9555187576,4069718.514248489,3.005683708398174,0.00986189
346290.90594190755,4069718.520739667,3.002866985012731,0.00088996
346290.8563786315,4069718.52733373,2.999754674247728,0.01155664
346290.80682995805,4069718.5340363528,2.99634168488709,0.02213249
346290.7572972957,4069718.5408559856,2.9925444364538327,0.03258970
346290.7077826997,4069718.547805695,2.98813892844354,0.04291456
346290.65829303354,4069718.554931208,2.9834718856788385,0.05307909
346290.60883424344,4069718.562267484,2.978644663179676,0.06307917
346290.5594036305,4069718.5697904676,2.973504354860827,0.07289970
346290.5100034636,4069718.5775109376,2.967685447326691,0.08252932
346290.4606399039,4069718.585463231,2.9616207285327745,0.09194736
346290.41132788634,4069718.593728655,2.9555720748726664,0.10111817
346290.36205815297,4069718.602241032,2.9492641576133396,0.11006553
346290.3128332539,4069718.611008966,2.942248799345326,0.11877536
346290.26365883905,4069718.620057553,2.9350176420700373,0.12723416
346290.21456018905,4069718.6295082467,2.92797135876154,0.13538623
346290.16551983607,4069718.639254856,2.9206836769227653,0.14328062
346290.11654052674,4069718.6493037394,2.9126959637585266,0.15091700
346290.06762869837,4069718.6596783744,2.904540254933006,0.15827623
346290.01881853904,4069718.6705208803,2.8966935965254454,0.16529701
346289.97008423985,4069718.6816970017,2.88858556050846,0.17203873
346289.92142872984,4069718.693211439,2.879827988360958,0.17850063
346289.87286173867,4069718.705096193,2.8709916624978526,0.18467679
346289.82442251954,4069718.7174908402,2.8625580482465587,0.19050470
346289.7760781434,4069718.730247945,2.8538468827115397,0.19604779
346289.727831619,4069718.74337069,2.844596672380078,0.20130728
346289.6796989729,4069718.7569076167,2.8354033669527,0.20625662
346289.63171794,4069718.770971567,2.826671903201224,0.21085116
346289.5838502175,4069718.785414284,2.8176507558605146,0.21516618
346289.53609852213,4069718.800236877,2.808214244815024,0.21920782
346289.4884872324,4069718.8155066213,2.7989703270985355,0.22294624
346289.44104537583,4069718.8312937194,2.7901922291230035,0.22635523
346289.39373285446,4069718.8474625554,2.781112063619642,0.22949589
346289.34655200597,4069718.8640127066,2.7717318168558394,0.23237208
346289.2995364592,4069718.881028533,2.7626644678287398,0.23495170
346289.25270220306,4069718.8985358225,2.7540422836101777,0.23720716
346289.2060103899,4069718.9164182525,2.7451235707736865,0.23921199
346289.1594628437,4069718.9346740777,2.73601571689524,0.24097367
346289.1131018919,4069718.953400053,2.727324354251586,0.24245243
346289.0669284832,4069718.9725824357,2.719051953249745,0.24365723
346289.0209066445,4069718.9921247726,2.7105108290841478,0.24463291
346288.9750374766,4069719.012023995,2.7018777675351497,0.24537896
346288.9293700276,4069719.032382878,2.6937372051251804,0.24584788
346288.8838903692,4069719.053156606,2.685984616740588,0.24607644
346288.83856644755,4069719.0742673744,2.6780101577012867,0.24610169
346288.7933985733,4069719.0957110794,2.67001029938469,0.24592886
346288.7484392686,4069719.1175894,2.6625359623604155,0.24551659
346288.7036626387,4069719.1398381013,2.6554096211910907,0.24488849
346288.6590407262,4069719.162395127,2.648117991516883,0.24407764
346288.61457314104,4069719.1852558046,2.6408196744975996,0.24309724
346288.57031173166,4069719.2085136557,2.634027486467336,0.24190812
346288.5262250556,4069719.2321001687,2.6275413009440416,0.24054262
346288.48228828784,4069719.2559645083,2.620960687257816,0.23902400
346288.4385006905,4069719.2801021705,2.614347665489424,0.23735613
346288.394908735,4069719.304591789,2.6081805933221323,0.23551214
346288.3514846634,4069719.329377218,2.602297131879229,0.23351964
346288.3082039465,4069719.354411908,2.5964158019355157,0.23140234
346288.2650657015,4069719.3796917913,2.590444621872488,0.22916460
346288.2221054868,4069719.4052734245,2.584826991802422,0.22678521
346288.17931013566,4069719.4311294733,2.5794995674299903,0.22428004
346288.13665061555,4069719.457208773,2.574283141546723,0.22167542
346288.09412590304,4069719.483507594,2.568903858759847,0.21897555
346288.0517549817,4069719.510053875,2.5637417026192177,0.21617684
346288.00955063023,4069719.536863967,2.5588990249792527,0.21327151
346287.967474116,4069719.563873957,2.554153293693197,0.21029131
346287.92552446184,4069719.591080655,2.549418001174228,0.20724007
346287.88370069553,4069719.6184808672,2.544627096053961,0.20412882
346287.84204804746,4069719.6461405293,2.5401990442916755,0.20093203
346287.8005177764,4069719.6739832717,2.535877706266511,0.19768142
346287.75910737604,4069719.702003934,2.5316422870126725,0.19438154
346287.7178159139,4069719.73019974,2.527437736279439,0.19104103
346287.67665580084,4069719.758587151,2.523286254682649,0.18766920
346287.6356373797,4069719.787178815,2.519373162659173,0.18424456
346287.5947310464,4069719.815930448,2.5155478802305016,0.18079120
346287.55393556185,4069719.8448391515,2.511802010170729,0.17731598
346287.5132496344,4069719.873901969,2.508134113291372,0.17384733
346287.4726821602,4069719.903130038,2.5045089290435474,0.17035580
346287.4322413795,4069719.9325330905,2.5010414914589574,0.16683756
346287.3919033069,4069719.9620767734,2.4976479755053216,0.16331554
346287.35166673514,4069719.9917585277,2.494323848800389,0.15982293
346287.31153042597,4069720.021575775,2.491068664005241,0.15633116
346287.27149311133,4069720.0515259225,2.487882335822867,0.15284267
346287.23157051974,4069720.0816288576,2.4848392021737475,0.14935398
346287.19174866716,4069720.111864852,2.48182908825891,0.14590720
346287.1520197255,4069720.142222771,2.4788841029758224,0.14247519
346287.1123824172,4069720.1727002305,2.4760067841644027,0.13906003
346287.0728354088,4069720.2032947987,2.4731982176326337,0.13567413
346287.03337730374,4069720.234003993,2.470459391710438,0.13234489
346286.9940095856,4069720.264829028,2.467806325549389,0.12903802
346286.9547399267,4069720.2957788766,2.4652873847400687,0.12574887
346286.9155529094,4069720.326833247,2.462834648730449,0.12250420
346286.8764469518,4069720.35798961,2.460408925437728,0.11932200
346286.8374204075,4069720.389245386,2.4580452094590095,0.11617263
346286.7984715704,4069720.420597952,2.4557516603356304,0.11305757
346286.75959867996,4069720.452044651,2.453528746512416,0.10999819
346286.7207999263,4069720.483582799,2.4513763916712636,0.10700251
346286.68207345647,4069720.5152096907,2.4492943258695474,0.10404505
346286.64342477487,4069720.546931598,2.4473189664180306,0.10112198
346286.6048447648,4069720.5787369683,2.4454154850660834,0.09826298
346286.56633032794,4069720.610621698,2.4435757076212967,0.09546764
346286.52787958237,4069720.6425832,2.4417988173755147,0.09271473
346286.48949063226,4069720.674618896,2.440084220304147,0.09000515
346286.4511615746,4069720.7067262284,2.438431196262424,0.08736540
346286.41289050464,4069720.738902663,2.4368303223730448,0.08478667
346286.3746755214,4069720.771145696,2.435283771232375,0.08225179
346286.3365147335,4069720.803452859,2.4337975455781464,0.07976135
346286.29840626445,4069720.8358217264,2.432370634006187,0.07734197
346286.26034825575,4069720.868249915,2.4310016125030747,0.07497977
346286.2223388735,4069720.9007350914,2.429688987949553,0.07266104
346286.18437807355,4069720.9332770286,2.4284397902778982,0.07038490
346286.1464633524,4069720.9658726375,2.4272493037072054,0.06817675
346286.10859154275,4069720.99851809,2.426108844814789,0.06602217
346286.0707609764,4069721.031211326,2.4250166406750377,0.06390983
346286.0329700204,4069721.063950339,2.4239712358214773,0.06183991
346285.9952170798,4069721.096733181,2.4229711711963557,0.05983374
346285.9575005997,4069721.1295579644,2.4220149870185965,0.05787859
346285.9198190662,4069721.162422859,2.4211012119707074,0.05596385
346285.88217100804,4069721.195326097,2.4202283850236457,0.05408966
346285.8445549967,4069721.2282659677,2.419395046739558,0.05227181
346285.8069696478,4069721.2612408213,2.4185997512042285,0.05050457
346285.76941362093,4069721.294249068,2.4178410739426575,0.04877581
346285.73188562,4069721.3272891752,2.417117609581793,0.04708562
346285.6943843932,4069721.3603596697,2.416427976616494,0.04544231
346285.65690873313,4069721.3934591343,2.4157708219126497,0.04385131
346285.61945747613,4069721.426586209,2.4151448264240565,0.04229682
346285.5820295023,4069721.4597395877,2.4145487006852124,0.04077891
346285.54462373373,4069721.4929180187,2.413981189596671,0.03929758
346285.50723913463,4069721.5261203013,2.413441071181611,0.03787128
346285.4698747106,4069721.5593452873,2.412927163125188,0.03648057
346285.4325295075,4069721.5925918766,2.4124383195436248,0.03512485
346285.3952026101,4069721.625859017,2.4119734313078056,0.03380409
346285.35789314157,4069721.6591457035,2.4115304266500797,0.03252346
346285.3206002623,4069721.692450975,2.4111092498685927,0.03128713
346285.28332316905,4069721.7257739143,2.4107090660858095,0.03008383
346285.24606109323,4069721.7591136456,2.410328904982691,0.02891338
346285.20881330024,4069721.7924693334,2.4099678275547385,0.02777556
346285.17157908774,4069721.8258401803,2.409624929797885,0.02667400
346285.1343579966,4069721.859225662,2.409300346822952,0.02561184
346285.09714917024,4069721.892624812,2.4089922725420245,0.02458034
346285.0599519746,4069721.926036915,2.4086997499362477,0.02357930
346285.0227658311,4069721.959461318,2.4084220315700056,0.02260849
346284.9855901879,4069721.9928973992,2.4081584002367977,0.02166763
346284.94842451904,4069722.026344567,2.4079081742663617,0.02076270
346284.9112683232,4069722.0598022584,2.407670703512552,0.01988867
346284.8741211225,4069722.0932699363,2.4074453640306013,0.01904283
346284.8369824623,4069722.1267470913,2.4072315579186254,0.01822488
346284.7998519095,4069722.160233238,2.4070287155148087,0.01743451
346284.7627290526,4069722.193727916,2.4068362975711155,0.01667135
346284.7256134998,4069722.227230688,2.4066537851244707,0.01593608
346284.6885048781,4069722.260741137,2.406480685908073,0.01523156
346284.65140283253,4069722.2942588665,2.4063165243309927,0.01455237
346284.61430702644,4069722.3277835017,2.40616085401729,0.01389806
346284.57721713925,4069722.361314685,2.406013249272738,0.01326818
346284.5401328666,4069722.3948520776,2.405873298697056,0.01266222
346284.503053919,4069722.428395358,2.405740617014346,0.01207967
346284.4659800215,4069722.461944219,2.4056148306065324,0.01152001
346284.4289109131,4069722.4954983722,2.4054955924650825,0.01098266
346284.39184634585,4069722.529057542,2.405382569058552,0.01046964
346284.35478608403,4069722.5626214654,2.4052754367280498,0.00997784
346284.3177299045,4069722.5961898966,2.4051738963942126,0.00950627
346284.28067759523,4069722.6297625992,2.4050776596740553,0.00905435
346284.2436289549,4069722.663339351,2.404986455463348,0.00862150
346284.20658379217,4069722.696919939,2.4049000239361926,0.00820714
346284.1695419255,4069722.730504163,2.404818115648536,0.00781069
346284.1325031834,4069722.764091833,2.4047404999044386,0.00743156
346284.0954674028,4069722.7976827687,2.4046669541624213,0.00706916
346284.0584344288,4069722.8312767986,2.4045972670750104,0.00672292
346284.0214041146,4069722.8648737604,2.4045312397329077,0.00639226
346283.98437632085,4069722.8984734993,2.404468679377665,0.00607661
346283.9473509156,4069722.9320758707,2.404409408689023,0.00577601
346283.9103277734,4069722.9656807357,2.40435325361972,0.00548967
346283.87330677605,4069722.9992879634,2.4043000551919356,0.00521655
346283.8362878109,4069723.0328974295,2.4042496565680223,0.00495613
346283.79927077075,4069723.066509016,2.404201909921737,0.00470792
346283.76225555455,4069723.100122611,2.4041566796315794,0.00447142
346283.72524206655,4069723.133738109,2.4041138329171194,0.00424615
346283.68823021586,4069723.16735541,2.404073245572048,0.00403164
346283.6512199163,4069723.200974418,2.4040347987284756,0.00382743
346283.61421108624,4069723.234595044,2.4039983831846152,0.00363309
346283.5772036484,4069723.2682172027,2.403963891485748,0.00344818
346283.5401975291,4069723.3018408124,2.4039312186952064,0.00327229
346283.5031926589,4069723.3354657968,2.4039002687062148,0.00310503
346283.46618897194,4069723.3690920835,2.4038709548803467,0.00294599
346283.42918640573,4069723.4027196034,2.403843187679469,0.00279482
346283.392184901,4069723.436348291,2.4038168858274207,0.00265114
346283.3551844017,4069723.4699780853,2.4037919719079084,0.00251462
346283.3181848552,4069723.5036089276,2.4037683748227714,0.00238492
346283.28118621133,4069723.537240763,2.4037460281789924,0.00226173
346283.24418842205,4069723.5708735385,2.4037248640085798,0.00214473
346283.2071914423,4069723.6045072046,2.403704820365047,0.00203363
346283.17019522947,4069723.638141714,2.4036858374629544,0.00192814
346283.13319974294,4069723.6717770225,2.403667860138058,0.00182801
346283.0962049443,4069723.7054130877,2.403650834920148,0.00173297
346283.0592107969,4069723.739049869,2.4036347072337887,0.00164277
346283.0222172662,4069723.7726873285,2.403619432689335,0.00155717
346282.9852243198,4069723.8063254305,2.403604966340552,0.00147596
346282.94823192677,4069723.839964141,2.4035912653952995,0.00139891
346282.9112400577,4069723.8736034282,2.403578288037218,0.00132589
346282.87424868526,4069723.907243261,2.4035659987479048,0.00125662
346282.8372577832,4069723.940883612,2.4035543630427054,0.00119092
346282.8002673264,4069723.9745244514,2.403543342595869,0.00112861
346282.7632772912,4069724.008165755,2.4035329034024864,0.00106951
346282.7262876555,4069724.0418074974,2.403523016930648,0.00101347
346282.6892983982,4069724.075449656,2.4035136542032856,0.00096033
346282.652309499,4069724.1090922086,2.403504785849005,0.00090995
346282.6153209388,4069724.142735134,2.403496386766843,0.00086218
346282.57833269995,4069724.176378412,2.4034884328135417,0.00081689
346282.54134476563,4069724.2100220257,2.4034809057199378,0.00077396
346282.5043571197,4069724.243665956,2.4034737777917456,0.00073326
346282.4673697468,4069724.2773101865,2.4034670284005957,0.00069469
346282.4303826326,4069724.310954701,2.403460637420909,0.00065812
346282.39339576295,4069724.344599485,2.4034545866857844,0.00062347
346282.35640912474,4069724.3782445234,2.403448857531575,0.00059063
346282.3194227056,4069724.411889802,2.4034434288401725,0.00055951
346282.2824364943,4069724.4455353096,2.403438287279831,0.00053001
346282.24545047997,4069724.4791810336,2.4034334173799823,0.00050206
346282.20846465195,4069724.5128269624,2.403428804529871,0.00047558
346282.1714790002,4069724.546473085,2.4034244353765315,0.00045049
346282.13449351524,4069724.580119391,2.403420295167004,0.00042671
346282.0975081886,4069724.613765871,2.403416372029666,0.00040418
346282.06052301225,4069724.647412516,2.4034126554517674,0.00038284
346282.0235379781,4069724.6810593177,2.4034091362032863,0.00036262
346281.9865530785,4069724.714706267,2.4034058043997044,0.00034346
346281.9495683062,4069724.7483533565,2.403402647668599,0.00032531
346281.9125836548,4069724.7820005785,2.403399657431203,0.00030811
346281.87559911795,4069724.8156479266,2.403396827852026,0.00029182
346281.83861468965,4069724.849295394,2.403394149241927,0.00027639
346281.801630364,4069724.882942974,2.403391613130659,0.00026177
346281.76464613504,4069724.916590661,2.4033892091755327,0.00024792
346281.7276619981,4069724.9502384486,2.4033869323468053,0.00023480
346281.6906779485,4069724.9838863323,2.4033847785733187,0.00022238
346281.6536939814,4069725.0175343063,2.4033827342120895,0.00021061
346281.6167100921,4069725.0511823664,2.4033807953558344,0.00019946
346281.5797262769,4069725.0848305076,2.403378957916811,0.00018890
346281.54274253204,4069725.118478726,2.40337721923543,0.00017889
346281.50575885334,4069725.1521270177,2.4033755728054578,0.00016942
346281.4687752374,4069725.185775378,2.403374010119036,0.00016044
346281.43179168156,4069725.2194238044,2.4033725335267278,0.00015194
346281.3948081827,4069725.2530722935,2.403371134617078,0.00014389
346281.35782473744,4069725.286720841,2.403369810860748,0.00013626
346281.32084134256,4069725.3203694443,2.403368554915396,0.00012904
346281.2838579954,4069725.3540181,2.403367363958697,0.00012220
346281.24687469384,4069725.387666806,2.403366241147354,0.00011572
346281.20989143546,4069725.421315559,2.40336518249877,0.00010958
346281.17290821805,4069725.454964358,2.4033641875400105,0.00010376
346281.1359250392,4069725.4886131985,2.40336324918132,0.00009826
346281.09894189704,4069725.5222620796,2.403362367042496,0.00009304
346281.0619587896,4069725.555910999,2.403361538649316,0.00008810
346281.02497571416,4069725.589559953,2.403360753860571,0.00008342
346280.98799266876,4069725.6232089405,2.4033600097139907,0.00007899
346280.9510096518,4069725.656857959,2.4033593045728994,0.00007479
346280.91402666166,4069725.6905070073,2.4033586349336,0.00007082
346280.877043697,4069725.7241560835,2.4033579994061647,0.00006706
346280.8400607564,4069725.757805186,2.4033573943751896,0.00006349
346280.8030778389,4069725.791454314,2.403356821345105,0.00006012
346280.7660949431,4069725.825103466,2.4033562777135535,0.00005692
346280.72911206813,4069725.8587526404,2.4033557609209373,0.00005390
346280.6921292129,4069725.892401837,2.40335527264852,0.00005103
346280.6551463762,4069725.9260510537,2.4033548110213396,0.00004831
346280.6181635572,4069725.95970029,2.40335437460686,0.00004574
346280.58118075517,4069725.9933495447,2.403353959317096,0.00004331
346280.54419796896,4069726.026998817,2.4033535671032924,0.00004100
346280.50721519784,4069726.060648106,2.4033531962537715,0.00003882
346280.47023244086,4069726.0942974105,2.4033528450960695,0.00003675
346280.4332496972,4069726.1279467293,2.403352514389158,0.00003479
346280.39626696624,4069726.161596062,2.4033521976994128,0.00003294
346280.3592842475,4069726.195245409,2.4033519001843406,0.00003118
346280.3223015404,4069726.228894768,2.4033516189537987,0.00002952
346280.285318844,4069726.262544139,2.4033513532172965,0.00002794
346280.24833615765,4069726.296193521,2.4033511006298838,0.00002645
346280.2113534806,4069726.329842913,2.4033508593633854,0.00002504
346280.1743708132,4069726.363492316,2.4033506368886495,0.00002371
346280.13738815446,4069726.3971417286,2.4033504225951043,0.00002244
346280.10040550376,4069726.43079115,2.403350218257646,0.00002124
346280.063422861,4069726.4644405795,2.403350023246475,0.00002011
346280.0264402255,4069726.4980900176,2.403349839587429,0.00001903
346279.98945759685,4069726.531739463,2.40334966641516,0.00001801
346279.95247497445,4069726.565388915,2.4033494986776653,0.00001705
346279.91549235885,4069726.599038375,2.4033493427179597,0.00001614
346279.87850974937,4069726.6326878415,2.403349195555387,0.00001527
346279.8415271457,4069726.6663373145,2.4033490583796966,0.00001445
346279.8045445473,4069726.699986793,2.4033489299115933,0.00001368
346279.76756195363,4069726.733636277,2.4033488069133546,0.00001294
346279.7305793649,4069726.767285766,2.403348694950369,0.00001225
346279.6935967807,4069726.8009352605,2.4033485928380744,0.00001159
346279.6566142008,4069726.8345847595,2.4033484940456784,0.00001097
346279.6196316248,4069726.868234263,2.403348399213278,0.00001038
346279.5826490522,4069726.90188377,2.403348307034095,0.00000982
346279.54566648306,4069726.935533281,2.4033482184094286,0.00000929
346279.5086839169,4069726.969182795,2.4033481321696084,0.00000879
346279.4717013534,4069727.0028323117,2.403348047165468,0.00000832
346279.4347187934,4069727.0364818326,2.403347969066821,0.00000787
346279.3977362365,4069727.070131357,2.4033478971905224,0.00000745
346279.36075368244,4069727.1037808843,2.4033478300395847,0.00000705
346279.3237711312,4069727.137430415,2.4033477686298426,0.00000667
346279.28678858245,4069727.171079948,2.4033477119214033,0.00000631
346279.24980603583,4069727.204729484,2.403347660456763,0.00000597
346279.21282349154,4069727.238379022,2.4033476119576282,0.00000565
346279.1758409492,4069727.272028562,2.4033475647232057,0.00000534
346279.13885840855,4069727.3056781045,2.4033475199814847,0.00000506
346279.10187586973,4069727.3393276487,2.403347477571521,0.00000479
346279.0648933323,4069727.3729771944,2.4033474358983877,0.00000453
346279.0279107962,4069727.4066267414,2.4033473942620955,0.00000429
346278.9909282617,4069727.4402762903,2.403347356049501,0.00000406
346278.9539457286,4069727.473925841,2.4033473213058962,0.00000384
346278.9169631971,4069727.507575393,2.403347288100276,0.00000363
346278.8799806669,4069727.5412249467,2.403347258269361,0.00000344
346278.8429981378,4069727.5748745017,2.403347230690254,0.00000326
346278.80601561005,4069727.608524058,2.403347205678957,0.00000308
346278.7690330833,4069727.6421736153,2.4033471827550743,0.00000292
346278.7320505574,4069727.6758231735,2.4033471620186355,0.00000276
346278.6950680325,4069727.709472733,2.403347143226545,0.00000261
346278.65808550833,4069727.743122293,2.4033471264906963,0.00000248
346278.6211029848,4069727.776771854,2.4033471118166836,0.00000234
346278.584120462,4069727.810421416,2.4033471000473745,0.00000222
346278.5471379398,4069727.8440709785,2.403347087828811,0.00000210
346278.51015541796,4069727.8777205413,2.403347075587785,0.00000199
346278.4731728968,4069727.911370105,2.4033470643122707,0.00000189
346278.43619037594,4069727.945019669,2.403347049663178,0.00000179
346278.39920785534,4069727.978669233,2.4033470316716494,0.00000169
346278.36222533515,4069728.0123187974,2.403347012768707,0.00000160
346278.3252428153,4069728.0459683626,2.403346993820194,0.00000152
346278.28826029587,4069728.0796179282,2.403346974497256,0.00000144
346278.25127777713,4069728.1132674944,2.4033469539408645,0.00000137
346278.2142952593,4069728.1469170614,2.403346935281825,0.00000130
346278.1773127422,4069728.18056663,2.4033469180564344,0.00000123
346278.14033022587,4069728.2142161983,2.4033469020191642,0.00000117
346278.10334770987,4069728.2478657677,2.403346887007935,0.00000111
346278.06636519445,4069728.2815153375,2.403346872048007,0.00000105
346278.0293826798,4069728.3151649083,2.403346857710888,0.00000100
346277.99240016565,4069728.3488144795,2.4033468447436914,0.00000095
346277.9554176521,4069728.3824640517,2.4033468338040147,0.00000090
346277.91843513877,4069728.416113624,2.403346821626933,0.00000086
346277.88145262585,4069728.4497631965,2.403346810230567,0.00000081
346277.8444701135,4069728.4834127696,2.4033467984027967,0.00000077
346277.80748760165,4069728.5170623437,2.4033467892310183,0.00000073
346277.7705050902,4069728.5507119177,2.4033467793494534,0.00000070
346277.7335225789,4069728.584361492,2.4033467706471314,0.00000066
346277.69654006796,4069728.618011067,2.4033467622518687,0.00000063
346277.65955755755,4069728.651660642,2.4033467542441054,0.00000060
346277.6225750474,4069728.685310218,2.4033467473464007,0.00000057
346277.58559253754,4069728.718959794,2.403346739413515,0.00000054
346277.54861002794,4069728.7526093703,2.4033467330157485,0.00000052
346277.51162751846,4069728.7862589466,2.4033467265706894,0.00000049
346277.4746450092,4069728.8199085235,2.4033467198751683,0.00000047
346277.4376625003,4069728.8535581003,2.4033467122004897,0.00000045
346277.4006799917,4069728.8872076776,2.403346706063731,0.00000043
346277.3636974833,4069728.9208572553,2.403346701714795,0.00000041
346277.326714975,4069728.954506833,2.4033466973312025,0.00000039
346277.28973246686,4069728.988156411,2.403346692697779,0.00000037
346277.25274995907,4069729.021805989,2.403346688548059,0.00000035
346277.21576745156,4069729.055455568,2.4033466846706215,0.00000034
346277.1787849441,4069729.0891051465,2.403346682145579,0.00000032
346277.1418024366,4069729.122754725,2.4033466783493758,0.00000031
346277.1048199292,4069729.156404304,2.4033466741174676,0.00000029
346277.06783742213,4069729.1900538825,2.403346670111872,0.00000028
346277.03085491515,4069729.2237034617,2.403346666117592,0.00000027
346276.99387240835,4069729.2573530413,2.403346663586708,0.00000025
346276.9568899015,4069729.2910026205,2.403346659914261,0.00000024
346276.9199073947,4069729.3246522,2.4033466569032735,0.00000023
346276.88292488817,4069729.3583017797,2.4033466542975046,0.00000022
346276.8459423818,4069729.3919513593,2.4033466507453616,0.00000021
346276.8089598756,4069729.4256009394,2.4033466487327795,0.00000020
346276.7719773694,4069729.4592505195,2.4033466467971745,0.00000020
346276.73499486316,4069729.4929000996,2.403346644493272,0.00000019
346276.69801235717,4069729.5265496797,2.403346642295004,0.00000018
346276.6610298513,4069729.56019926,2.403346639011334,0.00000017
346276.62404734554,4069729.5938488403,2.403346637012174,0.00000016
346276.58706483967,4069729.627498421,2.403346635919827,0.00000016
346276.5500823338,4069729.6611480014,2.4033466339061853,0.00000015
346276.5130998281,4069729.694797582,2.403346631846479,0.00000014
346276.47611732257,4069729.7284471625,2.403346629784469,0.00000000
346276.43913481716,4069729.7620967436,2.403346627846393,0.00000000
346276.40215231176,4069729.7957463246,2.403346627005197,0.00000000
346276.36516980635,4069729.829395905,2.4033466253762588,0.00000000
346276.3281873009,4069729.863045486,2.40334662308769,0.00000000
346276.2912047956,4069729.896695067,2.403346619675456,0.00000000
346276.2542222905,4069729.930344648,2.40334661754582,0.00000000
346276.2172397854,4069729.9639942297,2.4033466170671915,0.00000000
346276.18025728036,4069729.9976438107,2.40334661570448,0.00000000
346276.1432747752,4069730.0312933917,2.4033466138013684,0.00000000
346276.10629227024,4069730.064942973,2.4033466133340666,0.00000000
346276.0693097655,4069730.098592555,2.403346614277336,0.00000000
346276.03232726076,4069730.1322421366,2.403346614696646,0.00000000
346275.9953447559,4069730.165891718,2.4033466148416602,0.00000000
346275.95836225094,4069730.1995412996,2.4033466146008133,0.00000000
346275.9213797461,4069730.233190881,2.4033466144647226,0.00000000
346275.88439724135,4069730.2668404626,2.4033466132431855,0.00000000
346275.84741473664,4069730.300490044,2.403346613430206,0.00000000
346275.81043223175,4069730.3341396255,2.4033466136876545,0.00000000
346275.7734497268,4069730.367789207,2.4033466134524297,0.00000000
346275.736467222,4069730.4014387885,2.403346613192571,0.00000000
346275.6994847172,4069730.43508837,2.4033466131795778,0.00000000
346275.6625022125,4069730.468737952,2.403346613178928,0.00000000
346275.6255197077,4069730.5023875334,2.4033466131788956,0.00000000
346275.5885372027,4069730.536037115,2.4033466142695774,0.00000000
346275.55155469786,4069730.5696866964,2.4033466143241116,0.00000000
346275.51457219315,4069730.603336278,2.4033466133602035,0.00000000
346275.4775896884,4069730.6369858594,2.4033466131879595,0.00000000
346275.4406071837,4069730.6706354413,2.4033466145181284,0.00000000
346275.40362467885,4069730.704285023,2.4033466149567833,0.00000000
346275.36664217385,4069730.737934604,2.403346613515886,0.00000000
346275.329659669,4069730.7715841853,2.4033466131957435,0.00000000
346275.29267716425,4069730.8052337673,2.40334661427042,0.00000000
346275.25569465954,4069730.8388833487,2.4033466134815678,0.00000000
346275.2187121547,4069730.87253293,2.403346614780906,0.00000000
346275.1817296497,4069730.9061825117,2.4033466145977758,0.00000000
346275.1447471449,4069730.939832093,2.403346613249838,0.00000000
346275.1077646402,4069730.9734816747,2.40334661330649,0.00000000
346275.0707821354,4069731.007131256,2.403346613433371,0.00000000
346275.0337996306,4069731.040780838,2.4033466147784965,0.00000000
346274.99681712565,4069731.074430419,2.4033466135069714,0.00000000
346274.95983462076,4069731.1080800006,2.403346613195298,0.00000000
346274.92285211605,4069731.1417295826,2.4033466142703976,0.00000000
346274.8858696113,4069731.175379164,2.403346614448202,0.00000000
346274.84888710646,4069731.2090287455,2.403346614829238,0.00000000
346274.8119046015,4069731.242678327,2.403346614600192,0.00000000
346274.7749220967,4069731.2763279085,2.4033466133740076,0.00000000
346274.7379395919,4069731.30997749,2.4033466131886496,0.00000000
346274.7009570872,4069731.3436270715,2.4033466133034307,0.00000000
346274.6639745824,4069731.377276653,2.403346613185121,0.00000000
346274.6269920774,4069731.4109262344,2.403346613179205,0.00000000
346274.59000957257,4069731.444575816,2.403346613302958,0.00000000
346274.5530270678,4069731.478225398,2.403346614275781,0.00000000
346274.5160445631,4069731.5118749794,2.4033466145725195,0.00000000
346274.4790620583,4069731.545524561,2.4033466138430644,0.00000000
346274.44207955356,4069731.5791741423,2.40334661678376,0.00000000
346274.40509704856,4069731.612823724,2.4033466154422105,0.00000000
346274.3681145437,4069731.6464733053,2.403346613142257,0.00000000
346274.33113203896,4069731.680122887,2.403346614515843,0.00000000
346274.29414953414,4069731.7137724683,2.403346614515843,0.00000000
