346314.33898926235,4069690.3034690465,2.3271175270287983,0.00000000
346314.304676749,4069690.3398373215,2.327117526492514,0.00000000
346314.2703642359,4069690.3762055966,2.327117527001984,0.00000000
346314.23605172284,4069690.412573872,2.3271175287097536,0.00000000
346314.2017392097,4069690.448942147,2.3271175277832015,0.00000000
346314.1674266966,4069690.4853104223,2.327117527602802,0.00000000
346314.1331141835,4069690.521678698,2.3271175287397945,0.00000000
346314.09880167036,4069690.558046973,2.3271175277847034,0.00000000
346314.06448915706,4069690.594415248,2.327117527200665,0.00000000
346314.0301766437,4069690.630783523,2.327117527037392,0.00000000
346313.99586413056,4069690.6671517985,2.3271175285774532,0.00000000
346313.9615516175,4069690.7035200736,2.327117528788527,0.00000000
346313.92723910435,4069690.7398883486,2.3271175276530687,0.00000000
346313.8929265912,4069690.776256624,2.327117528608237,0.00000000
346313.85861407814,4069690.812624899,2.327117527644054,0.00000000
346313.82430156483,4069690.8489931743,2.327117527193632,0.00000000
346313.78998905147,4069690.8853614493,2.32711752703704,0.00000000
346313.75567653833,4069690.9217297244,2.3271175275654943,0.00000000
346313.72136402526,4069690.958098,2.3271175287379293,0.00000000
346313.6870515121,4069690.994466275,2.3271175276505387,0.00000000
346313.65273899905,4069691.0308345505,2.3271175287421815,0.00000000
346313.6184264859,4069691.0672028256,2.3271175286626926,0.00000000
346313.5841139726,4069691.1035711006,2.327117527244564,0.00000000
346313.54980145924,4069691.1399393757,2.3271175266373727,0.00000000
346313.5154889461,4069691.1763076507,2.3271175270092272,0.00000000
346313.48117643304,4069691.2126759263,2.327117528710116,0.00000000
346313.4468639199,4069691.2490442013,2.3271175286610895,0.00000000
346313.41255140683,4069691.2854124764,2.3271175277807683,0.00000000
346313.3782388937,4069691.321780752,2.3271175286146217,0.00000000
346313.34392638056,4069691.358149027,2.3271175286563146,0.00000000
346313.30961386726,4069691.394517302,2.327117527244245,0.00000000
346313.2753013539,4069691.430885577,2.3271175270395705,0.00000000
346313.2409888408,4069691.467253852,2.327117527565621,0.00000000
346313.2066763277,4069691.5036221277,2.3271175286038646,0.00000000
346313.1723638146,4069691.5399904028,2.327117528789848,0.00000000
346313.1380513015,4069691.576358678,2.327117527653135,0.00000000
346313.10373878834,4069691.6127269533,2.32711752860824,0.00000000
346313.06942627503,4069691.6490952284,2.3271175287900663,0.00000000
346313.0351137617,4069691.6854635035,2.3271175287991577,0.00000000
346313.0008012486,4069691.7218317785,2.3271175277876717,0.00000000
346312.96648873546,4069691.7582000536,2.327117527603026,0.00000000
346312.9321762224,4069691.794568329,2.3271175287398056,0.00000000
346312.89786370925,4069691.830936604,2.327117527784704,0.00000000
346312.8635511959,4069691.8673048792,2.327117527066594,0.00000000
346312.8292386826,4069691.9036731543,2.327117526494404,0.00000000
346312.79492616944,4069691.94004143,2.327117528014019,0.00000000
346312.76061365637,4069691.976409705,2.3271175287603554,0.00000000
346312.72630114324,4069692.01277798,2.32711752765166,0.00000000
346312.6919886301,4069692.0491462555,2.3271175286081665,0.00000000
346312.657676117,4069692.0855145305,2.3271175276440506,0.00000000
346312.62336360395,4069692.1218828056,2.327117527729916,0.00000000
346312.5890510906,4069692.1582510807,2.327117527197925,0.00000000
346312.5547385772,4069692.1946193557,2.3271175270372546,0.00000000
346312.52042606415,4069692.2309876313,2.327117528711517,0.00000000
346312.486113551,4069692.2673559063,2.32711752879523,0.00000000
346312.45180103794,4069692.303724182,2.327117528799416,0.00000000
346312.4174885248,4069692.340092457,2.3271175286655543,0.00000000
346312.3831760117,4069692.376460732,2.3271175276469203,0.00000000
346312.34886349837,4069692.412829007,2.327117527193775,0.00000000
346312.314550985,4069692.449197282,2.327117527037047,0.00000000
346312.28023847187,4069692.485565557,2.3271175274314237,0.00000000
346312.2459259588,4069692.5219338327,2.327117528597155,0.00000000
346312.2116134457,4069692.5583021077,2.3271175277775713,0.00000000
346312.1773009326,4069692.5946703833,2.327117528614462,0.00000000
346312.14298841945,4069692.6310386583,2.3271175286563066,0.00000000
346312.10867590614,4069692.6674069334,2.3271175286583987,0.00000000
346312.07436339284,4069692.7037752084,2.3271175287925745,0.00000000
346312.0400508797,4069692.7401434835,2.3271175277873426,0.00000000
346312.00573836657,4069692.776511759,2.327117528614951,0.00000001
346311.9714258535,4069692.812880034,2.327117528790402,0.00000000
346311.93711334036,4069692.849248309,2.327117527787234,0.00000000
346311.90280082705,4069692.885616584,2.327117527200791,0.00000001
346311.8684883137,4069692.9219848593,2.327117525489173,0.00000000
346311.83417580056,4069692.958353135,2.327117526951817,0.00000000
346311.7998632875,4069692.99472141,2.3271175275612332,0.00000000
346311.76555077435,4069693.031089685,2.327117527591704,0.00000001
346311.7312382612,4069693.0674579605,2.327117528605169,0.00000000
346311.69692574814,4069693.1038262355,2.327117527643901,0.00000000
346311.66261323506,4069693.140194511,2.3271175287418497,0.00000001
346311.6283007217,4069693.176562786,2.3271175281263914,0.00000000
346311.5939882084,4069693.212931061,2.327117528229689,0.00000000
346311.55967569526,4069693.249299336,2.327117528637068,0.00000000
346311.5253631821,4069693.2856676113,2.3271175276454956,0.00000000
346311.49105066905,4069693.322035887,2.3271175287419292,0.00000000
346311.4567381559,4069693.358404162,2.327117527650739,0.00000000
346311.42242564284,4069693.394772437,2.3271175277302505,0.00000001
346311.3881131295,4069693.431140712,2.327117527197942,0.00000000
346311.35380061617,4069693.467508987,2.3271175271713265,0.00000000
346311.31948810304,4069693.5038772626,2.3271175285841497,0.00000000
346311.2851755899,4069693.5402455376,2.3271175276428497,0.00000000
346311.2508630768,4069693.576613813,2.327117528741797,0.00000000
346311.2165505637,4069693.6129820882,2.3271175286626735,0.00000000
346311.18223805056,4069693.6493503633,2.327117527646776,0.00000000
346311.14792553725,4069693.6857186384,2.327117527193768,0.00000000
346311.11361302395,4069693.7220869134,2.3271175270370468,0.00000000
346311.0793005108,4069693.758455189,2.327117528577436,0.00000000
346311.0449879977,4069693.794823464,2.327117528654455,0.00000000
346311.0106754846,4069693.831191739,2.3271175277804366,0.00000000
346310.9763629715,4069693.8675600146,2.3271175286146053,0.00000000
346310.94205045834,4069693.9039282897,2.3271175286563137,0.00000000
346310.9077379451,4069693.9402965647,2.3271175273783165,0.00000000
346310.8734254317,4069693.97666484,2.327117527180345,0.00000000
346310.8391129186,4069694.013033115,2.3271175275726597,0.00000000
346310.80480040546,4069694.0494013904,2.3271175286042167,0.00000000
346310.7704878924,4069694.0857696654,2.3271175287898656,0.00000000
346310.73617537925,4069694.1221379405,2.327117527787207,0.00000000
346310.7018628661,4069694.158506216,2.3271175286149437,0.00000000
346310.6675503528,4069694.194874491,2.3271175271081055,0.00000000
346310.6332378395,4069694.231242766,2.3271175271668345,0.00000000
346310.59892532637,4069694.267611041,2.327117527571984,0.00000000
346310.56461281324,4069694.3039793163,2.3271175275922413,0.00000000
346310.5303003001,4069694.340347592,2.3271175286051955,0.00000000
346310.495987787,4069694.376715867,2.3271175276439022,0.00000000
346310.46167527395,4069694.4130841424,2.3271175287418497,0.00000001
346310.4273627606,4069694.4494524174,2.3271175281263914,0.00000001
346310.3930502473,4069694.4858206925,2.327117528229689,0.00000000
346310.35873773415,4069694.5221889676,2.327117528637068,0.00000000
346310.324425221,4069694.5585572426,2.3271175276454956,0.00000000
346310.29011270794,4069694.594925518,2.3271175287419292,0.00000000
346310.2558001948,4069694.631293793,2.327117527650739,0.00000000
346310.22148768173,4069694.6676620683,2.3271175277302505,0.00000000
346310.18717516836,4069694.7040303433,2.327117527197942,0.00000001
346310.15286265506,4069694.7403986184,2.3271175271713265,0.00000000
346310.1185501419,4069694.776766894,2.3271175285841497,0.00000000
346310.0842376288,4069694.813135169,2.3271175276428497,0.00000000
346310.0499251157,4069694.8495034445,2.327117528741797,0.00000000
346310.0156126026,4069694.8858717196,2.3271175286626735,0.00000000
346309.98130008945,4069694.9222399946,2.327117527646776,0.00000000
346309.94698757614,4069694.9586082697,2.327117527193768,0.00000000
346309.91267506283,4069694.9949765448,2.3271175271711178,0.00000000
346309.8783625497,4069695.0313448203,2.3271175285841394,0.00000000
346309.84405003657,4069695.0677130953,2.3271175286547905,0.00000000
346309.8097375235,4069695.1040813704,2.3271175277804534,0.00000000
346309.77542501036,4069695.140449646,2.327117528614606,0.00000000
346309.7411124972,4069695.176817921,2.3271175286563137,0.00000000
346309.7067999839,4069695.213186196,2.327117527110174,0.00000000
346309.6724874706,4069695.249554471,2.327117527032867,0.00000000
346309.6381749575,4069695.285922746,2.3271175275652856,0.00000000
346309.60386244435,4069695.3222910217,2.3271175286038477,0.00000001
346309.5695499313,4069695.3586592968,2.327117528789847,0.00000000
346309.53523741814,4069695.395027572,2.327117527653135,0.00000000
346309.50092490506,4069695.4313958474,2.327117528742311,0.00000001
346309.46661239176,4069695.4677641224,2.327117527248545,0.00000000
346309.4322998784,4069695.5041323975,2.3271175270397855,0.00000000
346309.39798736526,4069695.5405006725,2.3271175275656315,0.00000000
346309.3636748521,4069695.5768689476,2.327117527591924,0.00000000
346309.32936233905,4069695.613237223,2.3271175287392505,0.00000000
346309.2950498259,4069695.649605498,2.327117527650605,0.00000000
346309.26073731284,4069695.6859737737,2.3271175287421846,0.00000001
346309.22642479953,4069695.722342049,2.32711752839455,0.00000000
346309.19211228617,4069695.758710324,2.327117528243097,0.00000000
346309.15779977303,4069695.795078599,2.3271175286377384,0.00000000
346309.1234872599,4069695.831446874,2.3271175276455294,0.00000000
346309.0891747468,4069695.8678151495,2.327117528741931,0.00000000
346309.0548622337,4069695.9041834245,2.327117527650739,0.00000000
346309.02054972056,4069695.9405516996,2.327117527596179,0.00000000
346308.98623720725,4069695.9769199747,2.3271175271912385,0.00000000
346308.95192469395,4069696.0132882497,2.32711752703692,0.00000000
346308.9176121808,4069696.0496565253,2.3271175285774297,0.00000000
346308.8832996677,4069696.0860248003,2.327117527642514,0.00000000
346308.8489871546,4069696.122393076,2.32711752874178,0.00000001
346308.8146746415,4069696.158761351,2.3271175286626726,0.00000000
346308.78036212834,4069696.195129626,2.327117527646776,0.00000000
346308.7460496151,4069696.231497901,2.3271175273278395,0.00000000
346308.7117371017,4069696.267866176,2.3271175270437503,0.00000000
346308.6774245886,4069696.3042344516,2.327117528577771,0.00000000
346308.64311207546,4069696.3406027267,2.327117528654472,0.00000000
346308.6087995624,4069696.3769710017,2.3271175277804375,0.00000000
346308.57448704925,4069696.4133392773,2.3271175287486763,0.00000000
346308.5401745361,4069696.4497075523,2.327117527651076,0.00000000
346308.50586202287,4069696.4860758274,2.327117527193983,0.00000000
346308.4715495095,4069696.5224441024,2.3271175270370574,0.00000000
346308.43723699637,4069696.5588123775,2.327117527565495,0.00000000
346308.40292448323,4069696.595180653,2.3271175286038583,0.00000001
346308.3686119701,4069696.631548928,2.3271175286557764,0.00000000
346308.334299457,4069696.6679172036,2.3271175287924435,0.00000000
346308.29998694395,4069696.7042854787,2.3271175287992767,0.00000001
346308.26567443064,4069696.7406537537,2.327117527251393,0.00000000
346308.2313619173,4069696.777022029,2.327117527039928,0.00000000
346308.19704940415,4069696.813390304,2.3271175275656386,0.00000000
346308.162736891,4069696.849758579,2.3271175275919243,0.00000001
346308.1284243779,4069696.8861268545,2.3271175286051795,0.00000000
346308.0941118648,4069696.9224951295,2.3271175276439013,0.00000000
346308.05979935173,4069696.958863405,2.3271175287418497,0.00000001
346308.0254868384,4069696.99523168,2.327117528394534,0.00000000
346307.99117432506,4069697.031599955,2.327117526694871,0.00000000
346307.9568618119,4069697.06796823,2.327117527012102,0.00000000
346307.9225492988,4069697.1043365053,2.3271175274301763,0.00000000
346307.8882367857,4069697.140704781,2.327117528731163,0.00000000
346307.8539242726,4069697.177073056,2.3271175286621415,0.00000000
346307.81961175945,4069697.213441331,2.3271175276467493,0.00000000
346307.7852992464,4069697.2498096065,2.327117528741992,0.00000000
346307.75098673307,4069697.2861778815,2.3271175287967543,0.00000001
346307.71667421976,4069697.3225461566,2.327117528799492,0.00000000
346307.68236170657,4069697.3589144317,2.327117527653617,0.00000000
346307.6480491935,4069697.3952827067,2.327117527730395,0.00000000
346307.61373668036,4069697.4316509822,2.3271175286121033,0.00000000
346307.5794241672,4069697.4680192573,2.3271175276442473,0.00000000
346307.5451116539,4069697.5043875324,2.327117527059571,0.00000000
346307.5107991406,4069697.5407558074,2.327117527030337,0.00000000
346307.4764866275,4069697.577124083,2.3271175285771,0.00000000
346307.44217411435,4069697.613492358,2.3271175286544383,0.00000001
346307.40786160127,4069697.649860633,2.3271175277804357,0.00000000
346307.37354908814,4069697.6862289086,2.3271175286146053,0.00000000
346307.33923657506,4069697.7225971837,2.327117527778444,0.00000001
346307.30492406175,4069697.7589654587,2.3271175272003517,0.00000000
346307.2706115484,4069697.795333734,2.327117526635162,0.00000000
346307.23629903526,4069697.831702009,2.3271175270091167,0.00000000
346307.2019865221,4069697.8680702844,2.327117528441968,0.00000001
346307.16767400905,4069697.9044385594,2.327117528781753,0.00000000
346307.1333614959,4069697.940806835,2.327117528664671,0.00000000
346307.09904898284,4069697.97717511,2.327117528792888,0.00000001
346307.0647364697,4069698.013543385,2.3271175276532867,0.00000000
346307.0304239564,4069698.04991166,2.3271175271940936,0.00000001
346306.9961114431,4069698.086279935,2.327117527171134,0.00000000
346306.9617989299,4069698.1226482103,2.327117527438128,0.00000000
346306.9274864168,4069698.159016486,2.327117528731561,0.00000000
346306.8931739037,4069698.195384761,2.3271175276502203,0.00000000
346306.8588613906,4069698.2317530364,2.3271175287421655,0.00000001
346306.8245488775,4069698.2681213114,2.3271175287967627,0.00000000
346306.7902363642,4069698.3044895865,2.3271175276534803,0.00000001
346306.75592385087,4069698.3408578616,2.3271175286082575,0.00000000
346306.7216113377,4069698.3772261366,2.327117527644055,0.00000000
346306.6872988246,4069698.413594412,2.3271175287418573,0.00000001
346306.65298631147,4069698.449962687,2.327117528662676,0.00000000
346306.61867379834,4069698.4863309623,2.327117527646776,0.00000000
346306.5843612851,4069698.522699238,2.32711752833978,0.00000000
346306.5500487718,4069698.5590675124,2.327117525814265,0.00000000
346306.5157362586,4069698.595435788,2.3271175269680717,0.00000000
346306.48142374546,4069698.631804063,2.327117527427975,0.00000000
346306.4471112324,4069698.668172338,2.3271175277191123,0.00000001
346306.41279871925,4069698.7045406136,2.3271175286115393,0.00000000
346306.3784862061,4069698.7409088886,2.3271175276442193,0.00000000
346306.34417369304,4069698.777277164,2.3271175286077943,0.00000000
346306.30986117973,4069698.813645439,2.3271175282537593,0.00000000
346306.2755486664,4069698.8500137143,2.327117527224117,0.00000000
346306.24123615323,4069698.8863819893,2.327117528452718,0.00000001
346306.20692364016,4069698.9227502644,2.3271175277703495,0.00000000
346306.172611127,4069698.95911854,2.327117528748172,0.00000000
346306.13829861395,4069698.995486815,2.327117528797063,0.00000001
346306.1039861008,4069699.03185509,2.3271175276534954,0.00000000
346306.0696735875,4069699.0682233656,2.3271175282060446,0.00000000
346306.0353610742,4069699.10459164,2.3271175272217315,0.00000000
346306.001048561,4069699.1409599157,2.3271175284525984,0.00000001
346305.9667360479,4069699.1773281908,2.3271175276362723,0.00000000
346305.9324235348,4069699.213696466,2.327117527595456,0.00000000
346305.8981110217,4069699.2500647414,2.3271175287394272,0.00000001
346305.8637985086,4069699.2864330164,2.327117527784685,0.00000001
346305.8294859953,4069699.3228012915,2.3271175272006634,0.00000001
346305.795173482,4069699.3591695665,2.3271175270373914,0.00000000
346305.7608609688,4069699.395537842,2.327117528443382,0.00000000
346305.7265484557,4069699.431906117,2.3271175287818235,0.00000000
346305.6922359426,4069699.468274392,2.3271175276527334,0.00000000
346305.65792342945,4069699.5046426677,2.32711752860822,0.00000000
346305.6236109164,4069699.541010943,2.3271175287900654,0.00000000
346305.5892984031,4069699.577379218,2.327117527385004,0.00000000
346305.55498588976,4069699.613747493,2.3271175270466085,0.00000000
346305.52067337657,4069699.650115768,2.3271175274319016,0.00000000
346305.4863608635,4069699.6864840435,2.3271175287312498,0.00000000
346305.45204835036,4069699.7228523185,2.327117528662146,0.00000000
346305.4177358372,4069699.7592205936,2.3271175276467497,0.00000000
346305.38342332415,4069699.795588869,2.327117528607921,0.00000000
346305.3491108109,4069699.831957144,2.327117527375897,0.00000000
346305.31479829754,4069699.8683254193,2.3271175270461533,0.00000000
346305.28048578434,4069699.9046936943,2.327117527431879,0.00000001
346305.24617327127,4069699.9410619694,2.3271175277193077,0.00000000
346305.21186075814,4069699.977430245,2.327117528611549,0.00000000
346305.17754824506,4069700.01379852,2.327117527778291,0.00000001
346305.1432357319,4069700.0501667955,2.3271175286144983,0.00000000
346305.1089232187,4069700.0865350706,2.327117528388166,0.00000000
346305.0746107053,4069700.1229033456,2.3271175272308375,0.00000000
346305.0402981921,4069700.1592716207,2.327117528453054,0.00000001
346305.00598567905,4069700.1956398957,2.3271175277703664,0.00000000
346304.9716731659,4069700.2320081713,2.3271175286141017,0.00000000
346304.93736065284,4069700.2683764463,2.3271175277784186,0.00000001
346304.9030481397,4069700.3047447214,2.3271175276025633,0.00000000
346304.8687356264,4069700.341112997,2.3271175282034977,0.00000001
346304.8344231131,4069700.3774812715,2.3271175272216045,0.00000000
346304.8001105999,4069700.413849547,2.3271175284525922,0.00000001
346304.7657980868,4069700.450217822,2.3271175277703433,0.00000000
346304.7314855737,4069700.4865860976,2.327117528614101,0.00000000
346304.6971730606,4069700.5229543727,2.3271175287903594,0.00000001
346304.6628605475,4069700.5593226478,2.3271175277872316,0.00000000
346304.6285480342,4069700.595690923,2.327117527200791,0.00000001
346304.59423552087,4069700.632059198,2.327117527171469,0.00000000
346304.5599230077,4069700.6684274734,2.3271175284500853,0.00000000
346304.5256104946,4069700.7047957485,2.327117528782159,0.00000000
346304.49129798147,4069700.7411640235,2.3271175276527503,0.00000000
346304.45698546834,4069700.777532299,2.327117528608221,0.00000000
346304.42267295526,4069700.813900574,2.3271175287900654,0.00000000
346304.38836044195,4069700.850268849,2.3271175272509326,0.00000000
346304.35404792865,4069700.8866371242,2.327117527039905,0.00000000
346304.31973541545,4069700.9230053993,2.3271175274315667,0.00000000
346304.2854229024,4069700.959373675,2.327117528731233,0.00000000
346304.25111038925,4069700.99574195,2.327117528662145,0.00000000
346304.2167978761,4069701.032110225,2.3271175276467497,0.00000000
346304.18248536304,4069701.0684785005,2.327117528607921,0.00000000
346304.1481728498,4069701.1048467755,2.327117527375897,0.00000000
346304.1138603364,4069701.1412150506,2.3271175270461533,0.00000000
346304.07954782323,4069701.1775833257,2.327117527431879,0.00000001
346304.04523531016,4069701.2139516007,2.3271175277193077,0.00000000
346304.010922797,4069701.2503198762,2.32711752874562,0.00000000
346303.97661028395,4069701.2866881513,2.3271175277849947,0.00000001
346303.9422977708,4069701.323056427,2.327117528614833,0.00000000
346303.90798525757,4069701.359424702,2.327117528388183,0.00000000
346303.8736727442,4069701.395792977,2.3271175270967674,0.00000000
346303.839360231,4069701.432161252,2.3271175284463506,0.00000001
346303.8050477179,4069701.468529527,2.3271175276359597,0.00000001
346303.7707352048,4069701.5048978026,2.3271175286073813,0.00000000
346303.7364226917,4069701.5412660777,2.327117527778083,0.00000001
346303.7021101786,4069701.5776343527,2.3271175276025464,0.00000001
346303.66779766534,4069701.6140026283,2.3271175283375682,0.00000000
346303.633485152,4069701.650370903,2.327117527094237,0.00000000
346303.5991726388,4069701.6867391784,2.327117528446224,0.00000000
346303.5648601257,4069701.7231074534,2.327117527770025,0.00000000
346303.5305476126,4069701.759475729,2.327117528614085,0.00000000
346303.4962350995,4069701.795844004,2.327117528790359,0.00000000
346303.4619225864,4069701.832212279,2.3271175277872316,0.00000000
346303.4276100731,4069701.868580554,2.3271175273348623,0.00000000
346303.39329755976,4069701.904948829,2.3271175270441016,0.00000000
346303.35898504657,4069701.9413171047,2.327117528443717,0.00000000
346303.3246725335,4069701.97768538,2.3271175287818404,0.00000000
346303.29036002036,4069702.014053655,2.3271175276527343,0.00000000
346303.2560475072,4069702.0504219304,2.32711752860822,0.00000000
346303.22173499415,4069702.0867902054,2.327117527644053,0.00000000
346303.1874224809,4069702.1231584805,2.3271175273277036,0.00000000
346303.15310996753,4069702.1595267556,2.3271175270437436,0.00000000
346303.11879745434,4069702.1958950306,2.3271175274317586,0.00000001
346303.08448494127,4069702.232263306,2.3271175287312422,0.00000000
346303.05017242813,4069702.268631581,2.3271175286621455,0.00000000
346303.01585991506,4069702.3049998567,2.327117528792762,0.00000001
346302.9815474019,4069702.341368132,2.3271175286652217,0.00000000
346302.9472348887,4069702.377736407,2.327117527378762,0.00000000
346302.9129223753,4069702.414104682,2.3271175270462967,0.00000000
346302.8786098621,4069702.450472957,2.327117527431886,0.00000001
346302.84429734905,4069702.486841232,2.327117527719308,0.00000000
346302.8099848359,4069702.5232095076,2.327117528611549,0.00000000
346302.77567232284,4069702.5595777826,2.327117527778291,0.00000000
346302.7413598097,4069702.595946058,2.3271175286144983,0.00000000
346302.70704729646,4069702.632314333,2.327117528388166,0.00000000
346302.6727347831,4069702.6686826083,2.327117526828624,0.00000000
346302.6384222699,4069702.7050508833,2.3271175268847184,0.00000001
346302.6041097568,4069702.7414191584,2.327117527423807,0.00000000
346302.5697972437,4069702.777787434,2.327117528596774,0.00000000
346302.5354847306,4069702.814155709,2.3271175277775527,0.00000000
346302.5011722175,4069702.850523984,2.327117527736591,0.00000000
346302.46685970435,4069702.8868922596,2.3271175286124133,0.00000000
346302.4325471911,4069702.9232605346,2.327117528656204,0.00000000
346302.3982346778,4069702.9596288097,2.327117528792465,0.00000000
346302.3639221646,4069702.995997085,2.327117527787337,0.00000000
346302.32960965147,4069703.0323653603,2.3271175286149504,0.00000001
346302.29529713833,4069703.0687336354,2.327117528656331,0.00000000
346302.26098462526,4069703.1051019104,2.3271175277805303,0.00000000
346302.226672112,4069703.1414701855,2.3271175273345275,0.00000000
346302.19235959864,4069703.1778384605,2.3271175270440847,0.00000000
346302.15804708545,4069703.214206736,2.327117528443716,0.00000000
346302.1237345724,4069703.250575011,2.3271175287818404,0.00000000
346302.08942205925,4069703.286943286,2.3271175276527343,0.00000000
346302.0551095461,4069703.3233115617,2.32711752860822,0.00000000
346302.02079703304,4069703.359679837,2.327117527644053,0.00000000
346301.9864845198,4069703.396048112,2.3271175273277036,0.00000000
346301.9521720064,4069703.432416387,2.3271175270437436,0.00000000
346301.91785949323,4069703.468784662,2.3271175274317586,0.00000001
346301.88354698016,4069703.5051529375,2.3271175287312422,0.00000000
346301.849234467,4069703.5415212126,2.3271175287962165,0.00000000
346301.81492195395,4069703.577889488,2.3271175287994654,0.00000000
346301.7806094408,4069703.614257763,2.327117528665557,0.00000000
346301.74629692757,4069703.650626038,2.3271175273787787,0.00000000
346301.7119844142,4069703.6869943133,2.3271175267781548,0.00000000
346301.677671901,4069703.7233625883,2.3271175268821946,0.00000001
346301.6433593879,4069703.7597308634,2.3271175272896105,0.00000000
346301.6090468748,4069703.796099139,2.327117528590064,0.00000000
346301.5747343617,4069703.832467414,2.327117527777217,0.00000000
346301.5404218486,4069703.8688356895,2.3271175286144445,0.00000000
346301.50610933546,4069703.9052039646,2.3271175286563057,0.00000000
346301.4717968222,4069703.9415722396,2.327117527378316,0.00000000
346301.4374843089,4069703.9779405147,2.327117527180345,0.00000000
346301.4031717957,4069704.0143087897,2.3271175274385887,0.00000000
346301.3688592826,4069704.0506770653,2.3271175285975128,0.00000000
346301.3345467695,4069704.0870453403,2.3271175287895303,0.00000000
346301.30023425637,4069704.1234136154,2.3271175277871903,0.00000000
346301.26592174324,4069704.159781891,2.3271175286149433,0.00000000
346301.23160923,4069704.196150166,2.3271175286563306,0.00000000
346301.1972967167,4069704.232518441,2.3271175286584,0.00000000
346301.1629842035,4069704.268886716,2.3271175277806337,0.00000000
346301.12867169036,4069704.305254991,2.327117527602674,0.00000000
346301.0943591772,4069704.3416232667,2.3271175286057173,0.00000000
346301.06004666415,4069704.3779915418,2.327117527643928,0.00000000
346301.0257341509,4069704.414359817,2.3271175273276974,0.00000000
346300.9914216376,4069704.450728092,2.327117526775601,0.00000000
346300.95710912434,4069704.4870963674,2.327117526882067,0.00000001
346300.92279661127,4069704.5234646425,2.327117527423675,0.00000000
346300.88848409813,4069704.5598329175,2.327117527584826,0.00000000
346300.85417158506,4069704.596201193,2.3271175287388957,0.00000000
346300.8198590719,4069704.632569468,2.3271175286625283,0.00000000
346300.78554655885,4069704.668937743,2.3271175277808402,0.00000001
346300.75123404554,4069704.7053060187,2.3271175283464833,0.00000000
346300.71692153224,4069704.7416742938,2.3271175282406937,0.00000000
346300.68260901904,4069704.778042569,2.3271175285035466,0.00000000
346300.6482965059,4069704.814410844,2.3271175276388196,0.00000000
346300.61398399284,4069704.850779119,2.3271175277296545,0.00000000
346300.5796714797,4069704.8871473945,2.3271175286120664,0.00000000
346300.54535896657,4069704.9235156695,2.3271175276442455,0.00000000
346300.5110464533,4069704.9598839446,2.327117527327713,0.00000000
346300.47673394,4069704.9962522197,2.327117527043744,0.00000000
346300.4424214268,4069705.032620495,2.3271175284436993,0.00000000
346300.4081089137,4069705.0689887702,2.3271175286477686,0.00000000
346300.3737964006,4069705.1053570453,2.327117527780102,0.00000000
346300.3394838875,4069705.141725321,2.3271175286145884,0.00000000
346300.30517137435,4069705.178093596,2.327117528656313,0.00000000
346300.27085886116,4069705.214461871,2.327117527512387,0.00000000
346300.2365463478,4069705.250830146,2.3271175270529776,0.00000000
346300.2022338346,4069705.287198421,2.32711752743222,0.00000000
346300.16792132147,4069705.3235666966,2.3271175285971943,0.00000000
346300.1336088084,4069705.3599349717,2.3271175287895143,0.00000000
346300.09929629526,4069705.3963032467,2.3271175277871894,0.00000000
346300.0649837821,4069705.4326715223,2.327117528614943,0.00000000
346300.03067126893,4069705.4690397973,2.327117527376248,0.00000000
346299.99635875557,4069705.5054080724,2.3271175270461706,0.00000000
346299.9620462424,4069705.5417763474,2.32711752743188,0.00000000
346299.92773372924,4069705.5781446225,2.3271175275852363,0.00000000
346299.8934212161,4069705.614512898,2.3271175286048456,0.00000000
346299.85910870304,4069705.650881173,2.327117527777956,0.00000000
346299.82479618996,4069705.6872494486,2.3271175287485524,0.00000001
346299.7904836767,4069705.7236177237,2.3271175283948686,0.00000000
346299.75617116335,4069705.7599859987,2.327117527097102,0.00000000
346299.72185865015,4069705.796354274,2.3271175274344262,0.00000000
346299.687546137,4069705.832722549,2.3271175275853637,0.00000000
346299.6532336239,4069705.8690908244,2.3271175286048518,0.00000000
346299.6189211108,4069705.9054590994,2.327117527643885,0.00000000
346299.58460859774,4069705.9418273745,2.327117527729908,0.00000000
346299.5502960845,4069705.97819565,2.3271175284780075,0.00000000
346299.5159835711,4069706.014563925,2.3271175281131993,0.00000000
346299.48167105793,4069706.0509322,2.327117528497172,0.00000000
346299.4473585448,4069706.087300475,2.3271175276385008,0.00000000
346299.4130460317,4069706.1236687507,2.3271175287415797,0.00000000
346299.3787335186,4069706.160037026,2.3271175286626624,0.00000000
346299.34442100546,4069706.196405301,2.3271175276467755,0.00000000
346299.31010849227,4069706.232773576,2.32711752746191,0.00000000
346299.2757959789,4069706.269141851,2.327117527184525,0.00000000
346299.2414834657,4069706.3055101265,2.327117528450738,0.00000000
346299.2071709526,4069706.3418784016,2.3271175286481203,0.00000000
346299.1728584395,4069706.3782466766,2.32711752778012,0.00000000
346299.13854592637,4069706.414614952,2.3271175287486603,0.00000000
346299.10423341324,4069706.450983227,2.3271175286630164,0.00000000
346299.0699209,4069706.4873515023,2.3271175273786517,0.00000000
346299.0356083867,4069706.5237197774,2.327117527046291,0.00000000
346299.0012958735,4069706.5600880524,2.327117527431886,0.00000000
346298.96698336035,4069706.596456328,2.327117528597178,0.00000000
346298.9326708472,4069706.632824603,2.3271175286554424,0.00000000
346298.89835833415,4069706.669192878,2.3271175276464144,0.00000000
346298.864045821,4069706.7055611536,2.3271175286079044,0.00000000
346298.8297333078,4069706.7419294287,2.327117527375896,0.00000000
346298.79542079446,4069706.7782977037,2.3271175270461533,0.00000000
346298.76110828127,4069706.814665979,2.327117527431879,0.00000000
346298.72679576813,4069706.851034254,2.3271175275852363,0.00000001
346298.69248325506,4069706.8874025294,2.327117528738916,0.00000000
346298.6581707419,4069706.9237708044,2.327117527650588,0.00000000
346298.62385822885,4069706.96013908,2.3271175287421837,0.00000001
346298.5895457156,4069706.996507355,2.327117528528621,0.00000000
346298.55523320223,4069707.03287563,2.3271175271037894,0.00000000
346298.52092068904,4069707.069243905,2.3271175274347606,0.00000000
346298.4866081759,4069707.10561218,2.32711752758538,0.00000000
346298.45229566284,4069707.1419804557,2.3271175287389236,0.00000000
346298.4179831497,4069707.178348731,2.3271175276505884,0.00000000
346298.38367063657,4069707.214717006,2.3271175275961715,0.00000000
346298.3493581234,4069707.2510852814,2.327117528471321,0.00000000
346298.31504561,4069707.2874535564,2.327117528112865,0.00000000
346298.2807330968,4069707.3238218315,2.3271175284971553,0.00000000
346298.2464205837,4069707.3601901066,2.3271175276385,0.00000000
346298.2121080706,4069707.396558382,2.3271175287415793,0.00000000
346298.1777955575,4069707.432926657,2.3271175286626624,0.00000000
346298.14348304435,4069707.469294932,2.3271175276467755,0.00000000
346298.10917053116,4069707.5056632073,2.32711752746191,0.00000000
346298.0748580178,4069707.5420314823,2.327117527050454,0.00000000
346298.0405455046,4069707.578399758,2.3271175284440346,0.00000000
346298.00623299147,4069707.614768033,2.3271175286477854,0.00000000
346297.9719204784,4069707.651136308,2.327117527780103,0.00000000
346297.93760796526,4069707.6875045835,2.32711752874866,0.00000000
346297.9032954521,4069707.7238728586,2.3271175286630164,0.00000000
346297.86898293893,4069707.7602411336,2.3271175273786517,0.00000000
346297.83467042557,4069707.7966094087,2.327117527046291,0.00000000
346297.8003579124,4069707.8329776837,2.327117527431886,0.00000000
346297.76604539924,4069707.8693459593,2.327117528597178,0.00000001
346297.7317328861,4069707.9057142343,2.3271175286554424,0.00000000
346297.69742037304,4069707.9420825094,2.327117527780486,0.00000000
346297.66310785996,4069707.978450785,2.327117528748679,0.00000001
346297.6287953467,4069708.01481906,2.327117527382935,0.00000000
346297.59448283334,4069708.051187335,2.327117527046505,0.00000000
346297.56017032015,4069708.08755561,2.3271175274318967,0.00000000
346297.525857807,4069708.123923885,2.327117527585237,0.00000001
346297.4915452939,4069708.1602921607,2.3271175286048456,0.00000000
346297.4572327808,4069708.1966604358,2.3271175276438845,0.00000000
346297.42292026774,4069708.2330287113,2.327117528741849,0.00000001
346297.3886077545,4069708.2693969863,2.3271175285286043,0.00000000
346297.3542952411,4069708.3057652614,2.3271175271037885,0.00000000
346297.31998272793,4069708.3421335365,2.3271175274347606,0.00000000
346297.2856702148,4069708.3785018115,2.32711752758538,0.00000000
346297.2513577017,4069708.414870087,2.3271175287389236,0.00000000
346297.2170451886,4069708.451238362,2.3271175276505884,0.00000000
346297.18273267546,4069708.487606637,2.3271175275961715,0.00000000
346297.14842016227,4069708.5239749127,2.327117528471321,0.00000000
346297.1141076489,4069708.560343188,2.327117528112865,0.00000000
346297.0797951357,4069708.596711463,2.3271175284971553,0.00000000
346297.0454826226,4069708.633079738,2.3271175276385,0.00000000
346297.0111701095,4069708.6694480134,2.3271175287415793,0.00000000
346296.97685759637,4069708.7058162885,2.3271175286626624,0.00000000
346296.94254508324,4069708.7421845635,2.3271175276467755,0.00000000
346296.90823257004,4069708.7785528386,2.32711752746191,0.00000000
346296.8739200567,4069708.8149211137,2.327117527050454,0.00000000
346296.8396075435,4069708.851289389,2.3271175283099637,0.00000000
346296.80529503035,4069708.8876576643,2.327117528641082,0.00000000
346296.7709825173,4069708.9240259393,2.3271175277797678,0.00000000
346296.73667000415,4069708.960394215,2.327117528748643,0.00000000
346296.702357491,4069708.99676249,2.3271175286630155,0.00000000
346296.6680449778,4069709.033130765,2.3271175275127223,0.00000000
346296.6337324645,4069709.06949904,2.3271175271870654,0.00000000
346296.59941995126,4069709.105867315,2.3271175274389244,0.00000000
346296.56510743813,4069709.1422355906,2.3271175285975296,0.00000001
346296.530794925,4069709.1786038657,2.32711752865546,0.00000000
346296.4964824119,4069709.2149721407,2.3271175276464153,0.00000000
346296.4621698988,4069709.2513404163,2.3271175286079044,0.00000000
346296.4278573856,4069709.2877086913,2.327117527375896,0.00000000
346296.39354487223,4069709.3240769664,2.327117526778011,0.00000000
346296.35923235904,4069709.3604452414,2.3271175268821875,0.00000000
346296.3249198459,4069709.3968135165,2.32711752728961,0.00000000
346296.29060733283,4069709.433181792,2.327117528724135,0.00000000
346296.2562948197,4069709.469550067,2.327117527649849,0.00000000
346296.2219823066,4069709.5059183426,2.327117528742147,0.00000001
346296.1876697935,4069709.5422866177,2.327117528796762,0.00000000
346296.15335728024,4069709.5786548927,2.327117527385339,0.00000000
346296.11904476694,4069709.615023168,2.3271175271806963,0.00000000
346296.0847322537,4069709.651391443,2.3271175273045355,0.00000000
346296.0504197406,4069709.6877597184,2.327117528724881,0.00000000
346296.0161072275,4069709.7241279935,2.3271175276498863,0.00000000
346295.98179471435,4069709.7604962685,2.3271175275961364,0.00000000
346295.94748220127,4069709.796864544,2.3271175287394614,0.00000000
346295.913169688,4069709.833232819,2.3271175286625567,0.00000000
346295.8788571747,4069709.869601094,2.3271175286587114,0.00000000
346295.84454466146,4069709.905969369,2.327117527646578,0.00000000
346295.8102321484,4069709.9423376448,2.3271175287419834,0.00000000
346295.77591963526,4069709.97870592,2.327117528662683,0.00000000
346295.7416071221,4069710.015074195,2.3271175276467764,0.00000000
346295.70729460893,4069710.05144247,2.3271175273278395,0.00000000
346295.6729820956,4069710.087810745,2.327117526909679,0.00000000
346295.6386695824,4069710.1241790205,2.3271175267546997,0.00000000
346295.60435706924,4069710.1605472956,2.3271175272832356,0.00000001
346295.57004455617,4069710.1969155706,2.3271175277118754,0.00000000
346295.53573204303,4069710.233283846,2.3271175287452484,0.00000000
346295.50141952996,4069710.2696521212,2.327117528796917,0.00000001
346295.4671070168,4069710.3060203963,2.3271175276534883,0.00000000
346295.43279450363,4069710.342388672,2.3271175284741865,0.00000000
346295.39848199027,4069710.378756947,2.327117528113008,0.00000000
346295.364169477,4069710.415125222,2.3271175283630914,0.00000001
346295.3298569639,4069710.451493497,2.327117527631797,0.00000000
346295.2955444508,4069710.487861772,2.3271175275952323,0.00000000
346295.26123193774,4069710.5242300476,2.327117528739416,0.00000001
346295.2269194246,4069710.5605983227,2.3271175277846847,0.00000001
346295.1926069114,4069710.5969665977,2.3271175274688054,0.00000000
346295.15829439805,4069710.633334873,2.32711752718487,0.00000000
346295.1239818848,4069710.6697031483,2.3271175283166845,0.00000000
346295.0896693717,4069710.7060714234,2.3271175287754886,0.00000000
346295.0553568586,4069710.7424396984,2.3271175276524168,0.00000000
346295.02104434546,4069710.778807974,2.327117528608204,0.00000000
346294.9867318324,4069710.815176249,2.3271175287900645,0.00000000
346294.95241931913,4069710.851544524,2.327117527385004,0.00000000
346294.9181068058,4069710.887912799,2.3271175270466085,0.00000000
346294.8837942926,4069710.924281074,2.327117527297831,0.00000000
346294.8494817795,4069710.9606493497,2.3271175287245462,0.00000000
346294.81516926637,4069710.997017625,2.3271175286618107,0.00000000
346294.78085675323,4069711.0333859,2.327117527646733,0.00000000
346294.74654424016,4069711.0697541754,2.327117528741991,0.00000000
346294.71223172697,4069711.1061224504,2.3271175275166707,0.00000000
346294.6779192136,4069711.1424907255,2.327117527053192,0.00000000
346294.64360670035,4069711.1788590006,2.3271175272981606,0.00000000
346294.6092941873,4069711.2152272756,2.327117527712622,0.00000000
346294.57498167414,4069711.251595551,2.3271175287452857,0.00000000
346294.540669161,4069711.287963826,2.3271175276509064,0.00000000
346294.50635664794,4069711.3243321017,2.3271175287421997,0.00000000
346294.47204413475,4069711.360700377,2.327117528528622,0.00000000
346294.4377316214,4069711.397068652,2.3271175271037894,0.00000000
346294.40341910813,4069711.433436927,2.32711752730069,0.00000000
346294.369106595,4069711.469805202,2.3271175275786766,0.00000000
346294.3347940819,4069711.5061734775,2.3271175286045174,0.00000000
346294.3004815688,4069711.5425417526,2.327117527643868,0.00000000
346294.2661690557,4069711.5789100276,2.327117527595836,0.00000000
346294.2318565425,4069711.615278303,2.327117528471304,0.00000000
346294.19754402916,4069711.651646578,2.327117528112864,0.00000000
346294.1632315159,4069711.6880148533,2.3271175283630843,0.00000001
346294.12891900283,4069711.7243831283,2.3271175277658678,0.00000000
346294.0946064897,4069711.760751404,2.327117528613877,0.00000000
346294.0602939766,4069711.797119679,2.3271175287903483,0.00000001
346294.0259814635,4069711.833487954,2.327117527787231,0.00000000
346293.9916689503,4069711.869856229,2.327117527468933,0.00000000
346293.95735643693,4069711.906224504,2.327117527050805,0.00000000
346293.9230439237,4069711.9425927796,2.3271175283099814,0.00000000
346293.8887314106,4069711.9789610547,2.3271175287751538,0.00000000
346293.8544188975,4069712.0153293298,2.3271175276524,0.00000000
346293.82010638434,4069712.0516976053,2.3271175286082033,0.00000000
346293.78579387127,4069712.0880658804,2.3271175287900645,0.00000000
346293.7514813581,4069712.1244341554,2.3271175275190745,0.00000000
346293.7171688447,4069712.1608024305,2.327117527053312,0.00000000
346293.68285633146,4069712.1971707055,2.3271175272981663,0.00000000
346293.6485438184,4069712.233538981,2.3271175287245627,0.00000000
346293.61423130526,4069712.269907256,2.3271175286618115,0.00000000
346293.5799187921,4069712.306275531,2.327117527646733,0.00000000
346293.54560627905,4069712.3426438067,2.32711752860792,0.00000000
346293.51129376586,4069712.379012082,2.327117527509967,0.00000000
346293.4769812525,4069712.415380357,2.327117527052857,0.00000000
346293.44266873924,4069712.451748632,2.3271175272981437,0.00000001
346293.40835622617,4069712.488116907,2.327117527712621,0.00000000
346293.37404371303,4069712.5244851825,2.3271175287452857,0.00000000
346293.33973119996,4069712.5608534575,2.327117527784978,0.00000001
346293.3054186868,4069712.597221733,2.3271175286148322,0.00000000
346293.27110617363,4069712.633590008,2.327117528522254,0.00000000
346293.23679366027,4069712.669958283,2.327117527103471,0.00000000
346293.202481147,4069712.7063265583,2.3271175273006746,0.00000001
346293.1681686339,4069712.7426948333,2.327117527578676,0.00000001
346293.1338561208,4069712.779063109,2.3271175286045174,0.00000000
346293.09954360774,4069712.815431384,2.3271175277779395,0.00000001
346293.0652310946,4069712.851799659,2.3271175276025393,0.00000001
346293.0309185814,4069712.8881679345,2.327117528471639,0.00000000
346292.99660606805,4069712.9245362096,2.327117528112881,0.00000000
346292.9622935548,4069712.9609044846,2.327117528363085,0.00000000
346292.9279810417,4069712.9972727597,2.3271175287778085,0.00000000
346292.8936685286,4069713.033641035,2.327117528664474,0.00000000
346292.8593560155,4069713.0700093103,2.3271175287928783,0.00000001
346292.8250435024,4069713.1063775853,2.3271175277873577,0.00000000
346292.7907309892,4069713.1427458604,2.327117527468939,0.00000000
346292.7564184758,4069713.1791141354,2.3271175270508055,0.00000000
346292.7221059626,4069713.2154824105,2.3271175271639697,0.00000000
346292.6877934495,4069713.251850686,2.327117528717853,0.00000000
346292.65348093637,4069713.288218961,2.327117527649535,0.00000000
346292.61916842323,4069713.3245872366,2.3271175286080603,0.00000000
346292.58485591016,4069713.3609555117,2.3271175287900574,0.00000000
346292.55054339697,4069713.3973237867,2.327117527519074,0.00000000
346292.51623088366,4069713.433692062,2.327117527187383,0.00000001
346292.48191837035,4069713.470060337,2.32711752730487,0.00000000
346292.4476058573,4069713.5064286124,2.327117528724898,0.00000000
346292.41329334414,4069713.5427968875,2.3271175286618284,0.00000000
346292.378980831,4069713.5791651625,2.3271175276467337,0.00000000
346292.34466831794,4069713.615533438,2.327117528741991,0.00000000
346292.31035580474,4069713.651901713,2.3271175275166707,0.00000000
346292.2760432914,4069713.688269988,2.327117527053192,0.00000000
346292.2417307781,4069713.724638263,2.3271175272981606,0.00000000
346292.20741826505,4069713.7610065383,2.327117527712622,0.00000000
346292.1731057519,4069713.797374814,2.3271175286112147,0.00000000
346292.1387932388,4069713.833743089,2.327117527644203,0.00000000
346292.1044807257,4069713.8701113644,2.327117528607794,0.00000000
346292.0701682125,4069713.9064796395,2.3271175285219017,0.00000000
346292.03585569916,4069713.9428479145,2.3271175271034537,0.00000000
346292.0015431859,4069713.9792161896,2.3271175273006737,0.00000001
346291.96723067283,4069714.0155844647,2.3271175277127476,0.00000000
346291.9329181597,4069714.05195274,2.327117528611221,0.00000000
346291.8986056466,4069714.0883210152,2.3271175277782747,0.00000000
346291.8642931335,4069714.1246892903,2.3271175277366276,0.00000000
346291.8299806203,4069714.161057566,2.3271175284783436,0.00000000
346291.79566810693,4069714.197425841,2.3271175271012754,0.00000000
346291.7613555937,4069714.233794116,2.3271175283125047,0.00000000
346291.7270430806,4069714.270162391,2.327117527763339,0.00000000
346291.6927305675,4069714.3065306665,2.3271175286137504,0.00000000
346291.65841805434,4069714.3428989416,2.327117528656271,0.00000000
346291.62410554127,4069714.3792672167,2.327117527780527,0.00000001
346291.5897930281,4069714.415635492,2.3271175284805383,0.00000000
346291.5554805147,4069714.452003767,2.3271175271013855,0.00000000
346291.52116800146,4069714.4883720423,2.327117528178439,0.00000000
346291.4868554884,4069714.5247403174,2.3271175287685764,0.00000000
346291.45254297525,4069714.5611085924,2.3271175276520712,0.00000000
346291.4182304621,4069714.597476868,2.327117528608187,0.00000000
346291.38391794905,4069714.633845143,2.3271175287900636,0.00000000
346291.34960543585,4069714.670213418,2.3271175275190745,0.00000000
346291.31529292255,4069714.706581693,2.327117527187383,0.00000001
346291.28098040924,4069714.742949968,2.3271175271707984,0.00000001
346291.24666789616,4069714.7793182437,2.3271175287181944,0.00000000
346291.21235538303,4069714.815686519,2.327117528795564,0.00000000
346291.1780428699,4069714.852054794,2.3271175276534204,0.00000000
346291.1437303568,4069714.8884230694,2.3271175286082544,0.00000000
346291.10941784363,4069714.9247913444,2.327117527509984,0.00000000
346291.0751053303,4069714.9611596195,2.3271175271869287,0.00000001
346291.040792817,4069714.9975278946,2.3271175273048472,0.00000001
346291.0064803039,4069715.0338961696,2.327117527578885,0.00000001
346290.9721677908,4069715.070264445,2.3271175286045276,0.00000000
346290.93785527773,4069715.10663272,2.32711752777794,0.00000000
346290.9035427646,4069715.1430009957,2.3271175286144805,0.00000000
346290.8692302514,4069715.179369271,2.327117528522236,0.00000000
346290.83491773804,4069715.215737546,2.3271175269693987,0.00000000
346290.8006052248,4069715.252105821,2.327117526757686,0.00000001
346290.7662927117,4069715.288474096,2.3271175272833853,0.00000000
346290.7319801986,4069715.3248423715,2.3271175285897527,0.00000000
346290.6976676855,4069715.3612106466,2.3271175277772014,0.00000000
346290.6633551724,4069715.3975789216,2.327117527736574,0.00000000
346290.62904265925,4069715.433947197,2.3271175286124124,0.00000000
346290.59473014605,4069715.470315472,2.327117527644263,0.00000000
346290.56041763275,4069715.5066837473,2.3271175286077965,0.00000000
346290.5261051195,4069715.5430520223,2.3271175277781038,0.00000000
346290.49179260636,4069715.579420298,2.3271175286144885,0.00000000
346290.45748009323,4069715.615788573,2.327117528656308,0.00000001
346290.42316758016,4069715.652156848,2.327117527780529,0.00000000
346290.38885506697,4069715.6885251235,2.3271175284805388,0.00000000
346290.35454255366,4069715.724893398,2.3271175272354565,0.00000001
346290.32023004035,4069715.7612616736,2.3271175281851426,0.00000000
346290.2859175273,4069715.7976299487,2.3271175287689116,0.00000000
346290.25160501414,4069715.8339982238,2.3271175276520877,0.00000000
346290.217292501,4069715.8703664993,2.3271175286081878,0.00000000
346290.18297998793,4069715.9067347744,2.327117528790064,0.00000000
346290.14866747474,4069715.9431030494,2.3271175275190745,0.00000000
346290.11435496144,4069715.9794713245,2.327117527053312,0.00000001
346290.0800424481,4069716.0158395995,2.32711752561587,0.00000000
346290.04572993505,4069716.052207875,2.327117528238235,0.00000000
346290.0114174219,4069716.08857615,2.3271175276255542,0.00000000
346289.9771049088,4069716.124944425,2.32711752759492,0.00000000
346289.9427923957,4069716.1613127007,2.3271175286053296,0.00000000
346289.9084798826,4069716.197680976,2.327117527643909,0.00000000
346289.87416736945,4069716.2340492513,2.3271175286077788,0.00000000
346289.8398548561,4069716.270417526,2.3271175271077476,0.00000000
346289.80554234283,4069716.3067858014,2.3271175283128285,0.00000000
346289.7712298297,4069716.3431540765,2.327117528775296,0.00000000
346289.7369173166,4069716.3795223515,2.3271175277864784,0.00000000
346289.7026048035,4069716.415890627,2.3271175286149073,0.00000000
346289.66829229036,4069716.452258902,2.327117528656329,0.00000000
346289.6339797772,4069716.488627177,2.3271175277805303,0.00000000
346289.59966726386,4069716.5249954523,2.327117527602669,0.00000000
346289.56535475055,4069716.5613637273,2.3271175275937757,0.00000001
346289.5310422375,4069716.597732003,2.3271175286052723,0.00000000
346289.4967297244,4069716.634100278,2.327117527777977,0.00000000
346289.46241721127,4069716.670468553,2.3271175277366125,0.00000001
346289.4281046981,4069716.7068368285,2.3271175284783427,0.00000000
346289.39379218477,4069716.7432051036,2.327117526967204,0.00000000
346289.35947967146,4069716.7795733786,2.3271175266235047,0.00000000
346289.3251671584,4069716.8159416537,2.327117527276676,0.00000000
346289.29085464525,4069716.852309929,2.3271175285894175,0.00000000
346289.2565421321,4069716.8886782043,2.3271175286550543,0.00000000
346289.22222961904,4069716.9250464793,2.3271175277804663,0.00000000
346289.18791710597,4069716.961414755,2.3271175287486776,0.00000001
346289.1536045928,4069716.99778303,2.3271175286630172,0.00000000
346289.1192920794,4069717.034151305,2.3271175271105093,0.00000000
346289.08497956616,4069717.07051958,2.3271175273010263,0.00000000
346289.05066705303,4069717.106887855,2.3271175275786935,0.00000000
346289.0163545399,4069717.1432561306,2.3271175286045183,0.00000000
346288.9820420268,4069717.1796244057,2.327117527643868,0.00000000
346288.9477295137,4069717.2159926808,2.327117527595836,0.00000000
346288.91341700056,4069717.2523609563,2.3271175286053754,0.00000000
346288.8791044872,4069717.2887292313,2.327117527107627,0.00000000
346288.84479197394,4069717.3250975064,2.3271175283128223,0.00000000
346288.8104794608,4069717.3614657815,2.3271175276292833,0.00000000
346288.77616694773,4069717.397834057,2.3271175287411188,0.00000000
346288.7418544346,4069717.434202332,2.3271175286626393,0.00000000
346288.70754192147,4069717.470570607,2.327117527646774,0.00000000
346288.67322940833,4069717.5069388826,2.327117528607922,0.00000000
346288.63891689497,4069717.5433071572,2.3271175271077547,0.00000000
346288.6046043817,4069717.5796754328,2.327117528312829,0.00000000
346288.5702918686,4069717.616043708,2.327117528641225,0.00000000
346288.5359793555,4069717.652411983,2.327117527779775,0.00000000
346288.5016668424,4069717.6887802584,2.3271175287486434,0.00000000
346288.46735432924,4069717.7251485335,2.327117528663016,0.00000000
346288.4330418161,4069717.7615168085,2.3271175276467932,0.00000000
346288.39872930275,4069717.7978850836,2.327117527059698,0.00000000
346288.3644167895,4069717.8342533587,2.3271175272984856,0.00000000
346288.33010427636,4069717.870621634,2.3271175285905077,0.00000000
346288.29579176323,4069717.9069899092,2.3271175276431677,0.00000000
346288.26147925016,4069717.9433581843,2.327117527729872,0.00000000
346288.227166737,4069717.97972646,2.327117528612077,0.00000000
346288.1928542239,4069718.016094735,2.327117527644246,0.00000000
346288.1585417105,4069718.05246301,2.3271175270595705,0.00000000
346288.1242291973,4069718.088831285,2.3271175272984794,0.00000000
346288.08991668414,4069718.1251995605,2.3271175285905077,0.00000000
346288.055604171,4069718.1615678356,2.327117528655109,0.00000000
346288.02129165793,4069718.1979361107,2.327117527780469,0.00000000
346287.9869791448,4069718.234304386,2.327117528614607,0.00000000
346287.95266663167,4069718.2706726613,2.3271175286563137,0.00000000
346287.9183541183,4069718.3070409363,2.327117527110174,0.00000000
346287.88404160505,4069718.3434092114,2.3271175273010094,0.00000000
346287.8497290919,4069718.3797774864,2.3271175275786926,0.00000000
346287.8154165788,4069718.416145762,2.3271175286045183,0.00000000
346287.7811040657,4069718.452514037,2.327117527643868,0.00000000
346287.7467915526,4069718.488882312,2.327117527595836,0.00000000
346287.71247903944,4069718.5252505876,2.3271175286053754,0.00000000
346287.6781665261,4069718.5616188627,2.327117527107627,0.00000000
346287.64385401283,4069718.5979871377,2.3271175283128223,0.00000000
346287.6095414997,4069718.634355413,2.3271175287752954,0.00000000
346287.5752289866,4069718.6707236883,2.327117528798419,0.00000000
346287.5409164735,4069718.7070919634,2.3271175286655046,0.00000000
346287.50660396036,4069718.7434602384,2.3271175276469176,0.00000000
346287.4722914472,4069718.779828514,2.3271175286079293,0.00000000
346287.43797893386,4069718.8161967886,2.327117527107755,0.00000000
346287.40366642055,4069718.8525650636,2.327117527032746,0.00000001
346287.3693539075,4069718.888933339,2.327117528577221,0.00000000
346287.3350413944,4069718.925301614,2.3271175277765748,0.00000000
346287.30072888127,4069718.9616698897,2.327117528748483,0.00000000
346287.26641636813,4069718.998038165,2.3271175286630075,0.00000000
346287.232103855,4069719.03440644,2.327117527512722,0.00000000
346287.1977913417,4069719.070774715,2.3271175271870654,0.00000000
346287.1634788284,4069719.10714299,2.3271175271707825,0.00000000
346287.12916631525,4069719.1435112655,2.3271175285841226,0.00000001
346287.0948538021,4069719.1798795406,2.3271175286547896,0.00000000
346287.06054128904,4069719.2162478156,2.3271175277804534,0.00000000
346287.02622877597,4069719.252616091,2.327117528748677,0.00000001
346286.9919162628,4069719.288984366,2.327117527517005,0.00000000
346286.95760374947,4069719.3253526413,2.3271175271872795,0.00000000
346286.92329123616,4069719.3617209163,2.327117527304865,0.00000000
346286.88897872303,4069719.3980891914,2.327117527578886,0.00000000
346286.8546662099,4069719.434457467,2.3271175286045276,0.00000000
346286.8203536968,4069719.470825742,2.3271175276438685,0.00000000
346286.78604118375,4069719.5071940175,2.327117528741848,0.00000001
346286.75172867056,4069719.5435622926,2.3271175286626757,0.00000000
346286.7174161572,4069719.5799305676,2.327117527110492,0.00000000
346286.68310364394,4069719.6162988427,2.3271175273010254,0.00000000
346286.6487911308,4069719.652667118,2.327117527712765,0.00000000
346286.61447861773,4069719.6890353933,2.3271175287452928,0.00000000
346286.5801661046,4069719.7254036684,2.327117527650907,0.00000000
346286.54585359147,4069719.7617719434,2.3271175275961875,0.00000000
346286.51154107833,4069719.798140219,2.3271175286053927,0.00000000
346286.47722856497,4069719.834508494,2.327117527107628,0.00000000
346286.44291605166,4069719.870876769,2.327117527166811,0.00000001
346286.4086035386,4069719.907245044,2.327117527571983,0.00000000
346286.3742910255,4069719.9436133197,2.3271175287382535,0.00000000
346286.3399785124,4069719.9799815947,2.3271175286624963,0.00000000
346286.30566599924,4069720.01634987,2.327117527646767,0.00000000
346286.2713534861,4069720.0527181453,2.3271175286079218,0.00000000
346286.23704097274,4069720.0890864204,2.327117528119695,0.00000000
346286.2027284595,4069720.1254546954,2.3271175282293544,0.00000000
346286.16841594636,4069720.1618229705,2.3271175286370513,0.00000000
346286.1341034333,4069720.1981912456,2.327117527779566,0.00000000
346286.09979092015,4069720.234559521,2.3271175287486328,0.00000000
346286.065478407,4069720.270927796,2.327117528663015,0.00000000
346286.0311658939,4069720.307296071,2.3271175276467932,0.00000000
346285.9968533806,4069720.3436643463,2.327117527193769,0.00000000
346285.9625408673,4069720.3800326213,2.3271175271711178,0.00000000
346285.92822835414,4069720.416400897,2.3271175285841394,0.00000000
346285.893915841,4069720.452769172,2.3271175286547905,0.00000000
346285.85960332793,4069720.489137447,2.3271175277804534,0.00000000
346285.8252908148,4069720.5255057225,2.327117528614606,0.00000000
346285.79097830167,4069720.5618739976,2.3271175276443725,0.00000000
346285.75666578836,4069720.5982422726,2.327117527193648,0.00000000
346285.72235327505,4069720.6346105477,2.327117527171112,0.00000000
346285.6880407619,4069720.6709788227,2.327117527572198,0.00000000
346285.6537282488,4069720.7073470983,2.3271175286041936,0.00000000
346285.6194157357,4069720.7437153733,2.327117527643852,0.00000000
346285.5851032226,4069720.780083649,2.327117528607776,0.00000000
346285.55079070944,4069720.816451924,2.327117528655972,0.00000000
346285.51647819614,4069720.852820199,2.327117527110157,0.00000001
346285.4821656828,4069720.889188474,2.3271175266306523,0.00000000
346285.4478531697,4069720.925556749,2.327117527142962,0.00000000
346285.4135406566,4069720.9619250246,2.3271175287168027,0.00000000
346285.3792281435,4069720.9982932997,2.3271175276494827,0.00000000
346285.34491563035,4069721.0346615748,2.3271175275961165,0.00000000
346285.3106031173,4069721.0710298503,2.3271175287394605,0.00000001
346285.27629060415,4069721.1073981253,2.327117527784687,0.00000000
346285.2419780908,4069721.1437664004,2.327117527602877,0.00000001
346285.2076655775,4069721.1801346755,2.3271175275937863,0.00000000
346285.1733530644,4069721.216502951,2.3271175287393437,0.00000000
346285.13904055126,4069721.252871226,2.3271175287966215,0.00000001
346285.10472803813,4069721.289239501,2.3271175276534732,0.00000000
346285.070415525,4069721.3256077766,2.327117528608257,0.00000000
346285.0361030117,4069721.3619760517,2.3271175282537824,0.00000000
346285.0017904984,4069721.3983443268,2.3271175282360588,0.00000000
346284.96747798525,4069721.434712602,2.3271175286373866,0.00000001
346284.9331654721,4069721.471080877,2.3271175276455116,0.00000000
346284.89885295904,4069721.5074491524,2.32711752874193,0.00000000
346284.8645404459,4069721.5438174275,2.32711752866268,0.00000000
346284.8302279328,4069721.5801857025,2.3271175275127054,0.00000000
346284.79591541947,4069721.6165539776,2.3271175270529936,0.00000000
346284.76160290616,4069721.6529222527,2.327117525615854,0.00000000
346284.727290393,4069721.689290528,2.327117527092222,0.00000001
346284.6929778799,4069721.7256588032,2.3271175285801946,0.00000000
346284.6586653668,4069721.7620270783,2.327117527642652,0.00000000
346284.62435285375,4069721.798395354,2.327117528741787,0.00000001
346284.5900403406,4069721.834763629,2.3271175277848033,0.00000001
346284.5557278275,4069721.8711319044,2.327117528614824,0.00000000
346284.5214153141,4069721.9075001795,2.32711752812004,0.00000000
346284.4871028008,4069721.943868454,2.3271175272174314,0.00000000
346284.45279028773,4069721.9802367296,2.327117528720526,0.00000000
346284.4184777746,4069722.0166050047,2.3271175276496687,0.00000000
346284.38416526146,4069722.05297328,2.327117528608067,0.00000000
346284.3498527484,4069722.0893415553,2.327117528790058,0.00000000
346284.31554023526,4069722.1257098303,2.327117527653145,0.00000000
346284.2812277219,4069722.1620781054,2.3271175270600155,0.00000001
346284.2469152086,4069722.1984463804,2.32711752716443,0.00000000
346284.2126026955,4069722.234814656,2.327117528717876,0.00000000
346284.1782901824,4069722.271182931,2.327117527649536,0.00000000
346284.14397766924,4069722.307551206,2.327117527596119,0.00000000
346284.10966515617,4069722.3439194816,2.3271175287394605,0.00000000
346284.07535264303,4069722.3802877567,2.3271175276506155,0.00000000
346284.04104012967,4069722.4166560317,2.3271175270598894,0.00000001
346284.00672761636,4069722.453024307,2.327117527164424,0.00000000
346283.9724151033,4069722.4893925823,2.3271175287178756,0.00000000
346283.93810259015,4069722.5257608574,2.327117528795548,0.00000000
346283.903790077,4069722.5621291324,2.32711752765342,0.00000000
346283.86947756395,4069722.598497408,2.3271175287423254,0.00000000
346283.8351650508,4069722.634865683,2.3271175276507585,0.00000000
346283.80085253745,4069722.671233958,2.3271175270598965,0.00000001
346283.76654002414,4069722.707602233,2.3271175271644244,0.00000000
346283.732227511,4069722.743970508,2.3271175275718634,0.00000000
346283.69791499793,4069722.7803387837,2.3271175287382477,0.00000000
346283.6636024848,4069722.816707059,2.3271175276505547,0.00000000
346283.6292899717,4069722.8530753343,2.3271175286081114,0.00000001
346283.5949774586,4069722.8894436094,2.327117528655989,0.00000000
346283.5606649452,4069722.9258118845,2.327117527110158,0.00000001
346283.5263524319,4069722.9621801595,2.327117527166937,0.00000000
346283.4920399188,4069722.9985484346,2.3271175285839303,0.00000000
346283.4577274057,4069723.03491671,2.327117528788851,0.00000000
346283.42341489263,4069723.071284985,2.327117528799097,0.00000001
346283.3891023795,4069723.10765326,2.3271175277876686,0.00000001
346283.35478986637,4069723.1440215358,2.327117528614967,0.00000000
346283.320477353,4069723.180389811,2.327117528120047,0.00000000
346283.2861648397,4069723.2167580854,2.327117527217432,0.00000000
346283.25185232656,4069723.253126361,2.327117528586455,0.00000001
346283.2175398135,4069723.289494636,2.327117527642965,0.00000000
346283.18322730035,4069723.3258629115,2.3271175286077317,0.00000000
346283.1489147873,4069723.3622311866,2.327117528790041,0.00000001
346283.11460227414,4069723.3985994617,2.327117527653144,0.00000000
346283.0802897608,4069723.4349677367,2.3271175270600155,0.00000001
346283.0459772475,4069723.471336012,2.3271175270303592,0.00000000
346283.0116647344,4069723.5077042873,2.3271175287111725,0.00000000
346282.97735222126,4069723.5440725624,2.327117527649201,0.00000001
346282.94303970813,4069723.5804408374,2.3271175275961022,0.00000000
346282.90872719506,4069723.616809113,2.3271175287394597,0.00000000
346282.8744146819,4069723.653177388,2.327117527650615,0.00000000
346282.8401021686,4069723.689545663,2.32711752719396,0.00000001
346282.80578965525,4069723.725913938,2.3271175270370565,0.00000000
346282.7714771422,4069723.7622822137,2.3271175287115073,0.00000000
346282.73716462904,4069723.7986504887,2.3271175287952297,0.00000000
346282.7028521159,4069723.835018764,2.327117527653404,0.00000000
346282.66853960283,4069723.8713870393,2.3271175286082535,0.00000000
346282.6342270897,4069723.9077553144,2.327117528655996,0.00000000
346282.5999145764,4069723.9441235894,2.327117527244229,0.00000001
346282.565602063,4069723.9804918645,2.327117527173641,0.00000001
346282.5312895499,4069724.0168601396,2.3271175275723244,0.00000001
346282.4969770368,4069724.053228415,2.3271175286042,0.00000000
346282.46266452374,4069724.08959669,2.327117527777924,0.00000001
346282.4283520106,4069724.125964965,2.32711752773661,0.00000001
346282.3940394975,4069724.1623332407,2.327117528612414,0.00000000
346282.3597269841,4069724.198701516,2.327117527107979,0.00000000
346282.3254144708,4069724.235069791,2.3271175271668283,0.00000000
346282.29110195773,4069724.271438066,2.327117528717996,0.00000000
346282.2567894446,4069724.3078063414,2.3271175286614834,0.00000000
346282.22247693146,4069724.3441746165,2.3271175286586576,0.00000000
346282.1881644184,4069724.3805428916,2.3271175277806466,0.00000000
346282.15385190526,4069724.416911167,2.327117528614616,0.00000000
346282.1195393919,4069724.453279442,2.3271175281200294,0.00000000
346282.0852268786,4069724.4896477167,2.32711752708336,0.00000000
346282.0509143655,4069724.5260159923,2.3271175287138224,0.00000000
346282.0166018524,4069724.5623842673,2.3271175276493334,0.00000000
346281.98228933924,4069724.598752543,2.32711752860805,0.00000000
346281.94797682617,4069724.635120818,2.327117528790057,0.00000000
346281.91366431303,4069724.671489093,2.327117527653145,0.00000000
346281.8793517997,4069724.707857368,2.3271175271940865,0.00000001
346281.84503928636,4069724.744225643,2.3271175270370628,0.00000000
346281.8107267733,4069724.7805939186,2.327117528711508,0.00000000
346281.77641426015,4069724.8169621937,2.327117527783289,0.00000000
346281.742101747,4069724.8533304688,2.3271175276028067,0.00000000
346281.70778923394,4069724.8896987443,2.327117528739795,0.00000000
346281.6734767208,4069724.9260670193,2.327117527650632,0.00000000
346281.6391642075,4069724.9624352944,2.327117527193961,0.00000001
346281.60485169414,4069724.9988035695,2.3271175270370565,0.00000000
346281.570539181,4069725.035171845,2.3271175285774364,0.00000001
346281.53622666793,4069725.07154012,2.327117528788526,0.00000000
346281.5019141548,4069725.107908395,2.3271175276530687,0.00000000
346281.4676016417,4069725.1442766706,2.327117528608237,0.00000000
346281.4332891286,4069725.1806449457,2.3271175286559953,0.00000000
346281.3989766153,4069725.217013221,2.327117527244229,0.00000000
346281.3646641019,4069725.253381496,2.3271175270395696,0.00000001
346281.3303515888,4069725.289749771,2.327117527565621,0.00000001
346281.2960390757,4069725.3261180464,2.3271175287379355,0.00000000
346281.26172656263,4069725.3624863215,2.3271175277846106,0.00000001
346281.2274140495,4069725.3988545965,2.3271175277369442,0.00000001
346281.19310153637,4069725.435222872,2.3271175286124306,0.00000000
346281.15878902306,4069725.471591147,2.327117527242051,0.00000000
346281.1244765097,4069725.507959422,2.327117527173532,0.00000000
346281.09016399656,4069725.5443276973,2.327117527572319,0.00000001
346281.0558514835,4069725.580695973,2.3271175286041994,0.00000000
346281.02153897035,4069725.617064248,2.3271175286557937,0.00000000
346280.9872264573,4069725.653432523,2.3271175277805036,0.00000000
346280.95291394414,4069725.6898007984,2.327117528614609,0.00000000
346280.9186014308,4069725.7261690735,2.3271175269740176,0.00000000
346280.88428891747,4069725.7625373485,2.3271175280379994,0.00000000
346280.8499764044,4069725.7989056236,2.3271175287615544,0.00000000
346280.81566389126,4069725.8352738987,2.32711752765172,0.00000000
346280.78135137813,4069725.871642174,2.3271175286081696,0.00000000
346280.74703886505,4069725.9080104493,2.327117528790063,0.00000000
346280.712726352,4069725.944378725,2.3271175287991577,0.00000001
346280.6784138386,4069725.9807469994,2.3271175272513873,0.00000001
346280.64410132525,4069726.0171152744,2.3271175270399276,0.00000000
346280.6097888122,4069726.05348355,2.327117528711651,0.00000000
346280.57547629904,4069726.089851825,2.3271175287952373,0.00000000
346280.5411637859,4069726.1262201,2.327117527653404,0.00000000
346280.50685127283,4069726.1625883756,2.3271175286082535,0.00000000
346280.4725387597,4069726.1989566507,2.327117527644055,0.00000000
346280.4382262464,4069726.2353249257,2.327117527193632,0.00000001
346280.403913733,4069726.271693201,2.32711752703704,0.00000001
346280.3696012199,4069726.308061476,2.3271175275654943,0.00000001
346280.3352887068,4069726.3444297514,2.3271175286038583,0.00000000
346280.30097619374,4069726.3807980265,2.3271175277779066,0.00000000
346280.2666636806,4069726.417166302,2.3271175286144787,0.00000000
346280.2323511675,4069726.453534577,2.3271175286563075,0.00000000
346280.19803865417,4069726.489902852,2.3271175272442446,0.00000000
346280.1637261408,4069726.526271127,2.3271175270395705,0.00000000
346280.1294136277,4069726.562639402,2.3271175276996923,0.00000000
346280.0951011146,4069726.5990076778,2.327117528610568,0.00000000
346280.0607886015,4069726.635375953,2.3271175277782423,0.00000000
346280.0264760884,4069726.671744228,2.327117527736626,0.00000000
346279.99216357525,4069726.7081125034,2.3271175286124146,0.00000000
346279.95785106195,4069726.7444807785,2.3271175272420503,0.00000000
346279.9235385486,4069726.7808490535,2.327117527039461,0.00000000
346279.8892260355,4069726.8172173286,2.327117527699687,0.00000000
346279.8549135224,4069726.853585604,2.327117528610568,0.00000000
346279.82060100924,4069726.889953879,2.327117528656112,0.00000001
346279.78628849617,4069726.9263221542,2.327117527780519,0.00000000
346279.75197598303,4069726.9626904298,2.3271175286146093,0.00000000
346279.7176634697,4069726.999058705,2.3271175282541003,0.00000001
346279.68335095636,4069727.03542698,2.327117528102004,0.00000000
346279.6490384433,4069727.071795255,2.3271175287647545,0.00000000
346279.61472593015,4069727.10816353,2.32711752765188,0.00000000
346279.580413417,4069727.1445318055,2.3271175286081776,0.00000000
346279.54610090394,4069727.1809000806,2.327117528790063,0.00000000
346279.5117883908,4069727.2172683557,2.3271175276531455,0.00000000
346279.4774758775,4069727.2536366307,2.3271175271940865,0.00000001
346279.44316336414,4069727.290004906,2.3271175270370628,0.00000000
346279.40885085106,4069727.3263731813,2.327117528711508,0.00000000
346279.3745383379,4069727.3627414564,2.3271175287952297,0.00000000
346279.3402258248,4069727.3991097314,2.327117527653404,0.00000000
346279.3059133117,4069727.435478007,2.3271175286082535,0.00000000
346279.2716007986,4069727.471846282,2.327117527644055,0.00000000
346279.2372882853,4069727.508214557,2.327117527193632,0.00000001
346279.2029757719,4069727.544582832,2.3271175265007558,0.00000001
346279.1686632588,4069727.580951107,2.3271175270023963,0.00000001
346279.1343507457,4069727.6173193827,2.3271175285757035,0.00000000
346279.10003823263,4069727.653687658,2.327117527776499,0.00000000
346279.0657257195,4069727.6900559333,2.3271175286144086,0.00000000
346279.03141320636,4069727.7264242084,2.327117528656304,0.00000000
346278.9971006933,4069727.7627924834,2.327117527780529,0.00000000
346278.9627881799,4069727.7991607585,2.3271175270663846,0.00000000
346278.9284756666,4069727.8355290336,2.3271175270306776,0.00000000
346278.8941631535,4069727.871897309,2.3271175285771175,0.00000000
346278.8598506404,4069727.908265584,2.3271175277765694,0.00000000
346278.8255381273,4069727.944633859,2.3271175277365423,0.00000000
346278.79122561414,4069727.9810021347,2.3271175286124106,0.00000000
346278.75691310107,4069728.01737041,2.327117527644263,0.00000000
346278.72260058776,4069728.053738685,2.3271175277299267,0.00000000
346278.6882880744,4069728.09010696,2.3271175276001386,0.00000000
346278.65397556126,4069728.1264752354,2.3271175286055903,0.00000001
346278.6196630481,4069728.1628435105,2.327117528655863,0.00000000
346278.58535053505,4069728.1992117856,2.3271175277805067,0.00000000
346278.551038022,4069728.235580061,2.32711752874868,0.00000001
346278.5167255086,4069728.271948336,2.3271175272488636,0.00000001
346278.4824129953,4069728.308316611,2.3271175266375876,0.00000000
346278.4481004822,4069728.3446848863,2.327117527143309,0.00000000
346278.41378796904,4069728.3810531613,2.327117527570808,0.00000000
346278.3794754559,4069728.417421437,2.327117528604124,0.00000000
346278.34516294283,4069728.453789712,2.3271175276438485,0.00000000
346278.3108504297,4069728.4901579875,2.327117528607776,0.00000000
346278.2765379166,4069728.5265262625,2.327117528790043,0.00000001
346278.24222540326,4069728.5628945376,2.3271175271168607,0.00000001
346278.20791288995,4069728.5992628126,2.3271175271672724,0.00000000
346278.1736003768,4069728.6356310877,2.327117527572006,0.00000000
346278.13928786374,4069728.671999363,2.327117528738255,0.00000000
346278.1049753506,4069728.7083676383,2.3271175286624963,0.00000000
346278.0706628375,4069728.7447359134,2.327117527646767,0.00000000
346278.0363503244,4069728.781104189,2.3271175287419927,0.00000000
346278.00203781103,4069728.817472464,2.3271175281263985,0.00000001
346277.9677252977,4069728.853840739,2.3271175282296896,0.00000000
346277.9334127846,4069728.890209014,2.327117528637068,0.00000000
346277.8991002715,4069728.926577289,2.327117527779567,0.00000000
346277.8647877584,4069728.9629455646,2.3271175287486328,0.00000000
346277.83047524525,4069728.9993138397,2.327117528663015,0.00000000
346277.7961627322,4069729.035682115,2.3271175277808647,0.00000000
346277.7618502188,4069729.07205039,2.3271175270664015,0.00000000
346277.7275377055,4069729.108418665,2.3271175270306785,0.00000000
346277.6932251924,4069729.1447869404,2.3271175285771175,0.00000000
346277.65891267924,4069729.1811552155,2.327117527642498,0.00000000
346277.62460016616,4069729.2175234905,2.327117527729839,0.00000000
346277.59028765303,4069729.253891766,2.3271175286120753,0.00000000
346277.55597513996,4069729.290260041,2.3271175277783174,0.00000000
346277.52166262665,4069729.326628316,2.327117527200345,0.00000000
346277.4873501133,4069729.3629965913,2.327117527037376,0.00000000
346277.45303760015,4069729.399364867,2.3271175285774524,0.00000000
346277.418725087,4069729.435733142,2.327117528654456,0.00000000
346277.38441257394,4069729.472101417,2.3271175277804366,0.00000000
346277.3501000608,4069729.5084696924,2.3271175286146053,0.00000000
346277.31578754773,4069729.5448379675,2.327117527778444,0.00000001
346277.2814750344,4069729.5812062426,2.3271175272003517,0.00000000
346277.24716252106,4069729.6175745176,2.327117527037376,0.00000000
346277.2128500079,4069729.6539427927,2.327117527565511,0.00000000
346277.1785374948,4069729.690311068,2.3271175286038592,0.00000000
346277.1442249817,4069729.7266793433,2.327117527643835,0.00000000
346277.1099124686,4069729.763047619,2.327117528607775,0.00000000
346277.0755999555,4069729.799415894,2.327117528790043,0.00000001
346277.0412874422,4069729.835784169,2.3271175272509317,0.00000001
346277.00697492884,4069729.872152444,2.327117527173976,0.00000000
346276.9726624157,4069729.908520719,2.3271175275723412,0.00000000
346276.93834990263,4069729.9448889946,2.3271175287382717,0.00000000
346276.9040373895,4069729.9812572696,2.327117528662497,0.00000000
346276.86972487636,4069730.0176255447,2.327117527646767,0.00000000
346276.8354123633,4069730.05399382,2.3271175287419927,0.00000001
346276.8010998499,4069730.0903620953,2.3271175281263985,0.00000001
346276.7667873366,4069730.1267303703,2.3271175280956187,0.00000000
346276.7324748235,4069730.1630986454,2.3271175286303643,0.00000000
346276.6981623104,4069730.1994669205,2.3271175277792318,0.00000000
346276.6638497973,4069730.235835196,2.327117528748616,0.00000000
346276.62953728414,4069730.272203471,2.327117528663014,0.00000000
346276.59522477107,4069730.308571746,2.3271175277808647,0.00000000
346276.56091225776,4069730.344940021,2.327117527334544,0.00000000
346276.5265997444,4069730.381308296,2.3271175270440856,0.00000000
346276.49228723126,4069730.4176765718,2.3271175285777876,0.00000000
346276.4579747181,4069730.454044847,2.3271175276425318,0.00000000
346276.42366220505,4069730.490413122,2.32711752772984,0.00000000
346276.3893496919,4069730.5267813974,2.3271175286120753,0.00000000
346276.3550371788,4069730.5631496725,2.327117527644246,0.00000000
346276.32072466554,4069730.5995179475,2.3271175271936415,0.00000000
346276.28641215217,4069730.6358862226,2.3271175270370406,0.00000000
346276.25209963904,4069730.672254498,2.3271175285774355,0.00000000
346276.2177871259,4069730.708622773,2.327117528654455,0.00000000
346276.18347461283,4069730.7449910482,2.327117527646365,0.00000000
346276.1491620997,4069730.7813593238,2.3271175286079018,0.00000000
346276.1148495866,4069730.817727599,2.3271175287900494,0.00000000
346276.0805370733,4069730.854095874,2.3271175272509317,0.00000000
346276.04622455995,4069730.890464149,2.327117527039905,0.00000000
346276.0119120468,4069730.926832424,2.3271175275656377,0.00000000
346275.97759953374,4069730.9632006995,2.3271175287379364,0.00000000
346275.9432870206,4069730.9995689746,2.327117527650539,0.00000000
346275.9089745075,4069731.0359372497,2.3271175275961693,0.00000000
346275.8746619944,4069731.072305525,2.3271175287394628,0.00000000
346275.8403494811,4069731.1086738002,2.3271175272484026,0.00000000
346275.8060369677,4069731.1450420753,2.3271175270397784,0.00000000
346275.7717244546,4069731.1814103504,2.327117527565631,0.00000000
346275.7374119415,4069731.217778626,2.327117528737936,0.00000000
346275.7030994284,4069731.254146901,2.3271175286624803,0.00000000
346275.66878691525,4069731.290515176,2.327117527646766,0.00000000
346275.6344744022,4069731.3268834515,2.3271175287419927,0.00000000
346275.60016188887,4069731.3632517266,2.327117527248529,0.00000000
346275.5658493755,4069731.3996200017,2.327117527039785,0.00000000
346275.53153686237,4069731.4359882767,2.3271175285775727,0.00000000
346275.4972243493,4069731.472356552,2.3271175277765925,0.00000000
346275.46291183616,4069731.5087248273,2.327117528748484,0.00000000
346275.42859932303,4069731.5450931024,2.327117528663008,0.00000000
346275.39428680995,4069731.581461378,2.327117528792805,0.00000000
346275.35997429665,4069731.617829653,2.32711752826301,0.00000000
346275.3256617833,4069731.6541979276,2.327117527090509,0.00000000
346275.29134927015,4069731.690566203,2.327117528580109,0.00000000
346275.257036757,4069731.726934478,2.3271175276426477,0.00000000
346275.22272424394,4069731.763302753,2.327117527729846,0.00000000
346275.1884117308,4069731.7996710287,2.3271175286120758,0.00000000
346275.15409921773,4069731.836039304,2.3271175277783174,0.00000000
346275.1197867044,4069731.872407579,2.327117527200345,0.00000000
346275.08547419106,4069731.908775854,2.327117527037376,0.00000000
346275.0511616779,4069731.9451441295,2.3271175285774524,0.00000000
346275.0168491648,4069731.9815124045,2.327117528654456,0.00000000
346274.9825366517,4069732.0178806796,2.3271175277804366,0.00000000
346274.9482241386,4069732.054248955,2.3271175286146053,0.00000000
346274.9139116255,4069732.09061723,2.3271175287903847,0.00000000
346274.8795991122,4069732.126985505,2.3271175287991737,0.00000000
346274.84528659884,4069732.1633537803,2.327117529007127,0.00000000
346274.8109740857,4069732.1997220553,2.327117522945881,0.00000000
346274.77666157257,4069732.236090331,2.327117527910036,0.00000000
346274.7423490595,4069732.272458606,2.32711752896267,0.00000000
346274.70803654636,4069732.308826881,2.327117531428582,0.00000000
346274.67372403305,4069732.345195156,2.327117531428582,0.00000000
