302642.18373361975,4123673.078456669,-2.156857048817629,0.00000000
302642.14848022984,4123673.042999674,-2.3434921731589733,0.00000000
302642.1132268399,4123673.007542679,-2.3528239295067523,0.00000000
302642.07797344995,4123672.972085684,-2.3532905171934293,0.00000000
302642.04272006004,4123672.936628689,-2.3533138481402984,0.00000000
302642.00746667007,4123672.901171694,-2.3533150150797773,0.00000000
302641.97221328015,4123672.8657146986,-2.3533150745971514,0.00000000
302641.93695989024,4123672.8302577036,-2.3533150777037317,0.00000000
302641.90170650027,4123672.7948007085,-2.353315077728349,0.00000000
302641.86645311036,4123672.7593437135,-2.35331507772958,0.00000000
302641.8311997202,4123672.723886719,-2.353315076297818,0.00000000
302641.79594633006,4123672.688429724,-2.353315075703383,0.00000000
302641.7606929401,4123672.652972729,-2.3533150745032607,0.00000000
302641.7254395501,4123672.617515734,-2.3533150744432545,0.00000000
302641.6901861602,4123672.582058739,-2.3533150744402542,0.00000000
302641.6549327703,4123672.546601744,-2.3533150745708165,0.00000000
302641.6196793803,4123672.511144749,-2.3533150744466322,0.00000000
302641.5844259904,4123672.475687754,-2.3533150744404234,0.00000000
302641.5491726005,4123672.4402307584,-2.3533150756105132,0.00000000
302641.5139192105,4123672.4047737634,-2.353315075538306,0.00000000
302641.4786658206,4123672.3693167684,-2.3533150759268304,0.00000000
302641.44341243064,4123672.3338597734,-2.3533150775087925,0.00000000
302641.40815904073,4123672.2984027783,-2.353315077718602,0.00000000
302641.3729056508,4123672.2629457833,-2.353315077859804,0.00000000
302641.33765226085,4123672.2274887883,-2.353315077736153,0.00000000
302641.30239887093,4123672.1920317933,-2.3533150766902815,0.00000000
302641.26714548084,4123672.1565747983,-2.353315076245853,0.00000000
302641.23189209064,4123672.1211178037,-2.3533150746610962,0.00000000
302641.19663870067,4123672.0856608087,-2.3533150744511464,0.00000000
302641.1613853107,4123672.0502038137,-2.353315074309937,0.00000000
302641.1261319208,4123672.0147468187,-2.3533150744335884,0.00000000
302641.0908785309,4123671.979289823,-2.35331507547946,0.00000000
302641.05562514096,4123671.943832828,-2.353315075662465,0.00000000
302641.020371751,4123671.908375833,-2.3533150759330383,0.00000000
302640.9851183611,4123671.872918838,-2.353315077509103,0.00000000
302640.94986497116,4123671.837461843,-2.353315077849329,0.00000000
302640.9146115812,4123671.802004848,-2.353315077735629,0.00000000
302640.8793581913,4123671.766547853,-2.3533150766902553,0.00000000
302640.8441048013,4123671.731090858,-2.3533150766379864,0.00000000
302640.8088514112,4123671.695633863,-2.353315076243238,0.00000000
302640.7735980211,4123671.6601768686,-2.3533150747916767,0.00000000
302640.73834463104,4123671.6247198735,-2.3533150744576754,0.00000000
302640.7030912411,4123671.5892628785,-2.3533150744409754,0.00000000
302640.6678378512,4123671.553805883,-2.3533150756105408,0.00000000
302640.63258446124,4123671.518348888,-2.3533150755383074,0.00000000
302640.59733107133,4123671.482891893,-2.3533150755346957,0.00000000
302640.56207768136,4123671.447434898,-2.3533150755345154,0.00000000
302640.52682429145,4123671.411977903,-2.353315075534506,0.00000000
302640.49157090153,4123671.376520908,-2.3533150759266404,0.00000000
302640.45631751156,4123671.341063913,-2.3533150763383825,0.00000000
302640.42106412165,4123671.305606918,-2.353315076620393,0.00000000
302640.38581073174,4123671.270149923,-2.3533150766344932,0.00000000
302640.35055734176,4123671.234692928,-2.3533150766351985,0.00000000
302640.31530395185,4123671.199235933,-2.3533150766352335,0.00000000
302640.28005056176,4123671.163778938,-2.353315076373812,0.00000000
302640.2447971716,4123671.128321943,-2.3533150758378945,0.00000000
302640.2095437816,4123671.092864948,-2.3533150756803867,0.00000000
302640.1742903917,4123671.057407953,-2.353315075672511,0.00000000
302640.1390370017,4123671.021950958,-2.353315075541406,0.00000000
302640.1037836118,4123670.986493963,-2.3533150755348506,0.00000000
302640.0685302218,4123670.951036968,-2.353315075534523,0.00000001
302640.0332768319,4123670.915579973,-2.3533150744948177,0.00000001
302639.99802344193,4123670.880122978,-2.3533150744428326,0.00000000
302639.962770052,4123670.8446659828,-2.3533150757413455,0.00000000
302639.9275166621,4123670.8092089877,-2.3533150763291175,0.00000001
302639.8922632722,4123670.7737519927,-2.3533150767506417,0.00000000
302639.8570098822,4123670.7382949977,-2.353315076641006,0.00000000
302639.8217564923,4123670.7028380022,-2.3533150776752128,0.00000001
302639.78650310234,4123670.667381007,-2.353315077726923,0.00000000
302639.7512497123,4123670.6319240127,-2.3533150764283963,0.00000000
302639.71599632216,4123670.5964670177,-2.353315075971335,0.00000000
302639.6807429321,4123670.5610100226,-2.3533150755563472,0.00000000
302639.64548954216,4123670.5255530276,-2.3533150755355976,0.00000000
302639.61023615225,4123670.4900960326,-2.3533150756652716,0.00000000
302639.5749827623,4123670.4546390376,-2.353315074501355,0.00000001
302639.53972937237,4123670.4191820426,-2.3533150744431595,0.00000000
302639.5044759824,4123670.3837250476,-2.353315074309538,0.00000000
302639.4692225925,4123670.3482680526,-2.3533150745642804,0.00000000
302639.43396920257,4123670.3128110575,-2.3533150762702646,0.00000000
302639.3987158126,4123670.2773540625,-2.353315076616987,0.00000000
302639.3634624227,4123670.241897067,-2.353315077674012,0.00000001
302639.32820903277,4123670.206440072,-2.3533150778575744,0.00000000
302639.29295564286,4123670.170983077,-2.353315077866753,0.00000001
302639.2577022528,4123670.135526082,-2.3533150776057887,0.00000000
302639.2224488626,4123670.1000690875,-2.353315075899493,0.00000000
302639.18719547254,4123670.0646120925,-2.353315074513066,0.00000001
302639.1519420826,4123670.0291550974,-2.3533150745744567,0.00000000
302639.11668869265,4123669.9936981024,-2.3533150744468143,0.00000000
302639.08143530274,4123669.9582411074,-2.3533150744404323,0.00000001
302639.0461819128,4123669.9227841124,-2.3533150745708253,0.00000001
302639.0109285229,4123669.8873271174,-2.3533150745773446,0.00000001
302638.97567513294,4123669.851870122,-2.3533150754866474,0.00000002
302638.94042174297,4123669.816413127,-2.353315075532113,0.00000002
302638.90516835306,4123669.780956132,-2.3533150761879447,0.00000003
302638.86991496314,4123669.745499137,-2.353315077783271,0.00000003
302638.8346615732,4123669.710042142,-2.353315077732326,0.00000003
302638.79940818326,4123669.674585147,-2.353315077729779,0.00000004
302638.76415479335,4123669.639128152,-2.3533150777296514,0.00000005
302638.7289014034,4123669.603671157,-2.3533150766899564,0.00000006
302638.69364801317,4123669.568214162,-2.353315075984413,0.00000006
302638.658394623,4123669.5327571672,-2.3533150743866003,0.00000007
302638.6231412331,4123669.497300172,-2.353315074437422,0.00000009
302638.5878878432,4123669.461843177,-2.353315074570675,0.00000010
302638.5526344533,4123669.426386182,-2.3533150745773375,0.00000012
302638.5173810633,4123669.3909291867,-2.3533150754866474,0.00000014
302638.4821276734,4123669.3554721917,-2.353315075532113,0.00000016
302638.4468742835,4123669.3200151967,-2.3533150756650976,0.00000018
302638.4116208935,4123669.2845582017,-2.353315076194594,0.00000021
302638.37636750354,4123669.2491012067,-2.353315077522181,0.00000024
302638.34111411363,4123669.2136442116,-2.3533150765488715,0.00000028
302638.3058607237,4123669.1781872166,-2.3533150766309174,0.00000032
302638.2706073338,4123669.1427302216,-2.3533150767657314,0.00000037
302638.23535394383,4123669.1072732266,-2.3533150766417603,0.00000043
302638.20010055363,4123669.0718162316,-2.353315075982003,0.00000049
302638.16484716354,4123669.036359237,-2.3533150746479037,0.00000057
302638.1295937736,4123669.0009022416,-2.353315075620887,0.00000065
302638.09434038366,4123668.9654452465,-2.3533150756695362,0.00000075
302638.0590869937,4123668.9299882515,-2.3533150756719685,0.00000087
302638.0238336038,4123668.8945312565,-2.3533150759335135,0.00000099
302637.98858021386,4123668.8590742615,-2.353315076208015,0.00000114
302637.9533268239,4123668.8236172665,-2.3533150763524513,0.00000131
302637.918073434,4123668.7881602715,-2.353315077660785,0.00000150
302637.882820044,4123668.7527032765,-2.353315077987625,0.00000173
302637.84756665403,4123668.7172462814,-2.3533150787882375,0.00000198
302637.812313264,4123668.6817892864,-2.353315080521515,0.00000227
302637.777059874,4123668.6463322914,-2.3533150819092916,0.00000260
302637.74180648394,4123668.6108752964,-2.3533150821093916,0.00000297
302637.7065530939,4123668.575418302,-2.3533150813411314,0.00000340
302637.6712997038,4123668.539961307,-2.353315083126677,0.00000390
302637.6360463135,4123668.504504312,-2.3533150847784903,0.00000446
302637.6007929232,4123668.4690473173,-2.3533150869464627,0.00000510
302637.56553953304,4123668.4335903227,-2.3533150897938024,0.00000583
302637.53028614295,4123668.3981333277,-2.353315095538758,0.00000666
302637.4950327528,4123668.3626763327,-2.353315101820729,0.00000761
302637.45977936237,4123668.327219338,-2.3533151085216866,0.00000870
302637.4245259718,4123668.2917623436,-2.3533151152435927,0.00000993
302637.38927258103,4123668.2563053495,-2.353315121705123,0.00001134
302637.3540191901,4123668.2208483554,-2.3533151288071936,0.00001295
302637.31876579893,4123668.185391362,-2.353315137242403,0.00001478
302637.2835124075,4123668.149934368,-2.353315145874981,0.00001687
302637.2482590156,4123668.114477375,-2.3533151530856036,0.00001924
302637.2130056236,4123668.079020382,-2.3533151653048696,0.00002195
302637.1777522315,4123668.043563389,-2.353315180905644,0.00002504
302637.14249883895,4123668.0081063965,-2.3533151998005657,0.00002855
302637.107245446,4123667.972649405,-2.353315220690157,0.00003255
302637.0719920528,4123667.937192413,-2.353315246759224,0.00003711
302637.03673865926,4123667.9017354213,-2.3533152784284304,0.00004230
302637.00148526474,4123667.866278431,-2.3533153139008536,0.00004822
302636.9662318692,4123667.8308214415,-2.353315353734203,0.00005495
302636.93097847275,4123667.795364453,-2.353315398217787,0.00006261
302636.8957250751,4123667.7599074654,-2.3533154500990063,0.00007134
302636.8604716763,4123667.7244504793,-2.3533155106916364,0.00008128
302636.8252182762,4123667.6889934945,-2.353315578890966,0.00009259
302636.789964874,4123667.6535365116,-2.3533156555507357,0.00010547
302636.7547114698,4123667.6180795305,-2.35331574501511,0.00012013
302636.7194580637,4123667.5826225514,-2.353315849586679,0.00013681
302636.68420465506,4123667.547165575,-2.353315969903419,0.00015581
302636.6489512434,4123667.511708602,-2.3533161079518994,0.00017743
302636.6136978286,4123667.4762516315,-2.3533162663089646,0.00020205
302636.57844441,4123667.440794665,-2.3533164512228906,0.00023006
302636.5431909867,4123667.405337703,-2.3533166627506708,0.00026195
302636.5079375582,4123667.369880746,-2.353316903634094,0.00029824
302636.4726841238,4123667.3344237953,-2.353317181044664,0.00033955
302636.4374306825,4123667.2989668516,-2.3533174988641643,0.00038657
302636.4021772336,4123667.2635099147,-2.3533178654915017,0.00044009
302636.3669237755,4123667.2280529877,-2.3533182839608484,0.00050099
302636.33167030703,4123667.192596071,-2.353318763413001,0.00057031
302636.29641682695,4123667.1571391653,-2.3533193138169315,0.00064921
302636.26116333314,4123667.1216822737,-2.3533199420639432,0.00073900
302636.2259098236,4123667.0862253974,-2.3533206611356117,0.00084120
302636.1906562963,4123667.050768539,-2.3533214849775765,0.00095751
302636.1554027485,4123667.0153117008,-2.3533224261518497,0.00108988
302636.1201491772,4123666.979854886,-2.3533235036568514,0.00124054
302636.0848955794,4123666.9443980977,-2.3533247350008386,0.00141200
302636.0496419509,4123666.9089413397,-2.3533261395662435,0.00160714
302636.0143882875,4123666.8734846166,-2.3533277428239345,0.00182923
302635.9791345839,4123666.8380279336,-2.3533295717255935,0.00208198
302635.9438808344,4123666.8025712958,-2.3533316611096606,0.00236963
302635.9086270325,4123666.7671147105,-2.353334042317482,0.00269698
302635.87337317097,4123666.7316581844,-2.353336760435799,0.00306952
302635.8381192417,4123666.6962017254,-2.353339862302198,0.00349345
302635.80286523496,4123666.6607453437,-2.353343401086032,0.00397586
302635.7676111397,4123666.62528905,-2.3533474360125166,0.00452477
302635.7323569431,4123666.5898328573,-2.353352033002442,0.00514929
302635.69710263103,4123666.5543767787,-2.3533572764084933,0.00585910
302635.6618481876,4123666.5189208314,-2.3533632504889304,0.00664375
302635.6265935941,4123666.4834650327,-2.353370057463724,0.00749410
302635.59133882966,4123666.4480094044,-2.3533778132305687,0.00840211
302635.5560838706,4123666.41255397,-2.3533866484517745,0.00936119
302635.52082868945,4123666.3770987554,-2.353396713676704,0.01036461
302635.48557325505,4123666.3416437935,-2.3534081767517576,0.01140694
302635.45031753246,4123666.306189118,-2.35342123128202,0.01248341
302635.41506148153,4123666.2707347684,-2.3534361001680373,0.01358986
302635.37980505667,4123666.2352807913,-2.3534530295669414,0.01472260
302635.34454820585,4123666.1998272375,-2.353472307051385,0.01587838
302635.3092908699,4123666.164374166,-2.353494258114216,0.01705436
302635.2740329815,4123666.1289216448,-2.353519247038967,0.01824801
302635.2387744639,4123666.0934697483,-2.3535476998490226,0.01945711
302635.20351523015,4123666.0580185647,-2.3535800909132387,0.02067968
302635.168255181,4123666.022568192,-2.353616964250478,0.02191397
302635.13299420336,4123665.9871187424,-2.3536589402201797,0.02315842
302635.09773216856,4123665.951670345,-2.353706720822154,0.02441165
302635.0624689306,4123665.9162231437,-2.353761108577958,0.02567241
302635.0272043229,4123665.880777306,-2.353823013355003,0.02693958
302634.99193815584,4123665.8453330193,-2.3538934739384834,0.02821215
302634.95667021413,4123665.809890498,-2.3539736715069384,0.02948918
302634.92140025256,4123665.7744499873,-2.3540649497222956,0.03076982
302634.8861279918,4123665.739011765,-2.3541688368404756,0.03205329
302634.85085311445,4123665.7035761466,-2.3542870770585074,0.03333885
302634.8155752593,4123665.668143493,-2.3544216487736485,0.03462577
302634.78029401513,4123665.6327142143,-2.3545748074535133,0.03591339
302634.7450089144,4123665.597288776,-2.3547491181553823,0.03720102
302634.7097194245,4123665.5618677107,-2.3549475014622283,0.03848801
302634.67442494,4123665.5264516217,-2.3551732827032157,0.03977367
302634.6391247718,4123665.491041198,-2.355430240171232,0.04105731
302634.6038181363,4123665.4556372226,-2.35572267999778,0.04233822
302634.56850414176,4123665.420240588,-2.35605550324858,0.04361562
302634.53318177385,4123665.384852309,-2.3564342843668116,0.04488869
302634.4978498784,4123665.349473542,-2.356865368953357,0.04615656
302634.46250714303,4123665.314105605,-2.3573559759134715,0.04741824
302634.4271520753,4123665.2787499954,-2.3579143286484894,0.04867269
302634.3917829772,4123665.2434084215,-2.358549782241905,0.04991871
302634.3563979182,4123665.208082829,-2.359272980064903,0.05115501
302634.32099470345,4123665.1727754325,-2.3600960439925505,0.05238010
302634.28557083703,4123665.1374887563,-2.3610327585208335,0.05359236
302634.25012348255,4123665.1022256757,-2.3620988274992296,0.05478992
302634.2146494156,4123665.0669894684,-2.363312107196868,0.05597070
302634.17914497206,4123665.03178387,-2.364692925023267,0.05713233
302634.1436059898,4123664.996613139,-2.3662644099583723,0.05827217
302634.10802774085,4123664.9614821314,-2.3680528761660873,0.05938717
302634.0724048575,4123664.9263963853,-2.3700882665720413,0.06047392
302634.0367312456,4123664.891362222,-2.372404625605841,0.06152852
302634.0009999914,4123664.8563868515,-2.3750406776198028,0.06254657
302633.9652032538,4123664.821478509,-2.378040438103697,0.06352306
302633.9293321446,4123664.786646597,-2.3814539188744996,0.06445228
302633.89337659563,4123664.7519018603,-2.385337907421585,0.06532776
302633.8573252095,4123664.7172565805,-2.389756838883575,0.06614216
302633.8211650969,4123664.6827248028,-2.394783736395331,0.06688709
302633.78488169506,4123664.6483225976,-2.400491767610009,0.06755305
302633.7484585719,4123664.6140683643,-2.4066578600580453,0.06812920
302633.71187721315,4123664.5799831767,-2.41305160942753,0.06860325
302633.6751167959,4123664.5460911863,-2.419446073119271,0.06896121
302633.6381539506,4123664.512420089,-2.425621335098092,0.06918715
302633.6009625199,4123664.479001653,-2.4313402121294816,0.06926301
302633.5635152848,4123664.445870078,-2.4363754713557735,0.06916960
302633.5258453186,4123664.412991941,-2.4407967519315195,0.06892756
302633.4879812357,4123664.3803375307,-2.4446786039618122,0.06855502
302633.44994782686,4123664.347880485,-2.44808710866995,0.06806787
302633.4117652646,4123664.3155990364,-2.4510736937905264,0.06747912
302633.37345384277,4123664.2834706292,-2.4536967718973983,0.06680210
302633.3350297749,4123664.25147703,-2.4560011952470506,0.06604752
302633.29650715453,4123664.219602166,-2.4580258750696986,0.06522475
302633.2578982633,4123664.1878318535,-2.4598049246001277,0.06434204
302633.21921381407,4123664.1561535858,-2.4613682597106115,0.06340662
302633.18046315963,4123664.1245563375,-2.462742134848265,0.06242486
302633.1416544716,4123664.093030394,-2.463949584068118,0.06140235
302633.1027948948,4123664.061567197,-2.4650108289900583,0.06034400
302633.06389068,4123664.030159211,-2.465943623082816,0.05925416
302633.02494729834,4123663.9987998,-2.4667635485459547,0.05813663
302632.9859695428,4123663.9674831233,-2.46748428881477,0.05699479
302632.94696161203,4123663.93620404,-2.4681178648118616,0.05583159
302632.9079271876,4123663.9049580246,-2.468674836235,0.05464968
302632.8688694974,4123663.8737410954,-2.4691644790450114,0.05345137
302632.8297913725,4123663.8425497506,-2.469594938558007,0.05223872
302632.7906952975,4123663.8113809074,-2.4699733761395306,0.05101356
302632.7515834533,4123663.7802318535,-2.470306087437676,0.04977754
302632.712457754,4123663.7491002046,-2.470598600431342,0.04853210
302632.67331988027,4123663.717983862,-2.4708557738285517,0.04727857
302632.6341713083,4123663.68688098,-2.4710818804167602,0.04601812
302632.59501333436,4123663.655789936,-2.471280674899186,0.04475183
302632.55584709725,4123663.6247093016,-2.471455458201528,0.04348070
302632.5166735973,4123663.5936378213,-2.471609131003037,0.04220563
302632.4774937137,4123663.5625743913,-2.471744242114473,0.04092748
302632.43830821896,4123663.5315180393,-2.471863035830511,0.03964706
302632.39911779185,4123663.500467912,-2.471967485245798,0.03836513
302632.3599230288,4123663.4694232577,-2.4720593215599735,0.03708247
302632.3207244541,4123663.4383834167,-2.4721400674398506,0.03579981
302632.2815225287,4123663.4073478077,-2.4722110642560096,0.03451790
302632.24231765757,4123663.3763159197,-2.4722734933583417,0.03323750
302632.20311019674,4123663.3452873034,-2.472328389110609,0.03195942
302632.1639004589,4123663.314261565,-2.472376659226265,0.03068449
302632.1246887192,4123663.2832383565,-2.4724191082659384,0.02941359
302632.08547521965,4123663.2522173724,-2.4724564436284813,0.02814768
302632.04626017256,4123663.2211983446,-2.47248928343634,0.02688780
302632.0070437644,4123663.190181038,-2.4725181716972853,0.02563510
302631.9678261596,4123663.159165244,-2.4725435907912443,0.02439084
302631.9286075024,4123663.1281507807,-2.4725659649796006,0.02315641
302631.88938791945,4123663.097137488,-2.472585665409203,0.02193338
302631.850167522,4123663.0661252257,-2.4726030180760152,0.02072350
302631.81094640767,4123663.0351138697,-2.4726183142638893,0.01952876
302631.7717246625,4123663.004103312,-2.4726318090688273,0.01835136
302631.7325023617,4123662.9730934566,-2.472643726550958,0.01719314
302631.6932795712,4123662.9420842207,-2.472654264336112,0.01605597
302631.65405634895,4123662.911075531,-2.4726635997303803,0.01494203
302631.61483274575,4123662.8800673233,-2.472671888183209,0.01385393
302631.5756088058,4123662.8490595417,-2.4726792688528128,0.01279467
302631.53638456744,4123662.8180521373,-2.4726858631561073,0.01176776
302631.4971600648,4123662.787045067,-2.47269178309553,0.01077721
302631.45793532726,4123662.756038294,-2.4726971293892928,0.00982767
302631.4187103799,4123662.7250317866,-2.472701991821336,0.00892444
302631.37948524486,4123662.6940255165,-2.472706451215752,0.00807361
302631.34025994065,4123662.6630194606,-2.4727105804775493,0.00728213
302631.30103448324,4123662.6320135985,-2.472714451887195,0.00655792
302631.26180888584,4123662.6010079132,-2.4727181281239528,0.00591001
302631.2225831594,4123662.5700023915,-2.4727216709298125,0.00534802
302631.1833573124,4123662.5389970224,-2.4727251397000485,0.00486145
302631.1441313516,4123662.507991797,-2.472728594412265,0.00444110
302631.1049052823,4123662.4769867086,-2.4727320939024615,0.00407889
302631.0656791073,4123662.4459817545,-2.472735694306803,0.00376818
302631.026452828,4123662.414976932,-2.472739460396411,0.00350219
302630.9872264438,4123662.3839722425,-2.4727434513612407,0.00327546
302630.94799995207,4123662.352967689,-2.472747735225036,0.00308321
302630.9087733489,4123662.3219632762,-2.472752381253311,0.00292124
302630.8695466282,4123662.290959012,-2.472757468444099,0.00278585
302630.8303197822,4123662.2599549065,-2.472763080667071,0.00267381
302630.79109280073,4123662.2289509727,-2.472769310077899,0.00258227
302630.7518656718,4123662.197947225,-2.4727762619304734,0.00250872
302630.7126383803,4123662.1669436833,-2.472784050875719,0.00245097
302630.67341090937,4123662.1359403688,-2.472792809889478,0.00240707
302630.634183238,4123662.1049373075,-2.4728026810344903,0.00237532
302630.5949553431,4123662.0739345294,-2.4728138520801037,0.00235423
302630.5557271968,4123662.0429320694,-2.472826507095881,0.00234246
302630.5164987676,4123662.011929967,-2.4728408478215367,0.00233885
302630.47727001895,4123661.9809282687,-2.4728571091055893,0.00234237
302630.4380409092,4123661.949927028,-2.4728755625766548,0.00235211
302630.3988113908,4123661.9189263037,-2.472896516841332,0.00236724
302630.3595814052,4123661.887926171,-2.472920299024868,0.00238707
302630.32035089034,4123661.856926708,-2.472947306870906,0.00241093
302630.2811197774,4123661.825928002,-2.472977998162082,0.00243826
302630.2418879855,4123661.7949301554,-2.4730128859918565,0.00246855
302630.20265542186,4123661.763933285,-2.473052547112504,0.00250132
302630.16342198185,4123661.7329375246,-2.4730976416077453,0.00253614
302630.1241875453,4123661.701943025,-2.4731489183763853,0.00257263
302630.08495197626,4123661.6709499597,-2.4732072256185056,0.00261043
302630.04571511946,4123661.639958524,-2.473273533516284,0.00264917
302630.00647679874,4123661.6089689424,-2.473348942008777,0.00268855
302629.96723681333,4123661.5779814683,-2.4734347055084456,0.00272825
302629.9279949351,4123661.5469963914,-2.473532247005458,0.00276794
302629.8887509043,4123661.516014041,-2.4736431850424943,0.00280733
302629.849504426,4123661.485034791,-2.4737693606331956,0.00284609
302629.81025516416,4123661.454059067,-2.4739128719083836,0.00288390
302629.77100273705,4123661.4230873547,-2.474076099624573,0.00292041
302629.73174671014,4123661.3921202053,-2.4742617537750835,0.00295526
302629.69248658966,4123661.361158246,-2.4744729149121256,0.00298806
302629.65322181396,4123661.3302021907,-2.4747130900314236,0.00301838
302629.6139517449,4123661.29925285,-2.474976703547737,0.00304577
302629.57467565645,4123661.2683111494,-2.475253830008798,0.00306969
302629.53539272305,4123661.237378139,-2.4755345393897668,0.00308958
302629.4961020067,4123661.2064550156,-2.475808942220597,0.00310479
302629.45680244116,4123661.175543139,-2.476067043360512,0.00311462
302629.4174928142,4123661.144644059,-2.4762985780726896,0.00311825
302629.3781736142,4123661.113757161,-2.476502404718742,0.00311611
302629.3388459996,4123661.0828809775,-2.476681651292711,0.00310914
302629.2995109881,4123661.052014218,-2.47683927295556,0.00309820
302629.2601694741,4123661.021155747,-2.476977881399522,0.00308406
302629.2208222439,4123660.9903045646,-2.4770997776571493,0.00306747
302629.1814699881,4123660.959459793,-2.477206979722139,0.00304912
302629.1421133136,4123660.9286206593,-2.4773012626544597,0.00302968
302629.10275275423,4123660.897786484,-2.4773841914359664,0.00300978
302629.063388779,4123660.86695667,-2.477457141698928,0.00299009
302629.0240217999,4123660.836130691,-2.4775213246559096,0.00297123
302628.98465217894,4123660.805308087,-2.4775778011715874,0.00295386
302628.94528023445,4123660.7744884505,-2.4776275084300257,0.00293868
302628.9059062463,4123660.743671425,-2.4776712719339846,0.00292639
302628.8665304601,4123660.7128566974,-2.4777098185758915,0.00291777
302628.82715309126,4123660.6820439915,-2.4777437873010286,0.00291364
302628.7877743294,4123660.6512330663,-2.477773739283598,0.00291491
302628.74839434115,4123660.6204237086,-2.4778001739112168,0.00292257
302628.7090132726,4123660.589615732,-2.4778235286241554,0.00293773
302628.6696312516,4123660.5588089726,-2.477844191946694,0.00296162
302628.63024839025,4123660.5280032875,-2.4778625043399245,0.00299559
302628.5908647868,4123660.497198551,-2.4778787723319056,0.00304121
302628.5514805275,4123660.466394653,-2.4778932691982667,0.00310021
302628.5120956873,4123660.435591498,-2.4779062329001413,0.00317455
302628.472710332,4123660.4047890017,-2.477917881116743,0.00326645
302628.43332451815,4123660.3739870917,-2.477928409219749,0.00337844
302628.3939382951,4123660.3431857047,-2.4779379922158498,0.00351336
302628.35455170495,4123660.312384787,-2.477946789603784,0.00367448
302628.3151647839,4123660.281584293,-2.4779549445167746,0.00386549
302628.27577756287,4123660.2507841825,-2.4779625964574006,0.00409058
302628.23639006756,4123660.2199844224,-2.477969872842325,0.00435454
302628.1970023189,4123660.1891849865,-2.477976893112411,0.00466282
302628.157614334,4123660.1583858524,-2.477983776335982,0.00502163
302628.11822612595,4123660.127587004,-2.4779906353003587,0.00543806
302628.07883770386,4123660.096788429,-2.477997587038157,0.00591191
302628.03944907367,4123660.0659901206,-2.4780047463048356,0.00643629
302628.0000602375,4123660.0351920757,-2.478012234004414,0.00700513
302627.960671194,4123660.0043942956,-2.478020174213032,0.00761309
302627.9212819387,4123659.9735967866,-2.478028700606848,0.00825548
302627.88189246313,4123659.942799559,-2.478037953918797,0.00892818
302627.84250275575,4123659.912002628,-2.478048088221892,0.00962754
302627.8031128006,4123659.881206014,-2.4780592749819323,0.01035039
302627.7637225776,4123659.850409743,-2.4780716973381165,0.01109393
302627.7243320625,4123659.819613845,-2.4780855644729463,0.01185570
302627.6849412259,4123659.7888183584,-2.4781011040245735,0.01263355
302627.6455500336,4123659.7580233268,-2.478118577612158,0.01342561
302627.606158445,4123659.727228802,-2.4781382725982164,0.01423022
302627.56676641264,4123659.696434845,-2.478160563339429,0.01504594
302627.52737388236,4123659.6656415253,-2.4781858152748995,0.01587153
302627.4879807911,4123659.634848923,-2.478214426910103,0.01670589
302627.4485870671,4123659.60405713,-2.4782468799713673,0.01754808
302627.4091926277,4123659.5732662524,-2.4782837117526633,0.01839729
302627.3697973787,4123659.5424764105,-2.478325538505663,0.01925282
302627.330401203,4123659.5116877547,-2.4783730106836117,0.02011409
302627.29100397887,4123659.4809004404,-2.478426924875671,0.02098059
302627.25160556915,4123659.4501146427,-2.478488198982748,0.02185192
302627.2122058131,4123659.419330569,-2.478557849401303,0.02272776
302627.1728045275,4123659.3885484524,-2.478637039070006,0.02360787
302627.1334015042,4123659.3577685603,-2.4787270843002207,0.02449205
302627.0939965055,4123659.326991197,-2.4788294815381056,0.02538021
302627.05458926153,4123659.296216709,-2.4789459324361127,0.02627231
302627.01517946494,4123659.26544549,-2.4790783752164005,0.02716769
302626.9757667659,4123659.234677988,-2.479229012721204,0.02806547
302626.93635076657,4123659.203914715,-2.4794003478957025,0.02896480
302626.89693101397,4123659.1731562507,-2.4795952300497026,0.02986487
302626.85750699375,4123659.142403257,-2.479816904833152,0.03076486
302626.81807812076,4123659.1116564856,-2.480069064571518,0.03166398
302626.77864372893,4123659.0809167926,-2.48035590326503,0.03256140
302626.73920306115,4123659.0501851523,-2.4806822013539067,0.03345628
302626.699755257,4123659.0194626735,-2.4810533956219043,0.03434774
302626.6602993375,4123658.988750617,-2.4814756788169676,0.03523484
302626.6208341897,4123658.9580504205,-2.481956092490496,0.03611658
302626.58135854837,4123658.927363719,-2.482502656761933,0.03699186
302626.5418709754,4123658.896692372,-2.4831245053811015,0.03785947
302626.5023698361,4123658.8660385,-2.4838320367289937,0.03871811
302626.46285327227,4123658.835404515,-2.4846370955649792,0.03956630
302626.4233191718,4123658.804793165,-2.4855531678847536,0.04040239
302626.3837651354,4123658.774207581,-2.4865956262424875,0.04122456
302626.34418843675,4123658.743651328,-2.487781983369321,0.04203073
302626.30458597856,4123658.71312847,-2.489132202612984,0.04281858
302626.2649542429,4123658.6826436385,-2.4906690417181783,0.04358547
302626.2252892352,4123658.6522021145,-2.4924184529238094,0.04432842
302626.1855864204,4123658.6218099194,-2.4944100417026887,0.04504406
302626.1458406517,4123658.5914739254,-2.4966775809032544,0.04572854
302626.10604608915,4123658.561201974,-2.499259623911977,0.04637753
302626.06619610975,4123658.531003019,-2.50220018024472,0.04698607
302626.02628320555,4123658.5008872906,-2.5055495046471097,0.04754853
302625.9862988699,4123658.4708664813,-2.5093649957118496,0.04805851
302625.94623347116,4123658.440953964,-2.5135942276917738,0.04850871
302625.9060761119,4123658.411165043,-2.5180766216569186,0.04889082
302625.8658144738,4123658.3815172473,-2.52264951802569,0.04919538
302625.8254346482,4123658.3520306684,-2.527150962507342,0.04941157
302625.784920952,4123658.3227283545,-2.531417299051693,0.04952708
302625.7442557297,4123658.293636768,-2.535280438980477,0.04952784
302625.7034405753,4123658.2647558358,-2.5386829880513826,0.04941429
302625.6624944281,4123658.236060862,-2.5416747105403914,0.04920015
302625.621433777,4123658.207529931,-2.5443045838815084,0.04889756
302625.5802729874,4123658.1791436216,-2.5466160753118303,0.04851716
302625.53902458376,4123658.150884748,-2.5486475191718103,0.04806835
302625.4976994925,4123658.1227381183,-2.5504326849959305,0.04755939
302625.4563072524,4123658.094690314,-2.552001319310555,0.04699755
302625.41485619603,4123658.0667294925,-2.553379606927064,0.04638922
302625.373353606,4123658.038845211,-2.55459057857364,0.04574003
302625.3318058505,4123658.011028263,-2.5556544992575962,0.04505493
302625.29021850147,4123657.983270538,-2.5565891913921996,0.04433827
302625.2485964356,4123657.9555648924,-2.5574103274500994,0.04359388
302625.20694392256,4123657.9279050385,-2.5581316832507723,0.04282514
302625.16526470234,4123657.9002854424,-2.558765365847684,0.04203501
302625.1235620522,4123657.8727012333,-2.559322022179948,0.04122611
302625.0818388442,4123657.8451481275,-2.55981100505378,0.04040074
302625.0400975963,4123657.817622358,-2.560240535171022,0.03956094
302624.9983405161,4123657.790120611,-2.560617837670322,0.03870850
302624.9565695396,4123657.7626399742,-2.5609492558620524,0.03784499
302624.9147863654,4123657.7351778867,-2.561240367697237,0.03697184
302624.87299248367,4123657.7077320972,-2.5614960714034076,0.03609028
302624.8311892017,4123657.680300627,-2.561720671669035,0.03520142
302624.7893776667,4123657.6528817373,-2.5619179517427653,0.03430623
302624.74755888584,4123657.6254739007,-2.562091230468638,0.03340562
302624.7057337425,4123657.5980757736,-2.5622434260342275,0.03250036
302624.66390301276,4123657.5706861764,-2.5623771029613978,0.03159118
302624.6220673779,4123657.543304072,-2.5624945142409734,0.03067873
302624.5802274356,4123657.5159285497,-2.5625976393450873,0.02976361
302624.5383837108,4123657.4885588097,-2.5626882096908923,0.02884638
302624.4965366643,4123657.4611941483,-2.562767757858765,0.02792756
302624.4546867011,4123657.4338339474,-2.562837624745599,0.02700766
302624.41283417656,4123657.406477665,-2.5628989851412607,0.02608715
302624.3709794026,4123657.3791248244,-2.5629528744569416,0.02516651
302624.32912265323,4123657.351775007,-2.563000200694849,0.02424620
302624.2872641693,4123657.3244278436,-2.563041765682968,0.02332670
302624.2454041621,4123657.2970830128,-2.563078267270458,0.02240851
302624.20354281686,4123657.26974023,-2.5631103211318207,0.02149213
302624.161680297,4123657.2423992455,-2.5631384694917134,0.02057811
302624.11981674546,4123657.2150598406,-2.563163186701335,0.01966704
302624.0779522882,4123657.187721823,-2.5631848916618805,0.01875953
302624.0360870352,4123657.1603850233,-2.5632039498066645,0.01785629
302623.99422108376,4123657.133049294,-2.5632206818420724,0.01695808
302623.95235451905,4123657.1057145037,-2.563235372525465,0.01606574
302623.91048741585,4123657.078380538,-2.563248271582423,0.01518020
302623.86861983995,4123657.0510472967,-2.563259595364682,0.01430254
302623.8267518488,4123657.0237146914,-2.5632695368112475,0.01343393
302623.78488349315,4123656.9963826444,-2.563278261384683,0.01257571
302623.7430148176,4123656.9690510873,-2.5632859205256815,0.01172939
302623.7011458612,4123656.9417199604,-2.5632926412125743,0.01089667
302623.65927665826,4123656.9143892117,-2.5632985403319557,0.01007950
302623.61740723887,4123656.887058794,-2.5633037182156753,0.00928007
302623.5755376294,4123656.859728668,-2.5633082600304364,0.00850087
302623.53366785345,4123656.8323987965,-2.5633122480689345,0.00774474
302623.4917979313,4123656.8050691495,-2.563315746236748,0.00701490
302623.4499278809,4123656.7777396985,-2.563318817370296,0.00631502
302623.4080577176,4123656.750410421,-2.563321508553658,0.00564929
302623.3661874554,4123656.7230812944,-2.5633238690825624,0.00502247
302623.32431710657,4123656.695752301,-2.563325939468958,0.00443999
302623.2824466816,4123656.668423424,-2.5633277513690893,0.00390805
302623.2405761898,4123656.641094649,-2.5633293419691303,0.00343371
302623.1987056397,4123656.6137659643,-2.56333073683808,0.00301676
302623.15683503833,4123656.5864373576,-2.56333195841953,0.00265031
302623.11496439186,4123656.55910882,-2.563333029933413,0.00232828
302623.0730937062,4123656.5317803426,-2.5633339693968535,0.00204529
302623.03122298623,4123656.5044519175,-2.5633347943912446,0.00179664
302622.9893522357,4123656.4771235394,-2.563335515395242,0.00157818
302622.94748145854,4123656.4497952024,-2.5633361455057875,0.00138624
302622.9056106583,4123656.4224669,-2.563336697775157,0.00121762
302622.86373983754,4123656.3951386297,-2.563337179582867,0.00106948
302622.82186899893,4123656.3678103867,-2.5633375983529416,0.00093935
302622.7799981448,4123656.3404821674,-2.5633379648880354,0.00082503
302622.7381272769,4123656.313153969,-2.5633382877159456,0.00072462
302622.69625639694,4123656.285825789,-2.5633385694046176,0.00063641
302622.654385507,4123656.2584976247,-2.563338817540475,0.00055894
302622.6125146079,4123656.2311694743,-2.5633390310664974,0.00049089
302622.57064370107,4123656.2038413356,-2.563339220991673,0.00043112
302622.5287727871,4123656.1765132076,-2.5633393868330874,0.00037862
302622.4869018667,4123656.14918509,-2.5633395259961453,0.00033251
302622.44503094105,4123656.12185698,-2.5633396508492985,0.00029202
302622.40316001076,4123656.0945288776,-2.5633397578026877,0.00025646
302622.3612890768,4123656.0672007804,-2.5633398560000846,0.00022524
302622.3194181392,4123656.039872689,-2.5633399388177116,0.00019782
302622.27754719835,4123656.0125446026,-2.563340010031918,0.00017374
302622.23567625514,4123655.9852165193,-2.5633400763828447,0.00015261
302622.1938053092,4123655.9578884407,-2.5633401308243,0.00013406
302622.1519343614,4123655.930560365,-2.563340179253066,0.00011778
302622.1100634116,4123655.9032322923,-2.5633402191920402,0.00010349
302622.06819246034,4123655.8759042216,-2.5633402560612493,0.00009096
302622.0263215079,4123655.8485761527,-2.563340289602052,0.00007998
302621.98445055407,4123655.821248086,-2.563340317861451,0.00007035
302621.9425795993,4123655.793920021,-2.563340345453802,0.00006191
302621.9007086436,4123655.7665919573,-2.5633403696363937,0.00005453
302621.8588376871,4123655.7392638945,-2.5633403899698566,0.00004808
302621.81696673,4123655.711935833,-2.5633404069359456,0.00004245
302621.77509577206,4123655.6846077726,-2.5633404200550247,0.00003754
302621.7332248136,4123655.657279713,-2.5633404313439225,0.00003327
302621.6913538544,4123655.629951655,-2.5633404391649037,0.00002957
302621.6494828948,4123655.6026235973,-2.563340445073914,0.00002638
302621.6076119351,4123655.5752955396,-2.563340452424412,0.00002364
302621.5657409752,4123655.5479674824,-2.5633404597462395,0.00002131
302621.52387001517,4123655.520639425,-2.5633404670666344,0.00001935
302621.48199905484,4123655.4933113684,-2.5633404742862127,0.00001772
302621.4401280943,4123655.465983312,-2.5633404802658966,0.00001640
302621.39825713367,4123655.438655256,-2.5633404875191843,0.00001536
302621.35638617276,4123655.4113272,-2.5633404947354075,0.00001459
302621.3145152117,4123655.3839991447,-2.563340500714924,0.00001407
302621.2726442505,4123655.3566710893,-2.563340507968203,0.00001380
302621.23077328905,4123655.3293430344,-2.563340513949572,0.00001377
302621.1889023274,4123655.3020149795,-2.5633405223370525,0.00001397
302621.1470313656,4123655.274686925,-2.563340528475876,0.00001443
302621.1051604036,4123655.247358871,-2.5633405357371206,0.00001513
302621.0632894414,4123655.220030817,-2.5633405432559746,0.00001610
302621.02141847904,4123655.1927027637,-2.563340550686965,0.00001734
302620.9795475165,4123655.16537471,-2.5633405595499044,0.00001889
302620.93767655373,4123655.1380466577,-2.563340567451077,0.00002077
302620.8958055908,4123655.1107186046,-2.5633405815532533,0.00002300
302620.8539346276,4123655.0833905526,-2.5633405980062887,0.00002563
302620.81206366414,4123655.0560625005,-2.5633406178525293,0.00002870
302620.77019270055,4123655.028734449,-2.5633406405137067,0.00003227
302620.7283217367,4123655.0014063977,-2.563340667725402,0.00003639
302620.68645077245,4123654.974078347,-2.5633406974069217,0.00004113
302620.6445798073,4123654.9467502977,-2.563340730386851,0.00004657
302620.60270884144,4123654.91942225,-2.563340765773998,0.00005281
302620.56083787483,4123654.892094203,-2.56334080639649,0.00005996
302620.5189669073,4123654.8647661568,-2.563340855570649,0.00006812
302620.47709593904,4123654.8374381126,-2.5633409098584776,0.00007744
302620.4352249699,4123654.8101100693,-2.563340975766064,0.00008808
302620.39335399936,4123654.7827820284,-2.5633410511490062,0.00010022
302620.35148302757,4123654.7554539894,-2.5633411378401485,0.00011405
302620.3096120542,4123654.7281259526,-2.5633412389045636,0.00012982
302620.2677410787,4123654.700797919,-2.5633413531599047,0.00014780
302620.2258701012,4123654.6734698885,-2.5633414868968942,0.00016827
302620.1839991212,4123654.646141862,-2.5633416384640806,0.00019159
302620.1421281383,4123654.61881384,-2.5633418134235173,0.00021816
302620.1002571521,4123654.591485823,-2.5633420154297157,0.00024842
302620.0583861621,4123654.564157812,-2.563342244135756,0.00028287
302620.0165151677,4123654.5368298073,-2.563342507310474,0.00032210
302619.97464416834,4123654.5095018107,-2.56334280788684,0.00036678
302619.93277316313,4123654.4821738224,-2.5633431550325407,0.00041765
302619.8909021513,4123654.454845845,-2.563343549683754,0.00047557
302619.84903113195,4123654.427517879,-2.5633440028483907,0.00054152
302619.8071601041,4123654.4001899255,-2.563344525004583,0.00061660
302619.7652890663,4123654.3728619874,-2.5633451200267166,0.00070209
302619.72341801715,4123654.3455340667,-2.5633457995733337,0.00079942
302619.6815469549,4123654.3182061664,-2.563346574961049,0.00091022
302619.63967587776,4123654.2908782884,-2.563347462402877,0.00103637
302619.5978047835,4123654.263550437,-2.5633484783566542,0.00117999
302619.5559336697,4123654.236222616,-2.5633496358901047,0.00134349
302619.5140625336,4123654.2088948283,-2.5633509595189072,0.00152962
302619.4721913723,4123654.1815670794,-2.5633524726414216,0.00174150
302619.43032018206,4123654.154239375,-2.563354198801618,0.00198271
302619.38844895846,4123654.1269117217,-2.5633561703962786,0.00225727
302619.3465776967,4123654.0995841273,-2.5633584161053498,0.00256980
302619.3047063915,4123654.0722565986,-2.56336098075246,0.00292553
302619.2628350371,4123654.044929146,-2.563363907043789,0.00333041
302619.2209636262,4123654.0176017797,-2.563367244156949,0.00379119
302619.1790921509,4123653.9902745117,-2.5633710501852773,0.00431047
302619.13722060213,4123653.962947357,-2.563375387824232,0.00488109
302619.0953489695,4123653.9356203303,-2.5633803338592585,0.00549676
302619.05347724125,4123653.9082934503,-2.5633859679705506,0.00615197
302619.0116054039,4123653.8809667374,-2.5633923896631226,0.00684188
302618.9697334423,4123653.853640215,-2.5633997081000945,0.00756225
302618.92786133906,4123653.8263139096,-2.563408045601195,0.00830933
302618.8859890743,4123653.7989878515,-2.5634175460330137,0.00907986
302618.84411662567,4123653.7716620755,-2.5634283676922327,0.00987094
302618.80224396754,4123653.74433662,-2.5634406968360213,0.01068005
302618.76037107053,4123653.717011531,-2.563454740419276,0.01150496
302618.71849790134,4123653.689686859,-2.563470734752647,0.01234368
302618.6766244222,4123653.6623626617,-2.5634889530167695,0.01319450
302618.63475058996,4123653.635039006,-2.563509700168274,0.01405587
302618.59287635563,4123653.607715966,-2.563533330324924,0.01492644
302618.5510016633,4123653.580393628,-2.563560242795776,0.01580500
302618.50912644935,4123653.5530720903,-2.5635908852324842,0.01669049
302618.4672506412,4123653.5257514627,-2.5636257783072756,0.01758195
302618.4253741564,4123653.498431872,-2.5636655123832557,0.01847853
302618.3834969012,4123653.4711134625,-2.56371075510756,0.01937945
302618.3416187685,4123653.443796398,-2.563762267995206,0.02028403
302618.29973963683,4123653.416480866,-2.563820921039694,0.02119161
302618.257859368,4123653.3891670764,-2.563887705110419,0.02210163
302618.2159778042,4123653.3618552727,-2.5639637459508715,0.02301353
302618.174094766,4123653.3345457306,-2.564050321028898,0.02392680
302618.13221004914,4123653.3072387627,-2.564148893367607,0.02484095
302618.0903234213,4123653.279934726,-2.564261121947867,0.02575551
302618.0484346177,4123653.252634028,-2.564388894484383,0.02667001
302618.0065433374,4123653.22533713,-2.564534369082357,0.02758398
302617.9646492375,4123653.19804456,-2.5646999926159073,0.02849695
302617.92275192804,4123653.170756917,-2.5648885546685034,0.02940843
302617.8808509651,4123653.143474885,-2.565103232361722,0.03031790
302617.83894584357,4123653.1161992406,-2.565347642317195,0.03122482
302617.7970359887,4123653.0889308695,-2.565625900001238,0.03212860
302617.75512074627,4123653.061670781,-2.5659426893001136,0.03302861
302617.7131993722,4123653.0344201233,-2.5663033463207516,0.03392414
302617.6712710201,4123653.007180203,-2.5667139454485364,0.03481442
302617.6293347266,4123652.979952511,-2.5671813969253043,0.03569860
302617.58738939656,4123652.9527387423,-2.5677135706324234,0.03657570
302617.54543378437,4123652.9255408286,-2.568319426118805,0.03744467
302617.50346647354,4123652.8983609704,-2.569009158146902,0.03830428
302617.4614858536,4123652.871201674,-2.569794369653353,0.03915319
302617.41949009424,4123652.8440657943,-2.570688272131042,0.03998984
302617.37747711514,4123652.8169565834,-2.5717058987889967,0.04081250
302617.3354445533,4123652.789877747,-2.5728643555816606,0.04161919
302617.29338972457,4123652.7628335077,-2.574183105216785,0.04240769
302617.2513095814,4123652.7358286763,-2.575684295901124,0.04317544
302617.20920066535,4123652.7088687355,-2.577393119185378,0.04391956
302617.16705905285,4123652.6819599364,-2.579338225170727,0.04463678
302617.1248802954,4123652.655109404,-2.5815521847641163,0.04532338
302617.08265935275,4123652.628325262,-2.5840720233293815,0.04597512
302617.0403905177,4123652.6016167733,-2.5869398039434217,0.04658719
302616.9980673335,4123652.5749945045,-2.590203283573796,0.04715411
302616.9556825021,4123652.548470508,-2.5939166532374416,0.04766966
302616.9132277846,4123652.522058537,-2.598069061207097,0.04812676
302616.8706938918,4123652.4957742863,-2.6025002153117103,0.04851734
302616.82807036676,4123652.4696356705,-2.6070469289972893,0.04883225
302616.78534546023,4123652.443663142,-2.611547852845553,0.04906107
302616.7425059992,4123652.417880055,-2.615841160445132,0.04919196
302616.6995372541,4123652.392313079,-2.6197619027248074,0.04921145
302616.6564342952,4123652.366972948,-2.623211602064188,0.04911435
302616.6132145182,4123652.341832518,-2.62624080058608,0.04891490
302616.5698929589,4123652.3168678395,-2.6289006615046824,0.04862560
302616.52648263494,4123652.292057797,-2.631236387048552,0.04825740
302616.48299483303,4123652.2673837845,-2.6332876287902267,0.04781992
302616.4394393531,4123652.2428294164,-2.6350891664662104,0.04732159
302616.3958247151,4123652.218380266,-2.6366715004736165,0.04676981
302616.35215833434,4123652.1940236366,-2.6380613868419514,0.04617108
302616.308446672,4123652.169748357,-2.639282298028698,0.04553110
302616.26469536294,4123652.1455445983,-2.6403548308006903,0.04485487
302616.2209093264,4123652.121403715,-2.6412970623003194,0.04414682
302616.1770928588,4123652.097318106,-2.642124853096171,0.04341080
302616.133249716,4123652.073281084,-2.642852128032534,0.04265021
302616.08938318334,4123652.0492867725,-2.643491114987079,0.04186805
302616.0454961359,4123652.0253300024,-2.6440525441998264,0.04106696
302616.0015910915,4123652.00140623,-2.6445458410611415,0.04024926
302615.9576702551,4123651.9775114604,-2.644979283529372,0.03941698
302615.91373555973,4123651.9536421825,-2.645360140739562,0.03857194
302615.86978869926,4123651.9297953085,-2.6456947993794393,0.03771573
302615.82583115896,4123651.905968127,-2.645988864500046,0.03684976
302615.78186424193,4123651.8821582515,-2.6462472617228765,0.03597529
302615.7378890912,4123651.858363586,-2.646474320442744,0.03509341
302615.6939067101,4123651.8345822883,-2.646673843609307,0.03420513
302615.64991797856,4123651.8108127387,-2.64684917131518,0.03331133
302615.6059236695,4123651.787053514,-2.647003238390234,0.03241281
302615.5619244612,4123651.763303363,-2.6471386197047506,0.03151029
302615.5179209496,4123651.739561186,-2.6472575865534878,0.03060441
302615.47391365777,4123651.715826017,-2.647362125545804,0.02969579
302615.4299030448,4123651.6920970064,-2.6474539866390803,0.02878498
302615.385889514,4123651.6683734083,-2.6475347747149285,0.02787251
302615.3418734199,4123651.6446545664,-2.6476057653254745,0.02695887
302615.297855074,4123651.620939904,-2.6476681374959976,0.02604453
302615.2538347494,4123651.5972289145,-2.647722934180546,0.02512998
302615.2098126867,4123651.573521152,-2.647771078586649,0.02421567
302615.16578909656,4123651.549816226,-2.647813376040184,0.02330208
302615.12176415423,4123651.5261138114,-2.6478504622947425,0.02238969
302615.0777380346,4123651.502413584,-2.647883043636993,0.02147900
302615.0337108815,4123651.4787152763,-2.6479116720194105,0.02057055
302614.98968282016,4123651.455018656,-2.647936829645462,0.01966493
302614.94565396075,4123651.4313235185,-2.647958935306887,0.01876274
302614.90162439994,4123651.4076296845,-2.6479783566492534,0.01786467
302614.8575942234,4123651.3839369942,-2.6479954257912794,0.01697147
302614.81356350525,4123651.360245311,-2.648010420266449,0.01608395
302614.76953231153,4123651.3365545115,-2.648023594306668,0.01520306
302614.72550069995,4123651.312864489,-2.6480351704545066,0.01432982
302614.68146872096,4123651.289175149,-2.6480453388704377,0.01346539
302614.6374364193,4123651.2654864085,-2.6480542710928074,0.01261110
302614.5934038343,4123651.241798195,-2.6480621168299763,0.01176840
302614.5493710003,4123651.2181104445,-2.6480690090816967,0.01093899
302614.5053379478,4123651.1944231,-2.6480750618852777,0.01012475
302614.4613047028,4123651.1707361136,-2.648080374535378,0.00932784
302614.41727128904,4123651.1470494405,-2.6480850417698027,0.00855068
302614.37323772727,4123651.1233630427,-2.648089139546035,0.00779605
302614.3292040354,4123651.099676887,-2.6480927354177,0.00706709
302614.28517022904,4123651.075990944,-2.648095892174619,0.00636737
302614.2411363225,4123651.052305187,-2.6480986652639786,0.00570096
302614.1971023279,4123651.028619594,-2.6481010994417793,0.00507246
302614.15306825587,4123651.004934145,-2.6481032325124385,0.00448712
302614.10903411603,4123650.981248822,-2.648105107040096,0.00395090
302614.0649999167,4123650.9575636094,-2.648106751181363,0.00347057
302614.02096566505,4123650.9338784944,-2.648108193059926,0.00304874
302613.97693136736,4123650.9101934647,-2.648109455592144,0.00267828
302613.9328970294,4123650.88650851,-2.648110561957895,0.00235290
302613.88886265625,4123650.8628236204,-2.6481115360376952,0.00206710
302613.8448282521,4123650.839138789,-2.648112387014238,0.00181606
302613.8007938209,4123650.8154540076,-2.6481131330371284,0.00000000
302613.7567593658,4123650.791769271,-2.6481137865492363,0.00000000
302613.71272489004,4123650.768084572,-2.6481143616179468,0.00000000
302613.66869039595,4123650.7443999075,-2.64811486580022,0.00000000
302613.6246558856,4123650.7207152736,-2.6481153046795813,0.00000000
302613.5806213613,4123650.6970306654,-2.648115689983283,0.00000000
302613.53658682475,4123650.6733460794,-2.648116028627402,0.00000000
302613.49255227746,4123650.649661514,-2.648116322180119,0.00000000
302613.4485177206,4123650.625976966,-2.6481165779989686,0.00000000
302613.40448315546,4123650.602292434,-2.648116801395567,0.00000000
302613.3604485832,4123650.578607915,-2.648116995331158,0.00000000
302613.31641400454,4123650.5549234077,-2.6481171642863544,0.00000000
302613.2723794204,4123650.5312389107,-2.6481173130796765,0.00000000
302613.22834483156,4123650.507554422,-2.6481174428251752,0.00000000
302613.18431023863,4123650.4838699414,-2.648117558085729,0.00000000
302613.14027564216,4123650.4601854677,-2.6481176596133564,0.00000000
302613.0962410424,4123650.4365009996,-2.6481177500429856,0.00000000
302613.05220643984,4123650.4128165366,-2.648117829593675,0.00000000
302613.00817183487,4123650.3891320787,-2.648117897676213,0.00000000
302612.9641372277,4123650.365447624,-2.6481179607544565,0.00000000
302612.9201026185,4123650.3417631737,-2.6481180127455937,0.00000000
302612.87606800755,4123650.3180787265,-2.6481180572414744,0.00000000
302612.83203339507,4123650.294394282,-2.648118096156916,0.00000000
302612.7879987814,4123650.27070984,-2.6481181301115333,0.00000000
302612.7439641666,4123650.2470254,-2.648118161646323,0.00000000
302612.6999295508,4123650.223340962,-2.6481181884656313,0.00000000
302612.6558949342,4123650.199656525,-2.6481182116660267,0.00000000
302612.61186031695,4123650.1759720896,-2.6481182326883155,0.00000000
302612.56782569905,4123650.1522876555,-2.648118248919896,0.00000000
302612.5237910805,4123650.1286032223,-2.648118263002091,0.00000000
302612.4797564614,4123650.1049187905,-2.648118273855616,0.00000000
302612.43572184176,4123650.0812343596,-2.6481182813391935,0.00000000
302612.3916872218,4123650.057549929,-2.6481182897783127,0.00000000
302612.3476526017,4123650.033865499,-2.6481182970538577,0.00000000
302612.3036179815,4123650.010181069,-2.6481183041839116,0.00000000
302612.25958336104,4123649.9864966394,-2.648118311306691,0.00000000
302612.21554874035,4123649.9628122104,-2.648118318254482,0.00000000
302612.17151411955,4123649.9391277814,-2.6481183251935234,0.00000000
302612.12747949857,4123649.915443353,-2.648118330746151,0.00000000
302612.08344487735,4123649.891758925,-2.648118334319609,0.00000000
302612.0394102561,4123649.8680744967,-2.64811833788142,0.00000000
302611.9953756346,4123649.844390069,-2.6481183411807123,0.00000000
302611.95134101296,4123649.820705642,-2.648118341520301,0.00000000
302611.9073063912,4123649.797021215,-2.6481183415372804,0.00000000
302611.86327176937,4123649.7733367877,-2.6481183430114177,0.00000000
302611.8192371477,4123649.7496523606,-2.648118343347062,0.00000000
302611.7752025259,4123649.7259679334,-2.648118343363844,0.00000000
302611.73116790404,4123649.7022835067,-2.648118343277371,0.00000000
302611.6871332823,4123649.6785990796,-2.648118343534984,0.00000000
302611.64309866057,4123649.6549146525,-2.648118344933841,0.00000000
302611.5990640386,4123649.631230226,-2.6481183434431834,0.00000000
302611.55502941675,4123649.6075457986,-2.6481183448419383,0.00000000
302611.51099479495,4123649.5838613715,-2.6481183464724767,0.00000000
302611.46696017316,4123649.560176945,-2.6481183451680277,0.00000000
302611.42292555125,4123649.5364925177,-2.648118348387611,0.00000000
302611.37889092945,4123649.512808091,-2.6481183407566067,0.00000000
302611.33485630766,4123649.489123664,-2.648118349738661,0.00000000
302611.2908216857,4123649.465439237,-2.6481183501877634,0.00000000
302611.2467870637,4123649.4417548105,-2.648118340322741,0.00000000
302611.202752442,4123649.4180703834,-2.648118340322741,0.00000000
