302545.38429780735,4123864.400058717,1.0556474786651018,0.00000000
302545.4089219497,4123864.4435748244,1.0558456442096815,0.00000000
302545.4335460922,4123864.4870909317,1.055855556844184,0.00000000
302545.4581702347,4123864.5306070396,1.0558560481186356,0.00000000
302545.4827943772,4123864.574123147,1.0558560726823583,0.00000000
302545.5074185197,4123864.6176392543,1.0558560739105443,0.00000000
302545.5320426622,4123864.6611553617,1.0558560739719536,0.00000000
302545.5566668047,4123864.704671469,1.055856073975024,0.00000000
302545.5812909472,4123864.7481875764,1.0558560739751777,0.00000000
302545.6059150897,4123864.791703684,1.055856073012656,0.00000000
302545.6305392323,4123864.835219791,1.055856078284333,0.00000000
302545.6551633748,4123864.878735899,1.055856074190643,0.00000000
302545.6797875173,4123864.9222520064,1.0558560739859586,0.00000000
302545.7044116598,4123864.9657681137,1.0558560739757243,0.00000000
302545.7290358023,4123865.009284221,1.0558560739752125,0.00000000
302545.7536599448,4123865.0528003285,1.055856073975187,0.00000000
302545.7782840873,4123865.096316436,1.0558560739751857,0.00000000
302545.8029082298,4123865.139832543,1.0558560739751857,0.00000000
302545.8275323723,4123865.1833486506,1.0558560783324593,0.00000000
302545.8521565148,4123865.2268647584,1.0558560741930494,0.00000000
302545.87678065733,4123865.270380866,1.055856073986079,0.00000000
302545.90140479984,4123865.313896973,1.0558560739757303,0.00000000
302545.92602894234,4123865.3574130805,1.055856073975213,0.00000000
302545.95065308484,4123865.400929188,1.055856073975187,0.00000000
302545.97527722735,4123865.4444452953,1.0558560739751857,0.00000000
302545.99990136985,4123865.4879614026,1.0558560783324593,0.00000000
302546.02452551236,4123865.5314775105,1.0558560732305202,0.00000000
302546.0491496549,4123865.574993618,1.0558560739379523,0.00000000
302546.0737737974,4123865.618509725,1.055856073973324,0.00000000
302546.09839793993,4123865.6620258326,1.0558560739750926,0.00000000
302546.12302208244,4123865.70554194,1.0558560768627678,0.00000000
302546.14764622477,4123865.7490580473,1.055856082326954,0.00000000
302546.17227036704,4123865.792574155,1.055856074392774,0.00000000
302546.19689450954,4123865.8360902625,1.0558560739960652,0.00000000
302546.22151865205,4123865.87960637,1.0558560739762297,0.00000000
302546.24614279455,4123865.9231224773,1.0558560730127087,0.00000000
302546.2707669371,4123865.9666385846,1.0558560739270617,0.00000000
302546.2953910796,4123866.010154692,1.055856078330053,0.00000000
302546.3200152221,4123866.0536708,1.055856074192929,0.00000000
302546.34463936463,4123866.097186907,1.0558560739860727,0.00000000
302546.36926350713,4123866.1407030146,1.0558560739757301,0.00000000
302546.39388764964,4123866.184219122,1.055856073975213,0.00000000
302546.41851179214,4123866.2277352293,1.055856073975187,0.00000000
302546.44313593465,4123866.2712513367,1.0558560739751857,0.00000000
302546.46776007715,4123866.314767444,1.0558560739751857,0.00000000
302546.49238421966,4123866.3582835514,1.0558560773699304,0.00000000
302546.5170083622,4123866.4017996592,1.055856074144923,0.00000000
302546.5416325047,4123866.4453157666,1.0558560739836724,0.00000000
302546.56625664723,4123866.488831874,1.05585607397561,0.00000000
302546.59088078974,4123866.5323479814,1.055856073975207,0.00000000
302546.61550493224,4123866.5758640887,1.0558560739751868,0.00000000
302546.64012907475,4123866.619380196,1.0558560739751857,0.00000000
302546.66475321725,4123866.6628963035,1.055856081220046,0.00000000
302546.6893773596,4123866.7064124113,1.0558560772250156,0.00000000
302546.7140015019,4123866.7499285187,1.0558560741376772,0.00000000
302546.7386256444,4123866.793444626,1.0558560749458392,0.00000000
302546.76324978686,4123866.8369607334,1.0558560740237184,0.00000000
302546.78787392937,4123866.880476841,1.055856078334886,0.00000000
302546.8124980719,4123866.9239929486,1.0558560741931706,0.00000000
302546.8371222144,4123866.967509056,1.055856073986085,0.00000000
302546.8617463569,4123867.0110251633,1.0558560739757306,0.00000000
302546.8863704994,4123867.0545412707,1.0558560730126838,0.00000000
302546.91099464195,4123867.098057378,1.0558560739270606,0.00000001
302546.93561878445,4123867.1415734855,1.0558560739727794,0.00000000
302546.96024292696,4123867.185089593,1.0558560739750653,0.00000000
302546.98486706946,4123867.2286057,1.0558560783324533,0.00000000
302547.00949121197,4123867.272121808,1.055856074193049,0.00000000
302547.0341153545,4123867.3156379154,1.055856073986079,0.00000001
302547.058739497,4123867.3591540228,1.0558560739757303,0.00000001
302547.0833636395,4123867.40267013,1.055856073975213,0.00000000
302547.107987782,4123867.4461862375,1.055856073975187,0.00000000
302547.1326119245,4123867.489702345,1.0558560730126565,0.00000001
302547.15723606705,4123867.5332184522,1.0558560739270593,0.00000000
302547.18186020956,4123867.5767345596,1.055856078330053,0.00000000
302547.20648435206,4123867.6202506674,1.055856074192929,0.00000000
302547.23110849457,4123867.663766775,1.0558560739860727,0.00000000
302547.2557326371,4123867.707282882,1.0558560739757301,0.00000000
302547.2803567796,4123867.7507989896,1.055856073975213,0.00000000
302547.3049809221,4123867.794315097,1.0558560768627738,0.00000000
302547.3296050644,4123867.8378312043,1.0558560813644253,0.00000000
302547.35422920674,4123867.881347312,1.0558560743446477,0.00000001
302547.37885334925,4123867.9248634195,1.0558560739936587,0.00000001
302547.40347749175,4123867.968379527,1.0558560739761094,0.00000000
302547.42810163426,4123868.0118956342,1.0558560739752318,0.00000000
302547.45272577676,4123868.0554117416,1.0558560739751879,0.00000000
302547.47734991927,4123868.098927849,1.0558560783324595,0.00000000
302547.5019740618,4123868.142443957,1.0558560741930494,0.00000000
302547.5265982043,4123868.185960064,1.055856073986079,0.00000000
302547.5512223468,4123868.2294761715,1.0558560739757303,0.00000000
302547.5758464893,4123868.272992279,1.0558560730126838,0.00000000
302547.60047063185,4123868.3165083863,1.0558560739270606,0.00000000
302547.62509477435,4123868.3600244937,1.0558560739727794,0.00000000
302547.64971891686,4123868.403540601,1.0558560749375943,0.00000000
302547.6743430593,4123868.4470567084,1.0558560783805797,0.00000000
302547.6989672018,4123868.490572816,1.0558560741954555,0.00000000
302547.7235913443,4123868.5340889236,1.055856073986199,0.00000000
302547.7482154868,4123868.577605031,1.0558560739757363,0.00000000
302547.7728396293,4123868.6211211383,1.055856073012684,0.00000000
302547.7974637719,4123868.6646372457,1.0558560739270606,0.00000000
302547.8220879144,4123868.708153353,1.0558560739727794,0.00000000
302547.8467120569,4123868.7516694604,1.0558560739750653,0.00000000
302547.8713361994,4123868.795185568,1.0558560783324533,0.00000000
302547.8959603419,4123868.8387016756,1.055856074193049,0.00000000
302547.9205844844,4123868.882217783,1.0558560768736656,0.00000000
302547.94520862674,4123868.9257338904,1.0558560770076966,0.00000001
302547.9698327691,4123868.9692499978,1.055856078484085,0.00000000
302547.9944569116,4123869.0127661056,1.0558560742006307,0.00000000
302548.0190810541,4123869.056282213,1.055856073986458,0.00000000
302548.0437051966,4123869.0997983203,1.0558560739757492,0.00000000
302548.0683293391,4123869.1433144277,1.0558560739752139,0.00000000
302548.0929534816,4123869.186830535,1.055856073975187,0.00000000
302548.1175776241,4123869.2303466424,1.0558560739751857,0.00000000
302548.1422017666,4123869.27386275,1.0558560739751857,0.00000000
302548.1668259091,4123869.317378857,1.0558560783324593,0.00000001
302548.1914500516,4123869.360894965,1.0558560741930494,0.00000000
302548.2160741941,4123869.4044110724,1.0558560730235498,0.00000000
302548.2406983367,4123869.4479271797,1.055856073927604,0.00000000
302548.2653224792,4123869.491443287,1.0558560739728067,0.00000000
302548.2899466217,4123869.5349593945,1.0558560739750666,0.00000000
302548.3145707642,4123869.578475502,1.0558560739751797,0.00000000
302548.3391949067,4123869.621991609,1.0558560739751854,0.00000000
302548.3638190492,4123869.6655077166,1.0558560783324593,0.00000000
302548.3884431917,4123869.7090238244,1.0558560741930494,0.00000000
302548.4130673342,4123869.752539932,1.055856073986079,0.00000000
302548.4376914767,4123869.796056039,1.0558560739757303,0.00000000
302548.4623156192,4123869.8395721465,1.0558560730126838,0.00000000
302548.4869397618,4123869.883088254,1.0558560768146474,0.00000000
302548.5115639041,4123869.9266043613,1.055856081362019,0.00000000
302548.53618804645,4123869.970120469,1.0558560753070563,0.00000001
302548.5608121889,4123870.0136365765,1.0558560740417793,0.00000000
302548.5854363314,4123870.057152684,1.0558560739785154,0.00000000
302548.6100604739,4123870.100668791,1.0558560739753522,0.00000000
302548.6346846164,4123870.1441848986,1.055856073975194,0.00000000
302548.6593087589,4123870.187701006,1.0558560783324598,0.00000000
302548.6839329014,4123870.231217114,1.0558560741930494,0.00000000
302548.7085570439,4123870.274733221,1.055856073986079,0.00000000
302548.7331811864,4123870.3182493285,1.0558560739757303,0.00000000
302548.75780532893,4123870.361765436,1.055856073975213,0.00000000
302548.78242947144,4123870.4052815433,1.055856073975187,0.00000000
302548.80705361394,4123870.4487976506,1.0558560739751857,0.00000000
302548.83167775645,4123870.492313758,1.0558560739751857,0.00000001
302548.85630189895,4123870.5358298654,1.0558560773699304,0.00000000
302548.8809260415,4123870.579345973,1.055856074144923,0.00000000
302548.905550184,4123870.6228620806,1.0558560739836724,0.00000000
302548.9301743265,4123870.666378188,1.05585607397561,0.00000000
302548.954798469,4123870.7098942953,1.055856073975207,0.00000000
302548.97942261153,4123870.7534104027,1.0558560739751868,0.00000000
302549.00404675404,4123870.79692651,1.0558560739751857,0.00000000
302549.02867089654,4123870.8404426174,1.0558560739751857,0.00000000
302549.05329503905,4123870.883958725,1.0558560783324593,0.00000000
302549.07791918155,4123870.9274748326,1.0558560741930494,0.00000000
302549.10254332406,4123870.97099094,1.0558560759111366,0.00000000
302549.12716746645,4123871.0145070474,1.05585607695957,0.00000000
302549.1517916088,4123871.0580231547,1.0558560794442076,0.00000000
302549.1764157512,4123871.1015392626,1.0558560742486367,0.00000000
302549.2010398937,4123871.14505537,1.0558560739888583,0.00000000
302549.22566403623,4123871.1885714773,1.0558560739758693,0.00000000
302549.25028817874,4123871.2320875847,1.0558560739752199,0.00000000
302549.27491232124,4123871.275603692,1.0558560739751874,0.00000000
302549.29953646375,4123871.3191197994,1.0558560739751857,0.00000000
302549.32416060625,4123871.362635907,1.0558560730126565,0.00000000
302549.3487847488,4123871.406152014,1.055856078284333,0.00000000
302549.3734088913,4123871.449668122,1.055856074190643,0.00000000
302549.3980330338,4123871.4931842294,1.0558560739859586,0.00000000
302549.4226571763,4123871.5367003367,1.0558560739757243,0.00000000
302549.44728131883,4123871.580216444,1.0558560739752125,0.00000000
302549.47190546134,4123871.6237325515,1.055856073975187,0.00000000
302549.49652960384,4123871.667248659,1.0558560739751857,0.00000000
302549.52115374635,4123871.710764766,1.0558560739751857,0.00000000
302549.54577788885,4123871.7542808736,1.0558560783324593,0.00000000
302549.57040203136,4123871.7977969814,1.0558560741930494,0.00000000
302549.59502617386,4123871.841313089,1.055856073986079,0.00000000
302549.61965031637,4123871.884829196,1.0558560739757303,0.00000000
302549.6442744589,4123871.9283453035,1.055856073975213,0.00000000
302549.6688986014,4123871.971861411,1.055856073975187,0.00000000
302549.6935227439,4123872.0153775183,1.0558560739751857,0.00000000
302549.7181468864,4123872.0588936256,1.0558560802575172,0.00000001
302549.7427710288,4123872.1024097335,1.055856077176889,0.00000001
302549.7673951711,4123872.145925841,1.0558560750977999,0.00000000
302549.79201931355,4123872.189441948,1.0558560740313163,0.00000000
302549.81664345606,4123872.2329580556,1.0558560739779923,0.00000000
302549.84126759856,4123872.276474163,1.0558560783325996,0.00000000
302549.86589174106,4123872.319990271,1.0558560741930563,0.00000000
302549.89051588357,4123872.363506378,1.0558560739860792,0.00000000
302549.9151400261,4123872.4070224855,1.0558560739757303,0.00000000
302549.9397641686,4123872.450538593,1.055856073975213,0.00000000
302549.9643883111,4123872.4940547002,1.0558560730126578,0.00000000
302549.98901245365,4123872.5375708076,1.0558560739270593,0.00000000
302550.01363659615,4123872.581086915,1.0558560739727794,0.00000001
302550.03826073866,4123872.6246030224,1.055856078332339,0.00000000
302550.06288488116,4123872.66811913,1.0558560741930434,0.00000000
302550.08750902367,4123872.7116352376,1.0558560739860785,0.00000001
302550.11213316617,4123872.755151345,1.0558560739757303,0.00000001
302550.1367573087,4123872.7986674523,1.055856073975213,0.00000000
302550.1613814512,4123872.8421835597,1.055856073975187,0.00000000
302550.1860055937,4123872.885699667,1.0558560730126565,0.00000000
302550.21062973625,4123872.9292157744,1.0558560739270593,0.00000000
302550.23525387875,4123872.972731882,1.055856078330053,0.00000000
302550.25987802126,4123873.0162479896,1.055856074192929,0.00000000
302550.28450216376,4123873.059764097,1.0558560759111306,0.00000000
302550.30912630615,4123873.1032802043,1.0558560769595697,0.00000000
302550.3337504485,4123873.1467963117,1.0558560804067365,0.00000000
302550.35837459087,4123873.1903124196,1.0558560742967633,0.00000000
302550.3829987334,4123873.233828527,1.0558560739912646,0.00000000
302550.4076228759,4123873.2773446343,1.0558560730134605,0.00000000
302550.43224701844,4123873.3208607417,1.0558560748896284,0.00000001
302550.4568711609,4123873.364376849,1.0558560740209078,0.00000000
302550.4814953034,4123873.4078929564,1.0558560739774718,0.00000000
302550.5061194459,4123873.451409064,1.0558560739753,0.00000000
302550.5307435884,4123873.494925171,1.055856078332465,0.00000000
302550.5553677309,4123873.538441279,1.0558560741930496,0.00000000
302550.5799918734,4123873.5819573863,1.055856073986079,0.00000000
302550.6046160159,4123873.6254734937,1.0558560730132012,0.00000000
302550.6292401585,4123873.668989601,1.0558560739270864,0.00000000
302550.653864301,4123873.7125057084,1.0558560739727807,0.00000000
302550.6784884435,4123873.756021816,1.0558560739750655,0.00000000
302550.703112586,4123873.799537923,1.0558560739751797,0.00000000
302550.7277367285,4123873.8430540306,1.055856078332459,0.00000000
302550.752360871,4123873.8865701384,1.0558560741930494,0.00000000
302550.7769850135,4123873.9300862458,1.055856073986079,0.00000000
302550.801609156,4123873.973602353,1.0558560739757303,0.00000000
302550.8262332985,4123874.0171184605,1.0558560730126838,0.00000000
302550.8508574411,4123874.060634568,1.0558560739270606,0.00000000
302550.8754815836,4123874.1041506752,1.0558560739727794,0.00000000
302550.9001057261,4123874.1476667826,1.0558560802573969,0.00000000
302550.9247298685,4123874.1911828904,1.055856077176883,0.00000000
302550.9493540108,4123874.234698998,1.0558560760603282,0.00000000
302550.9739781532,4123874.278215105,1.0558560740794427,0.00000000
302550.9986022957,4123874.3217312125,1.0558560739803986,0.00000000
302551.0232264382,4123874.36524732,1.05585607833272,0.00000000
302551.0478505807,4123874.4087634278,1.0558560732305333,0.00000000
302551.0724747233,4123874.452279535,1.055856073937953,0.00000001
302551.0970988658,4123874.4957956425,1.055856073973324,0.00000001
302551.1217230083,4123874.53931175,1.0558560739750926,0.00000000
302551.1463471508,4123874.582827857,1.055856073975181,0.00000000
302551.1709712933,4123874.6263439646,1.0558560739751854,0.00000000
302551.1955954358,4123874.669860072,1.0558560739751857,0.00000000
302551.2202195783,4123874.7133761793,1.0558560783324593,0.00000001
302551.2448437208,4123874.756892287,1.0558560741930494,0.00000000
302551.2694678633,4123874.8004083945,1.055856073986079,0.00000001
302551.2940920058,4123874.843924502,1.0558560730132012,0.00000001
302551.3187161484,4123874.8874406093,1.0558560739270864,0.00000000
302551.3433402909,4123874.9309567166,1.0558560749353096,0.00000000
302551.36796443333,4123874.974472824,1.055856074023192,0.00000000
302551.39258857584,4123875.0179889314,1.055856073977586,0.00000000
302551.41721271834,4123875.0615050388,1.0558560783325794,0.00000000
302551.44183686085,4123875.1050211466,1.0558560741930554,0.00000000
302551.46646100335,4123875.148537254,1.05585607302355,0.00000000
302551.4910851459,4123875.1920533613,1.055856073927604,0.00000000
302551.5157092884,4123875.2355694687,1.0558560739728067,0.00000000
302551.5403334309,4123875.279085576,1.0558560759001243,0.00000000
302551.5649575733,4123875.3226016834,1.055856081316293,0.00000000
302551.58958171564,4123875.3661177913,1.0558560762672986,0.00000001
302551.61420585803,4123875.4096338986,1.0558560740897913,0.00000000
302551.63883000053,4123875.453150006,1.055856073980916,0.00000000
302551.66345414304,4123875.4966661134,1.055856073975472,0.00000000
302551.68807828554,4123875.5401822207,1.055856073012671,0.00000000
302551.7127024281,4123875.583698328,1.0558560782843336,0.00000000
302551.7373265706,4123875.627214436,1.055856074190643,0.00000000
302551.7619507131,4123875.6707305433,1.0558560739859586,0.00000000
302551.7865748556,4123875.7142466507,1.0558560739757243,0.00000000
302551.8111989981,4123875.757762758,1.0558560739752125,0.00000000
302551.83582314063,4123875.8012788654,1.055856073975187,0.00000000
302551.86044728314,4123875.844794973,1.0558560739751857,0.00000000
302551.88507142564,4123875.88831108,1.0558560739751857,0.00000000
302551.90969556815,4123875.9318271875,1.0558560783324593,0.00000000
302551.93431971065,4123875.9753432954,1.0558560732305202,0.00000000
302551.9589438532,4123876.0188594027,1.0558560739379523,0.00000000
302551.9835679957,4123876.06237551,1.055856073973324,0.00000000
302552.0081921382,4123876.1058916175,1.0558560739750926,0.00000000
302552.0328162807,4123876.149407725,1.055856073975181,0.00000000
302552.05744042323,4123876.192923832,1.0558560739751854,0.00000000
302552.08206456574,4123876.2364399396,1.0558560739751857,0.00000000
302552.10668870824,4123876.279956047,1.0558560792949883,0.00000000
302552.1313128507,4123876.323472155,1.0558560780912913,0.00000000
302552.15593699296,4123876.366988262,1.05585607514352,0.00000000
302552.1805611354,4123876.4105043695,1.0558560740336025,0.00000000
302552.2051852779,4123876.454020477,1.05585607833538,0.00000000
302552.2298094204,4123876.4975365847,1.0558560741931955,0.00000000
302552.2544335629,4123876.541052692,1.055856073986086,0.00000000
302552.2790577054,4123876.5845687995,1.0558560739757308,0.00000000
302552.30368184793,4123876.628084907,1.055856073975213,0.00000000
302552.32830599044,4123876.671601014,1.055856073975187,0.00000000
302552.35293013294,4123876.7151171216,1.0558560739751857,0.00000000
302552.37755427544,4123876.758633229,1.0558560783324593,0.00000000
302552.40217841795,4123876.802149337,1.0558560741930494,0.00000000
302552.42680256045,4123876.845665444,1.055856073986079,0.00000000
302552.45142670296,4123876.8891815515,1.0558560739757303,0.00000001
302552.47605084546,4123876.932697659,1.055856073975213,0.00000000
302552.50067498797,4123876.9762137663,1.055856073975187,0.00000000
302552.5252991305,4123877.0197298736,1.0558560739751857,0.00000000
302552.549923273,4123877.063245981,1.0558560739751857,0.00000001
302552.5745474155,4123877.1067620884,1.0558560730126565,0.00000001
302552.59917155805,4123877.1502781957,1.055856078284333,0.00000000
302552.62379570055,4123877.1937943036,1.055856074190643,0.00000000
302552.64841984306,4123877.237310411,1.0558560739859586,0.00000000
302552.67304398556,4123877.2808265183,1.0558560739757243,0.00000000
302552.69766812806,4123877.3243426257,1.0558560739752125,0.00000000
302552.72229227057,4123877.367858733,1.055856074937716,0.00000000
302552.746916413,4123877.4113748404,1.0558560822307015,0.00000001
302552.7715405553,4123877.4548909483,1.0558560753504904,0.00000001
302552.79616469773,4123877.4984070556,1.0558560740439509,0.00000000
302552.82078884024,4123877.541923163,1.055856073978624,0.00000000
302552.84541298274,4123877.5854392704,1.0558560739753575,0.00000000
302552.87003712525,4123877.6289553777,1.0558560739751943,0.00000000
302552.89466126775,4123877.672471485,1.0558560783324598,0.00000000
302552.91928541026,4123877.715987593,1.0558560741930494,0.00000000
302552.94390955276,4123877.7595037003,1.055856073986079,0.00000000
302552.96853369527,4123877.8030198077,1.0558560739757303,0.00000000
302552.9931578378,4123877.846535915,1.055856073975213,0.00000000
302553.0177819803,4123877.8900520224,1.0558560730126578,0.00000000
302553.04240612284,4123877.93356813,1.0558560739270593,0.00000000
302553.06703026535,4123877.977084237,1.0558560739727794,0.00000001
302553.09165440785,4123878.0206003445,1.055856078332339,0.00000000
302553.11627855035,4123878.0641164524,1.0558560741930434,0.00000000
302553.14090269286,4123878.1076325597,1.0558560739860785,0.00000000
302553.16552683536,4123878.151148667,1.0558560739757303,0.00000000
302553.19015097787,4123878.1946647745,1.055856073975213,0.00000000
302553.2147751204,4123878.238180882,1.055856073975187,0.00000000
302553.2393992629,4123878.281696989,1.0558560739751857,0.00000000
302553.2640234054,4123878.3252130966,1.0558560783324593,0.00000000
302553.2886475479,4123878.3687292044,1.0558560741930494,0.00000000
302553.3132716904,4123878.412245312,1.055856073986079,0.00000000
302553.3378958329,4123878.455761419,1.0558560749382593,0.00000000
302553.36251997534,4123878.4992775265,1.0558560769109262,0.00000000
302553.3871441177,4123878.542793634,1.055856081366833,0.00000000
302553.41176826,4123878.5863097417,1.0558560733822389,0.00000000
302553.43639240257,4123878.629825849,1.0558560739455383,0.00000000
302553.4610165451,4123878.6733419565,1.0558560739737033,0.00000000
302553.4856406876,4123878.716858064,1.0558560739751115,0.00000000
302553.5102648301,4123878.760374171,1.0558560739751819,0.00000000
302553.5348889726,4123878.8038902786,1.0558560739751854,0.00000000
302553.5595131151,4123878.847406386,1.0558560783324593,0.00000000
302553.5841372576,4123878.8909224938,1.0558560741930494,0.00000001
302553.6087614001,4123878.934438601,1.055856073986079,0.00000000
302553.6333855426,4123878.9779547085,1.0558560739757303,0.00000000
302553.6580096851,4123879.021470816,1.0558560730126838,0.00000000
302553.6826338277,4123879.0649869232,1.0558560739270606,0.00000000
302553.7072579702,4123879.1085030306,1.0558560739727794,0.00000000
302553.7318821127,4123879.152019138,1.0558560739750653,0.00000000
302553.7565062552,4123879.1955352454,1.0558560783324533,0.00000000
302553.7811303977,4123879.239051353,1.055856074193049,0.00000000
302553.8057545402,4123879.2825674606,1.055856073986079,0.00000000
302553.8303786827,4123879.326083568,1.0558560739757303,0.00000000
302553.8550028252,4123879.3695996753,1.055856073975213,0.00000000
302553.8796269677,4123879.4131157827,1.055856073975187,0.00000000
302553.9042511102,4123879.45663189,1.0558560749377146,0.00000000
302553.92887525266,4123879.5001479974,1.0558560812681723,0.00000001
302553.953499395,4123879.5436641052,1.0558560762648928,0.00000000
302553.9781235374,4123879.5871802126,1.055856074089671,0.00000000
302554.0027476799,4123879.63069632,1.05585607398091,0.00000000
302554.0273718224,4123879.6742124273,1.0558560739754719,0.00000000
302554.0519959649,4123879.7177285347,1.0558560739752,0.00000000
302554.0766201074,4123879.761244642,1.05585607833246,0.00000000
302554.1012442499,4123879.80476075,1.0558560741930494,0.00000000
302554.1258683924,4123879.8482768573,1.055856073986079,0.00000000
302554.1504925349,4123879.8917929647,1.0558560739757303,0.00000000
302554.1751166774,4123879.935309072,1.055856073975213,0.00000000
302554.1997408199,4123879.9788251794,1.055856073975187,0.00000000
302554.2243649624,4123880.0223412868,1.0558560739751857,0.00000000
302554.24898910493,4123880.065857394,1.0558560783324593,0.00000001
302554.27361324744,4123880.109373502,1.0558560741930494,0.00000000
302554.29823738994,4123880.1528896093,1.0558560730235498,0.00000000
302554.3228615325,4123880.1964057167,1.055856073927604,0.00000000
302554.347485675,4123880.239921824,1.0558560739728067,0.00000000
302554.3721098175,4123880.2834379314,1.0558560739750666,0.00000000
302554.39673396,4123880.326954039,1.0558560739751797,0.00000000
302554.4213581025,4123880.370470146,1.0558560739751854,0.00000000
302554.44598224503,4123880.4139862536,1.0558560783324593,0.00000000
302554.47060638753,4123880.4575023614,1.0558560741930494,0.00000000
302554.49523053004,4123880.5010184688,1.055856073986079,0.00000000
302554.51985467254,4123880.544534576,1.0558560739757303,0.00000000
302554.54447881505,4123880.5880506835,1.0558560778253285,0.00000000
302554.5691029573,4123880.631566791,1.0558560804500243,0.00000000
302554.5937270997,4123880.6750828987,1.0558560742989276,0.00000000
302554.6183512422,4123880.718599006,1.0558560739913727,0.00000000
302554.6429753847,4123880.7621151134,1.055856073975995,0.00000000
302554.6675995272,4123880.805631221,1.055856073975226,0.00000000
302554.6922236697,4123880.849147328,1.0558560739751877,0.00000000
302554.71684781223,4123880.8926634355,1.0558560739751859,0.00000000
302554.74147195474,4123880.936179543,1.0558560783324593,0.00000000
302554.76609609724,4123880.9796956507,1.0558560732305202,0.00000000
302554.7907202398,4123881.023211758,1.0558560739379523,0.00000001
302554.8153443823,4123881.0667278655,1.055856073973324,0.00000001
302554.8399685248,4123881.110243973,1.0558560739750926,0.00000000
302554.8645926673,4123881.15376008,1.055856073975181,0.00000000
302554.8892168098,4123881.1972761876,1.0558560739751854,0.00000000
302554.91384095233,4123881.240792295,1.0558560739751857,0.00000000
302554.93846509483,4123881.2843084023,1.0558560783324593,0.00000000
302554.96308923734,4123881.32782451,1.0558560741930494,0.00000000
302554.98771337984,4123881.3713406175,1.055856073986079,0.00000000
302555.01233752235,4123881.414856725,1.0558560730132012,0.00000000
302555.0369616649,4123881.4583728323,1.0558560739270864,0.00000000
302555.0615858074,4123881.5018889396,1.0558560749353096,0.00000000
302555.08620994986,4123881.545405047,1.055856074023192,0.00000000
302555.11083409237,4123881.5889211544,1.055856073977586,0.00000000
302555.1354582349,4123881.6324372618,1.0558560783325794,0.00000000
302555.1600823774,4123881.6759533696,1.0558560741930554,0.00000000
302555.1847065199,4123881.719469477,1.0558560778361947,0.00000000
302555.20933066215,4123881.7629855843,1.0558560760932938,0.00000000
302555.23395480454,4123881.8065016917,1.0558560784383648,0.00000000
302555.25857894705,4123881.8500177995,1.0558560741983447,0.00000000
302555.28320308955,4123881.893533907,1.0558560739863436,0.00000000
302555.30782723206,4123881.9370500143,1.0558560739757437,0.00000000
302555.33245137456,4123881.9805661216,1.0558560739752136,0.00000000
302555.35707551707,4123882.024082229,1.055856073975187,0.00000000
302555.38169965957,4123882.0675983364,1.0558560739751857,0.00000000
302555.4063238021,4123882.1111144437,1.0558560730126565,0.00000000
302555.43094794464,4123882.154630551,1.055856078284333,0.00000001
302555.45557208714,4123882.198146659,1.055856074190643,0.00000000
302555.48019622965,4123882.2416627663,1.0558560739859586,0.00000000
302555.50482037215,4123882.2851788737,1.0558560739757243,0.00000000
302555.52944451466,4123882.328694981,1.0558560739752125,0.00000000
302555.55406865716,4123882.3722110884,1.055856073975187,0.00000000
302555.57869279967,4123882.415727196,1.0558560739751857,0.00000000
302555.6033169422,4123882.459243303,1.0558560739751857,0.00000000
302555.6279410847,4123882.5027594105,1.0558560783324593,0.00000000
302555.6525652272,4123882.5462755184,1.0558560732305202,0.00000000
302555.67718936974,4123882.5897916257,1.0558560739379523,0.00000001
302555.70181351225,4123882.633307733,1.055856074935853,0.00000000
302555.7264376547,4123882.6768238405,1.0558560769108059,0.00000000
302555.751061797,4123882.720339948,1.055856081366827,0.00000000
302555.77568593936,4123882.7638560557,1.0558560743447678,0.00000000
302555.80031008186,4123882.807372163,1.0558560739936649,0.00000000
302555.82493422437,4123882.8508882704,1.0558560739761096,0.00000000
302555.84955836687,4123882.894404378,1.0558560730127027,0.00000000
302555.87418250943,4123882.937920485,1.0558560739270615,0.00000001
302555.89880665194,4123882.9814365925,1.0558560739727794,0.00000000
302555.92343079444,4123883.0249527,1.055856078332339,0.00000000
302555.94805493695,4123883.0684688077,1.0558560741930434,0.00000000
302555.97267907945,4123883.111984915,1.0558560749486074,0.00000000
302555.9973032219,4123883.1555010225,1.0558560740238567,0.00000000
302556.0219273644,4123883.19901713,1.0558560739776193,0.00000001
302556.0465515069,4123883.242533237,1.0558560730127782,0.00000002
302556.0711756495,4123883.2860493446,1.0558560739270653,0.00000000
302556.095799792,4123883.329565452,1.0558560739727796,0.00000001
302556.1204239345,4123883.3730815593,1.055856078332339,0.00000002
302556.145048077,4123883.416597667,1.0558560741930434,0.00000003
302556.1696722195,4123883.4601137745,1.0558560739860785,0.00000003
302556.194296362,4123883.503629882,1.0558560739757303,0.00000004
302556.2189205045,4123883.5471459893,1.055856073975213,0.00000005
302556.243544647,4123883.5906620966,1.055856073975187,0.00000006
302556.2681687895,4123883.634178204,1.0558560739751857,0.00000007
302556.292792932,4123883.6776943114,1.0558560730126565,0.00000008
302556.3174170746,4123883.7212104187,1.055856078284333,0.00000010
302556.3420412171,4123883.7647265266,1.055856075153172,0.00000012
302556.3666653595,4123883.808242634,1.0558560769216718,0.00000014
302556.39128950186,4123883.8517587413,1.0558560770100969,0.00000016
302556.4159136442,4123883.8952748487,1.0558560784842048,0.00000019
302556.4405377867,4123883.9387909565,1.0558560742006367,0.00000023
302556.4651619292,4123883.982307064,1.0558560739864582,0.00000027
302556.4897860717,4123884.0258231713,1.05585607301322,0.00000031
302556.51441021427,4123884.0693392786,1.0558560739270875,0.00000037
302556.53903435677,4123884.112855386,1.0558560739727807,0.00000043
302556.5636584993,4123884.1563714934,1.0558560739750655,0.00000050
302556.5882826418,4123884.1998876007,1.0558560739751797,0.00000059
302556.6129067843,4123884.243403708,1.055856078332459,0.00000069
302556.6375309268,4123884.286919816,1.0558560741930494,0.00000080
302556.6621550693,4123884.3304359233,1.055856073986079,0.00000093
302556.6867792118,4123884.3739520307,1.0558560739757303,0.00000109
302556.7114033543,4123884.417468138,1.055856073975213,0.00000126
302556.7360274968,4123884.4609842454,1.0558560730126578,0.00000146
302556.7606516394,4123884.504500353,1.0558560739270593,0.00000170
302556.7852757819,4123884.54801646,1.0558560739727794,0.00000196
302556.8098999244,4123884.5915325675,1.055856078332339,0.00000227
302556.8345240669,4123884.6350486754,1.0558560741930434,0.00000263
302556.8591482094,4123884.6785647827,1.0558560739860785,0.00000303
302556.8837723519,4123884.72208089,1.0558560739757303,0.00000350
302556.9083964944,4123884.7655969975,1.055856073975213,0.00000404
302556.9330206369,4123884.809113105,1.055856073975187,0.00000465
302556.9576447794,4123884.852629212,1.0558560739751857,0.00000536
302556.9822689219,4123884.8961453196,1.0558560821825749,0.00000616
302557.0068930642,4123884.9396614274,1.0558560782356707,0.00000709
302557.03151720646,4123884.983177535,1.05585607418821,0.00000814
302557.05614134896,4123885.026693642,1.0558560749483659,0.00000935
302557.0807654914,4123885.0702097495,1.0558560803061763,0.00001073
302557.1053896338,4123885.1137258573,1.0558560791043796,0.00001231
302557.130013776,4123885.1572419647,1.0558560834015638,0.00001411
302557.1546379182,4123885.2007580725,1.0558560884290675,0.00001617
302557.17926206015,4123885.2442741804,1.0558560915680295,0.00001852
302557.2038862019,4123885.287790288,1.0558560926875062,0.00002120
302557.2285103436,4123885.331306396,1.0558560975561246,0.00002425
302557.253134485,4123885.374822504,1.055856105044416,0.00002774
302557.2777586262,4123885.418338612,1.0558561063813596,0.00003171
302557.3023827674,4123885.4618547205,1.0558561141484382,0.00003623
302557.3270069081,4123885.505370829,1.0558561237067101,0.00004137
302557.3516310485,4123885.5488869376,1.0558561289972688,0.00004723
302557.3762551886,4123885.5924030463,1.0558561461319462,0.00005389
302557.40087932796,4123885.6359191556,1.0558561686714742,0.00006146
302557.4255034663,4123885.6794352653,1.055856197763576,0.00007006
302557.4501276034,4123885.722951376,1.0558562155811737,0.00007982
302557.4747517396,4123885.7664674865,1.0558562555321547,0.00009090
302557.4993758742,4123885.8099835985,1.0558562893449446,0.00010345
302557.52400000737,4123885.8534997115,1.055856319456082,0.00011766
302557.5486241391,4123885.897015825,1.0558563604771123,0.00013373
302557.573248269,4123885.9405319393,1.05585643725362,0.00015188
302557.59787239565,4123885.984048056,1.0558565090284178,0.00017234
302557.622496519,4123886.027564174,1.055856594080317,0.00019537
302557.64712063875,4123886.0710802944,1.0558566802514475,0.00022124
302557.6717447546,4123886.1145964167,1.0558568118209635,0.00025021
302557.69636886485,4123886.1581125427,1.0558569398334505,0.00028256
302557.72099296935,4123886.2016286715,1.0558570821577966,0.00031856
302557.74561706773,4123886.245144804,1.0558572584308858,0.00035842
302557.77024115826,4123886.2886609407,1.0558574614789442,0.00040234
302557.79486523994,4123886.3321770825,1.0558577044186968,0.00045038
302557.81948931096,4123886.3756932304,1.0558579869434501,0.00050250
302557.8441133696,4123886.4192093853,1.0558583259080196,0.00055854
302557.8687374133,4123886.4627255485,1.0558587192675548,0.00061828
302557.8933614398,4123886.5062417216,1.055859161144628,0.00068145
302557.9179854471,4123886.549757906,1.055859660363547,0.00074778
302557.9426094324,4123886.593274102,1.0558602511575415,0.00081699
302557.9672333919,4123886.6367903133,1.0558609279417328,0.00088881
302557.99185732147,4123886.680306541,1.055861729093209,0.00096299
302558.01648121624,4123886.723822789,1.0558626284623611,0.00103928
302558.04110507143,4123886.7673390587,1.0558636667410397,0.00111746
302558.06572888105,4123886.810855354,1.0558648830987818,0.00119731
302558.09035263764,4123886.8543716804,1.055866250007753,0.00127865
302558.1149763342,4123886.89788804,1.055867828811085,0.00136130
302558.1395999616,4123886.941404439,1.0558696596593096,0.00144512
302558.16422350856,4123886.984920883,1.0558717523117487,0.00152996
302558.18884696404,4123887.0284373793,1.05587415589021,0.00161568
302558.2134703142,4123887.071953935,1.0558768892653734,0.00170218
302558.23809354485,4123887.115470559,1.0558800188848807,0.00178935
302558.2627166382,4123887.15898726,1.0558836131710132,0.00187709
302558.287339574,4123887.20250405,1.0558877362875596,0.00196533
302558.3119623293,4123887.2460209425,1.0558924550218598,0.00205397
302558.33658487786,4123887.289537952,1.055897843588275,0.00214295
302558.36120719044,4123887.333055095,1.0559040001294806,0.00223220
302558.38582923316,4123887.37657239,1.0559110206919478,0.00232166
302558.4104509685,4123887.4200898595,1.0559190382501997,0.00241126
302558.4350723527,4123887.463607528,1.055928183775244,0.00250095
302558.45969333616,4123887.5071254224,1.0559386287167223,0.00259066
302558.4843138624,4123887.5506435763,1.0559505381904863,0.00268035
302558.5089338668,4123887.594162025,1.0559641089613037,0.00276995
302558.5335532768,4123887.63768081,1.0559795754477466,0.00285940
302558.55817200936,4123887.681199978,1.0559972091598422,0.00294865
302558.58278996975,4123887.7247195835,1.056017261224536,0.00303763
302558.6074070517,4123887.7682396853,1.0560401139200095,0.00312626
302558.63202313276,4123887.8117603534,1.0560661217870946,0.00321448
302558.6566380748,4123887.855281666,1.0560956900109002,0.00330220
302558.6812517216,4123887.8988037105,1.056129343530379,0.00338933
302558.70586389455,4123887.942326589,1.0561675793917429,0.00347577
302558.7304743927,4123887.9858504143,1.0562110249528973,0.00356141
302558.7550829881,4123888.0293753156,1.0562603592884996,0.00364613
302558.77968942263,4123888.0729014385,1.056316361976179,0.00372979
302558.80429340433,4123888.116428948,1.0563798628673366,0.00381223
302558.8288946048,4123888.1599580296,1.0564518162692365,0.00389329
302558.85349265364,4123888.203488892,1.0565332892854558,0.00397277
302558.8780871343,4123888.247021771,1.056625425373443,0.00405045
302558.902677579,4123888.290556929,1.0567295083801094,0.00412609
302558.92726346524,4123888.334094662,1.0568469090217572,0.00419942
302558.95184420946,4123888.3776352988,1.0569790910988566,0.00427015
302558.9764191641,4123888.421179203,1.0571276291261995,0.00433793
302559.0009876132,4123888.464726778,1.0572941392325412,0.00440242
302559.0255487695,4123888.5082784668,1.0574802946373032,0.00446319
302559.05010177306,4123888.5518347523,1.0576876494322325,0.00451981
302559.07464569586,4123888.5953961555,1.0579176891220943,0.00457180
302559.09917954507,4123888.6389632327,1.0581716215527783,0.00461867
302559.1237022756,4123888.6825365694,1.0584501625860412,0.00465988
302559.1482128118,4123888.7261167667,1.0587533302041967,0.00469487
302559.1727100781,4123888.7697044243,1.0590800621356855,0.00472310
302559.1971930477,4123888.813300114,1.05942773985408,0.00474405
302559.2216608104,4123888.8569043404,1.0597915078573585,0.00475726
302559.2461126727,4123888.900517485,1.060163364869741,0.00476236
302559.2705482969,4123888.9441397297,1.0605309925393847,0.00475920
302559.29496789235,4123888.987770949,1.0608848842652694,0.00474788
302559.3193720772,4123889.03141079,1.0612190766986718,0.00472872
302559.3437617216,4123889.0750587587,1.0615302439010534,0.00470216
302559.3681378363,4123889.1187142855,1.061816848470776,0.00466872
302559.3925014944,4123889.162376765,1.0620786481161912,0.00462895
302559.41685377783,4123889.20604559,1.0623162138397864,0.00458339
302559.4411957422,4123889.249720168,1.0625306326030095,0.00453259
302559.46552839444,4123889.293399934,1.062723340866866,0.00447706
302559.48985267885,4123889.3370843614,1.0628959064788526,0.00441729
302559.51416947093,4123889.38077296,1.0630499809867537,0.00435371
302559.53847957373,4123889.4244652805,1.0631872295983247,0.00428675
302559.5627837183,4123889.4681609157,1.0633092455625224,0.00421676
302559.58708256617,4123889.5118594966,1.0634175177743528,0.00414410
302559.6113767143,4123889.555560691,1.0635134591185553,0.00406907
302559.6356666979,4123889.5992642,1.0635983802873397,0.00399194
302559.6599529954,4123889.6429697573,1.0636734519421824,0.00391296
302559.68423603446,4123889.6866771253,1.0637397582526595,0.00383235
302559.7085161954,4123889.730386092,1.0637982955984848,0.00375031
302559.73279381567,4123889.77409647,1.0638499244891635,0.00366701
302559.75706919516,4123889.8178080926,1.0638954302165768,0.00358261
302559.7813425995,4123889.861520812,1.0639355199740315,0.00349726
302559.80561426387,4123889.9052344975,1.0639708349640953,0.00341107
302559.8298843956,4123889.9489490343,1.0640019206054334,0.00332416
302559.854153178,4123889.99266432,1.064029281211185,0.00323664
302559.87842077296,4123890.036380265,1.064053340205028,0.00314859
302559.90268732357,4123890.080096789,1.0640744969723144,0.00306011
302559.92695295607,4123890.1238138233,1.0640931026588543,0.00297125
302559.95121778117,4123890.167531306,1.064109451538074,0.00288211
302559.97548189654,4123890.211249182,1.0641238237458417,0.00279274
302559.9997453883,4123890.2549674045,1.064136436319727,0.00270320
302560.0240083326,4123890.2986859307,1.0641475116134473,0.00261356
302560.04827079625,4123890.3424047236,1.0641572405678474,0.00252388
302560.0725328376,4123890.386123751,1.0641657864438734,0.00243420
302560.0967945081,4123890.429842984,1.0641732783564828,0.00234459
302560.1210558536,4123890.4735623975,1.064179840929374,0.00225512
302560.14531691425,4123890.517281969,1.0641856037047384,0.00216582
302560.16957772477,4123890.5610016794,1.0641906603827296,0.00207679
302560.19383831596,4123890.6047215117,1.0641950981537056,0.00198807
302560.2180987144,4123890.6484414507,1.0641989853914426,0.00189974
302560.2423589442,4123890.692161483,1.0642023718148874,0.00181188
302560.26661902707,4123890.7358815973,1.0642053351038865,0.00172458
302560.2908789813,4123890.7796017826,1.0642079378965899,0.00163793
302560.31513882265,4123890.8233220307,1.0642102108267453,0.00155203
302560.3393985655,4123890.867042334,1.0642121873385744,0.00146700
302560.36365822237,4123890.910762684,1.0642139281651515,0.00138297
302560.3879178039,4123890.9544830765,1.0642154457068789,0.00130007
302560.41217731946,4123890.9982035053,1.0642167799969344,0.00121846
302560.4364367771,4123891.0419239663,1.0642179359381085,0.00113831
302560.4606961847,4123891.085644455,1.064218942244511,0.00105981
302560.48495554866,4123891.1293649683,1.0642198143150814,0.00098317
302560.50921487476,4123891.1730855023,1.0642205818132655,0.00090861
302560.53347416763,4123891.216806055,1.0642212496659307,0.00083637
302560.5577334314,4123891.2605266236,1.0642218286389462,0.00076672
302560.5819926701,4123891.304247206,1.064222335710478,0.00069992
302560.6062518867,4123891.3479678007,1.0642227711868741,0.00063625
302560.6305110846,4123891.391688406,1.064223143362431,0.00057599
302560.65477026626,4123891.43540902,1.0642234680066207,0.00051942
302560.67902943393,4123891.4791296422,1.0642237483845935,0.00046676
302560.7032885893,4123891.522850271,1.0642239980802501,0.00041821
302560.72754773387,4123891.5665709055,1.0642242255092051,0.00037386
302560.7518068686,4123891.6102915457,1.0642244113267056,0.00033367
302560.7760659954,4123891.6540121906,1.0642245816430016,0.00029749
302560.8003251146,4123891.6977328393,1.0642247202385366,0.00026510
302560.824584228,4123891.7414534916,1.0642248438274042,0.00023627
302560.84884333593,4123891.7851741468,1.0642249449662995,0.00021074
302560.87310243945,4123891.828894804,1.064225026184217,0.00018826
302560.8973615394,4123891.8726154636,1.0642251135999243,0.00016856
302560.92162063567,4123891.916336125,1.0642251892964145,0.00015144
302560.94587972865,4123891.9600567888,1.0642252591472137,0.00013665
302560.97013881843,4123892.0037774537,1.0642253035623368,0.00012403
302560.9943979065,4123892.04749812,1.0642253381203226,0.00011339
302561.01865699294,4123892.091218787,1.0642253788366973,0.00010460
302561.0429160778,4123892.134939455,1.0642254054733171,0.00009752
302561.0671751614,4123892.1786601236,1.0642254372082713,0.00009206
302561.0914342434,4123892.2223807927,1.0642254729482257,0.00008813
302561.1156933242,4123892.266101463,1.0642255041712931,0.00008569
302561.13995240344,4123892.309822134,1.0642255394611917,0.00008469
302561.16421148117,4123892.353542806,1.064225563892381,0.00008512
302561.1884705578,4123892.3972634785,1.0642255868135817,0.00008700
302561.2127296334,4123892.4409841513,1.0642256120178502,0.00009034
302561.236988708,4123892.484704825,1.0642256407800266,0.00009519
302561.2612477813,4123892.5284254993,1.0642256720786658,0.00010165
302561.28550685325,4123892.5721461745,1.0642257122076113,0.00010979
302561.3097659234,4123892.6158668506,1.0642257489098572,0.00011974
302561.334024992,4123892.6595875276,1.0642257941442523,0.00013165
302561.3582840585,4123892.7033082056,1.064225846999089,0.00014568
302561.38254312275,4123892.747028885,1.0642259041031634,0.00016203
302561.4068021845,4123892.7907495657,1.064225977317018,0.00018093
302561.431061243,4123892.8344702483,1.064226064875116,0.00020261
302561.4553202975,4123892.878190933,1.0642261636698764,0.00022736
302561.4795793479,4123892.92191162,1.0642262780748795,0.00025546
302561.50383839296,4123892.9656323097,1.0642264158089438,0.00028723
302561.52809743216,4123893.009353003,1.064226569215272,0.00032299
302561.5523564646,4123893.0530737,1.0642267480060192,0.00036307
302561.5766154891,4123893.0967944013,1.0642269622191787,0.00040775
302561.6008745043,4123893.140515108,1.064227189383666,0.00045731
302561.62513350934,4123893.18423582,1.064227467246224,0.00051192
302561.6493925022,4123893.227956539,1.064227791042974,0.00057165
302561.6736514808,4123893.271677266,1.0642281696636553,0.00063637
302561.6979104428,4123893.315398002,1.064228611289196,0.00070588
302561.72216938523,4123893.359118749,1.0642291273906834,0.00077987
302561.74642830493,4123893.4028395084,1.064229734438984,0.00085802
302561.7706871979,4123893.4465602827,1.0642304154262119,0.00094000
302561.79494606104,4123893.490281074,1.0642311888431015,0.00102545
302561.81920489,4123893.5340018836,1.0642320901917381,0.00111406
302561.8434636794,4123893.5777227157,1.0642331291019393,0.00120549
302561.867722423,4123893.621443573,1.0642343373071654,0.00129947
302561.89198111324,4123893.6651644595,1.0642357168184475,0.00139571
302561.91623974295,4123893.70888538,1.064237298682208,0.00149397
302561.94049830304,4123893.7526063393,1.0642391191465836,0.00159401
302561.96475678287,4123893.7963273427,1.0642412035393574,0.00169562
302561.98901517113,4123893.8400483974,1.0642435937434997,0.00179862
302562.0132734541,4123893.8837695103,1.0642463289074007,0.00190284
302562.0375316166,4123893.92749069,1.0642494697423093,0.00200812
302562.06178964087,4123893.971211946,1.064253067518448,0.00211431
302562.0860475069,4123894.0149332904,1.064257163906292,0.00222131
302562.1103051925,4123894.0586547344,1.0642618533530497,0.00232898
302562.13456267194,4123894.1023762934,1.0642672034407443,0.00243722
302562.15881991584,4123894.146097983,1.0642733201258319,0.00254595
302562.18307689036,4123894.189819821,1.0642803165425094,0.00265506
302562.20733355725,4123894.233541831,1.0642882858087694,0.00276449
302562.23158987326,4123894.277264035,1.064297373602249,0.00287414
302562.2558457895,4123894.320986461,1.0643077247183752,0.00298394
302562.2801012501,4123894.3647091393,1.064319534685893,0.00309383
302562.3043561912,4123894.4084321065,1.0643329821642187,0.00320374
302562.3286105403,4123894.4521554015,1.064348311099242,0.00331358
302562.352864215,4123894.495879071,1.064365761748204,0.00342329
302562.3771171218,4123894.5396031663,1.064385608336304,0.00353280
302562.4013691553,4123894.583327746,1.0644081936999163,0.00364204
302562.42562019505,4123894.627052877,1.0644338849603225,0.00375091
302562.44987010414,4123894.670778635,1.0644630970552051,0.00385933
302562.47411872784,4123894.7145051057,1.0644963009292652,0.00396721
302562.49836589047,4123894.758232387,1.0645340368177343,0.00407444
302562.5226113925,4123894.8019605884,1.0645769114620598,0.00418092
302562.546855008,4123894.8456898364,1.06462558093508,0.00428651
302562.5710964817,4123894.8894202714,1.064680808579356,0.00439107
302562.59533552517,4123894.9331520535,1.064743450027609,0.00449446
302562.61957181216,4123894.9768853635,1.0648144527504915,0.00459650
302562.6438049746,4123895.0206204047,1.0648948936309501,0.00469699
302562.668034597,4123895.064357407,1.0649859628776235,0.00479573
302562.6922602119,4123895.1080966294,1.065088963616743,0.00489246
302562.71648129413,4123895.151838362,1.0652053288938774,0.00498691
302562.74069725524,4123895.19558293,1.0653366426981663,0.00507880
302562.7649074375,4123895.2393306964,1.0654846201397892,0.00516776
302562.7891111074,4123895.283082066,1.065651074393317,0.00525344
302562.81330745184,4123895.3268374875,1.065837946977983,0.00533542
302562.83749557205,4123895.3705974557,1.0660472325524462,0.00541323
302562.8616744817,4123895.4143625135,1.0662809751487585,0.00548639
302562.88584310486,4123895.4581332533,1.06654109346964,0.00555433
302562.9100002805,4123895.501910311,1.0668293706239582,0.00561647
302562.93414477055,4123895.5456943675,1.0671471639889056,0.00567218
302562.95827527676,4123895.5894861314,1.0674952647789542,0.00572080
302562.98239046783,4123895.6332863313,1.0678734181588039,0.00576166
302563.00648902456,4123895.677095685,1.0682799915766021,0.00579409
302563.0305697022,4123895.7209148696,1.0687111662492557,0.00581746
302563.05463142705,4123895.764744464,1.0691600389371279,0.00583122
302563.0786734345,4123895.8085848764,1.0696154521038688,0.00583500
302563.10269545915,4123895.852436242,1.0700622190606879,0.00582865
302563.1266979099,4123895.8962983247,1.0704901330129277,0.00581240
302563.15068163304,4123895.940170651,1.0708928602899286,0.00578666
302563.1746477437,4123895.9840526003,1.0712669858895838,0.00575201
302563.1985975014,4123896.027943477,1.0716110484321812,0.00570909
302563.22253222595,4123896.0718425536,1.0719249373721935,0.00565857
302563.24645323976,4123896.115749103,1.0722094871293684,0.00560111
302563.27036182676,4123896.1596624204,1.072466117492657,0.00553738
302563.2942592081,4123896.203581837,1.0726965805344275,0.00546799
302563.31814652745,4123896.247506727,1.0729028245363348,0.00539352
302563.3420248432,4123896.2914365125,1.0730868788521573,0.00531450
302563.36589512427,4123896.335370664,1.0732507176113855,0.00523144
302563.3897582537,4123896.3793087006,1.0733962793954197,0.00514479
302563.4136150294,4123896.423250187,1.0735253480237896,0.00505493
302563.43746617157,4123896.467194732,1.0736396460884259,0.00496226
302563.461312325,4123896.511141984,1.073740728772011,0.00486709
302563.4851540667,4123896.5550916297,1.073830024231689,0.00476971
302563.5089919109,4123896.5990433893,1.0739088359853326,0.00467040
302563.5328263154,4123896.6429970143,1.0739783562733236,0.00456940
302563.5566576856,4123896.6869522845,1.074039633691574,0.00446690
302563.5804863815,4123896.730909005,1.0740935945769017,0.00436311
302563.60431272245,4123896.774867002,1.074141112148456,0.00425818
302563.6281369893,4123896.8188261227,1.0741829208375355,0.00415228
302563.6519594316,4123896.8627862325,1.0742196800519361,0.00404553
302563.6757802694,4123896.9067472112,1.0742519958638783,0.00393806
302563.699599697,4123896.9507089546,1.0742803974391264,0.00382997
302563.7234178851,4123896.9946713694,1.0743053530537683,0.00372138
302563.74723498395,4123897.0386343743,1.074327266349386,0.00361237
302563.7710511266,4123897.0825978974,1.0743465033750192,0.00350302
302563.7948664295,4123897.126561875,1.0743634127424337,0.00339342
302563.81868099456,4123897.1705262526,1.0743782488351918,0.00328364
302563.8424949121,4123897.214490981,1.074391251277382,0.00317376
302563.8663082622,4123897.2584560164,1.0744026884524942,0.00306385
302563.8901211132,4123897.3024213226,1.0744126684317468,0.00295396
302563.9139335287,4123897.3463868643,1.0744214186609373,0.00284419
302563.9377455623,4123897.390352613,1.0744291080487305,0.00273459
302563.9615572604,4123897.4343185434,1.0744358244585002,0.00262525
302563.9853686653,4123897.4782846323,1.0744417038864555,0.00251623
302564.0091798138,4123897.5222508605,1.0744468474612616,0.00240763
302564.0329907378,4123897.56621721,1.074451354566284,0.00229954
302564.0568014652,4123897.6101836665,1.0744552930568372,0.00219204
302564.08061202057,4123897.6541502154,1.0744587522234301,0.00208526
302564.10442242504,4123897.6981168464,1.0744617608428513,0.00197929
302564.12823269836,4123897.7420835486,1.0744643932884739,0.00187428
302564.1520428567,4123897.7860503127,1.0744666876368854,0.00177036
302564.17585291504,4123897.8300171313,1.0744687015475014,0.00166769
302564.19966288545,4123897.8739839974,1.0744704489240322,0.00156645
302564.2234727795,4123897.9179509045,1.0744719657919173,0.00146682
302564.24728260766,4123897.961917848,1.0744733041992773,0.00136901
302564.27109237714,4123898.0058848225,1.0744744699862054,0.00127327
302564.294902096,4123898.049851825,1.0744754702552433,0.00117984
302564.31871177105,4123898.093818851,1.0744763406917075,0.00108899
302564.3425214081,4123898.137785897,1.0744770911830028,0.00100104
302564.3663310127,4123898.1817529616,1.0744777598280122,0.00091629
302564.3901405878,4123898.2257200414,1.074478345611039,0.00083507
302564.41395013744,4123898.2696871352,1.074478851075682,0.00075772
302564.43775966513,4123898.313654241,1.074479283156654,0.00068458
302564.461569174,4123898.3576213573,1.0744796519257434,0.00061597
302564.48537866666,4123898.401588482,1.0744799705259012,0.00055215
302564.50918814563,4123898.4455556143,1.0744802415624921,0.00049333
302564.5329976126,4123898.489522753,1.0744804778051391,0.00043956
302564.5568070693,4123898.533489897,1.0744806905898778,0.00039074
302564.5806165167,4123898.577457046,1.0744808736759703,0.00034667
302564.6044259563,4123898.6214242,1.0744810280502144,0.00030705
302564.628235389,4123898.665391357,1.0744811625112598,0.00027157
302564.6520448159,4123898.7093585175,1.0744812839834903,0.00023989
302564.6758542374,4123898.7533256807,1.0744813840605747,0.00021167
302564.69966365455,4123898.7972928463,1.0744814752878546,0.00018660
302564.7234730678,4123898.841260014,1.0744815501894673,0.00016437
302564.74728247785,4123898.885227184,1.0744816090410438,0.00014467
302564.7710918851,4123898.9291943545,1.0744816657912695,0.00012725
302564.79490129015,4123898.973161527,1.0744817039620773,0.00011187
302564.81871069333,4123899.0171287,1.074481746712605,0.00009829
302564.8425200948,4123899.0610958743,1.0744817783483922,0.00008632
302564.8663294948,4123899.105063049,1.0744818087790162,0.00007577
302564.89013889356,4123899.149030225,1.0744818248881387,0.00006648
302564.91394829145,4123899.1929974006,1.0744818487073928,0.00005830
302564.93775768846,4123899.2369645773,1.0744818725890743,0.00005111
302564.96156708436,4123899.2809317545,1.0744818815632071,0.00004479
302564.9853764798,4123899.3248989317,1.0744818991906748,0.00003924
302565.0091858747,4123899.3688661098,1.0744819127146275,0.00003436
302565.0329952689,4123899.412833288,1.074481920198368,0.00003008
302565.0568046626,4123899.456800466,1.0744819286756822,0.00002632
302565.08061405615,4123899.5007676445,1.0744819349345849,0.00002303
302565.1044234493,4123899.544734823,1.074481937192542,0.00002013
302565.12823284237,4123899.5887020016,1.0744819444360612,0.00001760
302565.15204223525,4123899.6326691806,1.0744819486882617,0.00001537
302565.1758516279,4123899.6766363597,1.0744819466327813,0.00001343
302565.1996610204,4123899.720603538,1.0744819617637553,0.00001172
302565.22347041254,4123899.7645707177,1.074481957334695,0.00001023
302565.2472798047,4123899.8085378967,1.0744819571132422,0.00000892
302565.2710891969,4123899.8525050757,1.0744819642327905,0.00000778
302565.2948985889,4123899.8964722552,1.0744819594031594,0.00000678
302565.318707981,4123899.9404394343,1.0744819633747804,0.00000590
302565.34251737304,4123899.9844066137,1.0744819613052712,0.00000514
302565.366326765,4123900.028373793,1.074481964442392,0.00000447
302565.390136157,4123900.0723409723,1.0744819655717543,0.00000389
302565.41394554893,4123900.1163081517,1.074481962387626,0.00000338
302565.4377549408,4123900.1602753308,1.0744819664415222,0.00000294
302565.4615643327,4123900.2042425103,1.074481966644217,0.00000255
302565.4853737246,4123900.2482096897,1.0744819643862615,0.00000221
302565.5091831164,4123900.2921768688,1.0744819675139599,0.00000192
302565.5329925082,4123900.3361440483,1.0744819666978387,0.00000166
302565.5568019001,4123900.3801112277,1.0744819634164362,0.00000144
302565.5806112919,4123900.4240784068,1.0744819664929626,0.00000124
302565.6044206838,4123900.4680455863,1.0744819685918012,0.00000108
302565.6282300756,4123900.5120127657,1.074481967724237,0.00000093
302565.6520394674,4123900.555979945,1.0744819624952502,0.00000080
302565.6758488593,4123900.5999471243,1.0744819693644216,0.00000069
302565.699658251,4123900.6439143037,1.0744819677628679,0.00000060
302565.72346764285,4123900.687881483,1.0744819624971815,0.00000051
302565.74727703474,4123900.7318486623,1.0744819693645182,0.00000044
302565.77108642645,4123900.7758158417,1.0744819677628727,0.00000038
302565.7948958183,4123900.819783021,1.0744819667102845,0.00000033
302565.8187052102,4123900.8637502007,1.074481964389565,0.00000028
302565.84251460194,4123900.9077173797,1.0744819684866314,0.00000024
302565.8663239937,4123900.951684559,1.0744819667464722,0.00000021
302565.8901333856,4123900.9956517387,1.0744819666594645,0.00000018
302565.9139427775,4123901.039618918,1.0744819624420114,0.00000015
302565.9377521694,4123901.083586097,1.0744819693617598,0.00000013
302565.9615615611,4123901.1275532767,1.0744819677627349,0.00000011
302565.9853709529,4123901.171520456,1.0744819624971749,0.00000010
302566.0091803448,4123901.215487635,1.074481968392012,0.00000008
302566.0329897366,4123901.2594548147,1.0744819686867537,0.00000007
302566.05679912836,4123901.303421994,1.0744819667564784,0.00000006
302566.08060852025,4123901.3473891737,1.0744819643918746,0.00000005
302566.104417912,4123901.3913563527,1.0744819684867468,0.00000004
302566.1282273038,4123901.435323532,1.074481966746478,0.00000003
302566.1520366957,4123901.4792907117,1.0744819676319708,0.00000003
302566.1758460875,4123901.523257891,1.0744819644356491,0.00000002
302566.1996554793,4123901.56722507,1.0744819675164292,0.00000002
302566.2234648711,4123901.6111922497,1.0744819676704682,0.00000002
302566.24727426295,4123901.655159429,1.0744819686506766,0.00000001
302566.2710836547,4123901.6991266087,1.074481963514078,0.00000001
302566.29489304655,4123901.7430937877,1.0744819664978447,0.00000001
302566.31870243844,4123901.787060967,1.074481965674527,0.00000000
302566.3425118304,4123901.8310281467,1.074481964337777,0.00000000
302566.36632122216,4123901.8749953257,1.074481968484042,0.00000000
302566.39013061393,4123901.918962505,1.0744819667463428,0.00000000
302566.4139400058,4123901.9629296847,1.0744819686044702,0.00000000
302566.4377493976,4123902.006896864,1.074481964484274,0.00000000
302566.46155878936,4123902.050864043,1.0744819665463545,0.00000000
302566.48536818125,4123902.0948312227,1.0744819685944709,0.00000001
302566.509177573,4123902.138798402,1.0744819686968767,0.00000000
302566.5329869648,4123902.1827655816,1.0744819625438822,0.00000000
302566.5567963567,4123902.2267327607,1.0744819664493348,0.00000000
302566.5806057486,4123902.27069994,1.0744819666446075,0.00000000
302566.60441514046,4123902.3146671196,1.074481964386281,0.00000000
302566.62822453224,4123902.3586342987,1.0744819684864673,0.00000000
302566.652033924,4123902.402601478,1.0744819667464642,0.00000000
302566.6758433159,4123902.4465686576,1.0744819686044764,0.00000001
302566.69965270767,4123902.490535837,1.0744819644842745,0.00000000
302566.72346209944,4123902.534503016,1.0744819665463545,0.00000000
302566.74727149133,4123902.5784701956,1.0744819676219646,0.00000000
302566.77108088316,4123902.622437375,1.0744819644351489,0.00000001
302566.79489027493,4123902.666404554,1.0744819665438983,0.00000000
302566.8186996668,4123902.7103717336,1.074481968594348,0.00000000
302566.8425090586,4123902.754338913,1.0744819686968705,0.00000000
302566.86631845037,4123902.7983060926,1.0744819625438817,0.00000000
302566.89012784226,4123902.8422732716,1.0744819674218409,0.00000000
302566.9139372341,4123902.886240451,1.0744819666932328,0.00000000
302566.937746626,4123902.9302076306,1.074481963416206,0.00000001
302566.9615560178,4123902.9741748096,1.0744819684379634,0.00000000
302566.9853654096,4123903.018141989,1.0744819667440388,0.00000000
302567.00917480147,4123903.0621091686,1.0744819686043552,0.00000000
302567.03298419324,4123903.106076348,1.0744819644842685,0.00000000
302567.056793585,4123903.150043527,1.074481966546354,0.00000000
302567.0806029769,4123903.1940107066,1.0744819676219646,0.00000000
302567.10441236873,4123903.237977886,1.0744819696207575,0.00000000
302567.12822176045,4123903.2819450656,1.0744819625900761,0.00000000
302567.15203115233,4123903.3259122446,1.0744819674241506,0.00000000
302567.17584054417,4123903.369879424,1.0744819696108667,0.00000000
302567.1996499359,4123903.4138466036,1.0744819668026842,0.00000000
302567.22345932777,4123903.457813783,1.0744819634216785,0.00000000
302567.2472687196,4123903.501780962,1.0744819684382372,0.00000000
302567.2710781114,4123903.5457481416,1.0744819667440526,0.00000000
302567.29488750326,4123903.589715321,1.074481962446241,0.00000000
302567.31869689515,4123903.6336825,1.074481967416959,0.00000000
302567.342506287,4123903.6776496796,1.0744819676654949,0.00000000
302567.3663156788,4123903.721616859,1.0744819686504279,0.00000000
302567.3901250706,4123903.7655840386,1.0744819635140657,0.00000000
302567.4139344624,4123903.8095512176,1.07448196747035,0.00000000
302567.43774385424,4123903.853518397,1.0744819686406706,0.00000000
302567.461553246,4123903.8974855766,1.0744819625410718,0.00000000
302567.4853626379,4123903.9414527556,1.0744819683942066,0.00000000
302567.5091720297,4123903.985419935,1.0744819686868634,0.00000000
302567.53298142145,4123904.0293871146,1.074481966756484,0.00000000
302567.55679081334,4123904.073354294,1.0744819634193685,0.00000000
302567.58060020517,4123904.117321473,1.0744819684381215,0.00000000
302567.60440959694,4123904.1612886526,1.074481967716553,0.00000000
302567.6282189888,4123904.205255832,1.0744819667079684,0.00000000
302567.65202838066,4123904.2492230115,1.0744819624444366,0.00000000
302567.67583777255,4123904.2931901906,1.0744819674168686,0.00000000
302567.6996471644,4123904.33715737,1.0744819696105026,0.00000000
302567.7234565561,4123904.3811245495,1.0744819625895634,0.00000000
302567.747265948,4123904.4250917286,1.074481967424125,0.00000000
302567.7710753398,4123904.469058908,1.0744819686383593,0.00000000
302567.7948847316,4123904.5130260875,1.074481967726565,0.00000000
302567.8186941234,4123904.556993267,1.0744819634678726,0.00000000
302567.84250351525,4123904.600960446,1.0744819684405469,0.00000000
302567.866312907,4123904.6449276255,1.074481966744168,0.00000000
302567.8901222989,4123904.688894805,1.0744819624462467,0.00000000
302567.9139316908,4123904.732861984,1.0744819674169592,0.00000000
302567.9377410826,4123904.7768291635,1.0744819676654949,0.00000000
302567.96155047446,4123904.820796343,1.0744819686504279,0.00000000
302567.98535986623,4123904.8647635225,1.0744819635140657,0.00000000
302568.00916925806,4123904.9087307015,1.07448196747035,0.00000000
302568.0329786499,4123904.952697881,1.0744819686406706,0.00000000
302568.05678804166,4123904.9966650605,1.0744819667541743,0.00000000
302568.08059743355,4123905.04063224,1.074481963419253,0.00000000
302568.1044068254,4123905.084599419,1.0744819694106218,0.00000000
302568.1282162171,4123905.1285665985,1.074481966792672,0.00000000
302568.152025609,4123905.172533778,1.0744819676342805,0.00000000
302568.1758350008,4123905.2165009575,1.0744819654082705,0.00000000
302568.19964439253,4123905.2604681365,1.0744819665925542,0.00000000
302568.2234537844,4123905.304435316,1.0744819666517684,0.00000000
302568.2472631763,4123905.3484024955,1.0744819705447537,0.00000000
302568.27107256796,4123905.392369675,1.0744819626362758,0.00000000
302568.29488195985,4123905.436336854,1.0744819664539547,0.00000000
302568.31869135174,4123905.4803040335,1.0744819666448384,0.00000000
302568.34250074363,4123905.524271213,1.0744819634137863,0.00000000
302568.36631013546,4123905.568238392,1.0744819694103485,0.00000000
302568.3901195272,4123905.6122055715,1.0744819667926582,0.00000000
302568.41392891906,4123905.656172751,1.0744819624486712,0.00000000
302568.43773831095,4123905.70013993,1.074481970334599,0.00000000
302568.4615477026,4123905.7441071095,1.0744819668388708,0.00000000
302568.4853570945,4123905.788074289,1.0744819666640844,0.00000000
302568.5091664864,4123905.8320414685,1.0744819705453694,0.00000000
302568.53297587804,4123905.876008648,1.0744819626363067,0.00000000
302568.55678526993,4123905.919975827,1.074481966453956,0.00000000
302568.5805946618,4123905.9639430065,1.074481969562357,0.00000000
302568.60440405353,4123906.007910186,1.074481962587156,0.00000000
302568.6282134454,4123906.051877365,1.0744819674240047,0.00000000
302568.65202283725,4123906.0958445445,1.0744819657208349,0.00000000
302568.6758322292,4123906.139811724,1.0744819633675862,0.00000001
302568.69964162103,4123906.183778903,1.0744819694080385,0.00000000
302568.72345101275,4123906.2277460825,1.0744819667925427,0.00000000
302568.74726040463,4123906.271713262,1.074481967634274,0.00000000
302568.77106979646,4123906.3156804414,1.0744819654082702,0.00000000
302568.7948791882,4123906.3596476205,1.0744819665925542,0.00000000
302568.81868858007,4123906.4036148,1.0744819676242745,0.00000000
302568.8424979719,4123906.4475819794,1.074481969620873,0.00000000
302568.8663073636,4123906.491549159,1.0744819625900819,0.00000000
302568.8901167555,4123906.535516338,1.074481966451645,0.00000000
302568.9139261474,4123906.5794835174,1.0744819695622414,0.00000000
302568.9377355391,4123906.623450697,1.0744819677727588,0.00000000
302568.96154493093,4123906.6674178764,1.0744819624976762,0.00000000
302568.9853543228,4123906.7113850554,1.074481969364543,0.00000000
302569.00916371454,4123906.755352235,1.074481966790368,0.00000000
302569.0329731064,4123906.7993194144,1.0744819624485566,0.00000000
302569.0567824983,4123906.8432865934,1.0744819674170747,0.00000000
302569.08059189015,4123906.887253773,1.0744819666929946,0.00000000
302569.10440128203,4123906.9312209524,1.0744819695743089,0.00000000
302569.12821067375,4123906.975188132,1.0744819635602598,0.00000000
302569.1520200656,4123907.019155311,1.0744819665001537,0.00000000
302569.17582945747,4123907.0631224904,1.0744819695646668,0.00000000
302569.1996388492,4123907.10708967,1.0744819625872717,0.00000000
302569.2234482411,4123907.151056849,1.0744819664515044,0.00000000
302569.24725763296,4123907.1950240284,1.0744819705347406,0.00000000
302569.2710670246,4123907.238991208,1.0744819668488779,0.00000000
302569.2948764165,4123907.2829583874,1.074481962451482,0.00000000
302569.3186858084,4123907.3269255664,1.0744819693622334,0.00000000
302569.3424952001,4123907.370892746,1.0744819667902525,0.00000001
302569.366304592,4123907.4148599254,1.0744819676341595,0.00000000
302569.3901139838,4123907.458827105,1.0744819624907462,0.00000000
302569.4139233757,4123907.502794284,1.074481966446678,0.00000000
302569.4377327676,4123907.5467614634,1.0744819705344992,0.00000000
302569.46154215926,4123907.590728643,1.0744819626357631,0.00000000
302569.48535155115,4123907.634695822,1.074481966453929,0.00000000
302569.50916094304,4123907.6786630014,1.0744819695623558,0.00000000
302569.53297033475,4123907.722630181,1.0744819668002585,0.00000000
302569.55677972664,4123907.7665973604,1.0744819634215572,0.00000000
302569.5805891185,4123907.8105645394,1.074481969410737,0.00000000
302569.6043985102,4123907.854531719,1.0744819667926777,0.00000000
302569.6282079021,4123907.8984988984,1.0744819676342807,0.00000000
302569.6520172939,4123907.942466078,1.0744819624907522,0.00000000
302569.6758266858,4123907.986433257,1.0744819664466785,0.00000000
302569.6996360777,4123908.0304004364,1.0744819695619932,0.00000000
302569.7234454694,4123908.074367616,1.0744819625871378,0.00000000
302569.7472548613,4123908.118334795,1.0744819674240038,0.00000000
302569.7710642531,4123908.1623019744,1.0744819696108594,0.00000000
302569.79487364483,4123908.206269154,1.0744819668026837,0.00000000
302569.8186830367,4123908.2502363333,1.0744819624491724,0.00000000
302569.8424924286,4123908.2942035124,1.074481969362118,0.00000000
302569.8663018203,4123908.338170692,1.0744819677627528,0.00000000
302569.89011121215,4123908.3821378713,1.074481962497176,0.00000000
302569.91392060404,4123908.4261050504,1.074481969364518,0.00000000
302569.93772999576,4123908.47007223,1.0744819677628727,0.00000000
302569.9615393876,4123908.5140394093,1.0744819667102845,0.00000000
302569.9853487795,4123908.558006589,1.0744819695751735,0.00000000
302570.0091581712,4123908.6019737683,1.0744819625877968,0.00000000
302570.0329675631,4123908.6459409473,1.0744819664515306,0.00000000
302570.05677695497,4123908.689908127,1.0744819676172235,0.00000000
302570.0805863468,4123908.7338753063,1.0744819624898994,0.00000000
302570.1043957387,4123908.7778424853,1.0744819693641543,0.00000000
302570.1282051304,4123908.821809665,1.0744819667903485,0.00000000
302570.1520145223,4123908.8657768443,1.0744819624485558,0.00000000
302570.1758239142,4123908.9097440233,1.0744819703345931,0.00000000
302570.19963330583,4123908.953711203,1.0744819668388703,0.00000000
302570.2234426977,4123908.9976783823,1.0744819666640844,0.00000000
302570.2472520896,4123909.041645562,1.0744819705453694,0.00000000
302570.27106148127,4123909.0856127413,1.0744819626363067,0.00000000
302570.29487087316,4123909.1295799203,1.074481966453956,0.00000000
302570.31868026505,4123909.1735471,1.074481969562357,0.00000000
302570.34248965676,4123909.2175142793,1.074481963559662,0.00000000
302570.3662990486,4123909.2614814583,1.074481966500124,0.00000000
302570.3901084405,4123909.305448638,1.074481966647147,0.00000000
302570.41391783237,4123909.3494158173,1.0744819624413955,0.00000000
302570.43772722426,4123909.3933829963,1.074481969361729,0.00000000
302570.46153661597,4123909.437350176,1.0744819677627333,0.00000000
302570.4853460078,4123909.4813173553,1.0744819667102774,0.00000000
302570.5091553997,4123909.525284535,1.0744819653620703,0.00000000
302570.5329647914,4123909.569251714,1.0744819675627504,0.00000000
302570.55677418323,4123909.6132188933,1.0744819667002783,0.00000000
302570.5805835751,4123909.657186073,1.0744819695746732,0.00000000
302570.60439296684,4123909.7011532523,1.074481963560278,0.00000000
302570.62820235867,4123909.7451204313,1.0744819665001546,0.00000000
302570.65201175056,4123909.789087611,1.0744819666471486,0.00000000
302570.67582114245,4123909.8330547903,1.0744819624413957,0.00000000
302570.69963053433,4123909.8770219693,1.074481969361729,0.00000000
302570.72343992605,4123909.920989149,1.0744819677627333,0.00000000
302570.7472493179,4123909.9649563283,1.0744819657377713,0.00000000
302570.7710587098,4123910.0089235078,1.074481965313445,0.00000000
302570.79486810154,4123910.052890687,1.074481967560319,0.00000000
302570.8186774934,4123910.0968578663,1.074481967672663,0.00000000
302570.8424868852,4123910.1408250458,1.0744819686507863,0.00000000
302570.866296277,4123910.1847922252,1.0744819635140836,0.00000000
302570.8901056688,4123910.2287594043,1.074481967470351,0.00000000
302570.91391506064,4123910.2727265838,1.0744819686406708,0.00000000
302570.9377244524,4123910.3166937632,1.0744819635135778,0.00000000
302570.96153384424,4123910.3606609423,1.0744819664978196,0.00000000
302570.9853432361,4123910.4046281218,1.0744819695645502,0.00000000
302571.00915262784,4123910.4485953012,1.0744819677728743,0.00000000
302571.0329620197,4123910.4925624807,1.074481962497682,0.00000000
302571.05677141156,4123910.5365296598,1.0744819664470249,0.00000000
302571.08058080345,4123910.5804968392,1.074481966644492,0.00000000
302571.10439019534,4123910.6244640187,1.074481969571884,0.00000000
302571.12819958705,4123910.668431198,1.0744819635601386,0.00000000
302571.1520089789,4123910.7123983772,1.0744819635601386,0.00000000
