302597.455252978,4123974.586032037,0.9205429997787247,0.00000000
302597.4869674941,4123974.624686784,0.8856484675751296,0.00000000
302597.5186779208,4123974.663344886,0.884102192460209,0.00000000
302597.5503802711,4123974.7020096113,0.8843241875603913,0.00000000
302597.5820704379,4123974.7406843225,0.8847397311545551,0.00000000
302597.61374413676,4123974.7793725217,0.8852757384159451,0.00000000
302597.6453968479,4123974.8180778925,0.8859357536281904,0.00000000
302597.6770237526,4123974.856804352,0.8867286675304031,0.00000000
302597.70861966885,4123974.8955560965,0.8876651494929872,0.00000000
302597.74017898657,4123974.93433765,0.8887575849324302,0.00000000
302597.7716955988,4123974.9731539134,0.8900200965252629,0.00000000
302597.80316282983,4123975.012010215,0.891468572047634,0.00000000
302597.83457336214,4123975.0509123593,0.893120650834198,0.00000000
302597.8659191614,4123975.089866675,0.894995682275271,0.00000000
302597.8971914032,4123975.1288800584,0.8971146585697217,0.00000000
302597.9283804002,4123975.167960014,0.8995000627777853,0.00000000
302597.95947553363,4123975.2071146877,0.9021755967266207,0.00000000
302597.99046519294,4123975.246352885,0.9051658653672392,0.00000000
302598.0213367271,4123975.285684082,0.9084959401832137,0.00000000
302598.0520764107,4123975.3251184174,0.9121906704716851,0.00000000
302598.08266943466,4123975.3646666557,0.9162739769251727,0.00000000
302598.1130999255,4123975.4043401335,0.9211628802305535,0.00000000
302598.14333440753,4123975.4441631935,0.926271917479313,0.00000000
302598.1733645432,4123975.4841405074,0.931811128829672,0.00000000
302598.203171822,4123975.524284164,0.9378338150114336,0.00000000
302598.2327357081,4123975.5646072887,0.9443466797658175,0.00000000
302598.2620352444,4123975.605122775,0.9513451243964215,0.00000000
302598.29104942357,4123975.6458429815,0.9588136157498136,0.00000000
302598.3197576312,4123975.6867794045,0.9667248165287331,0.00000000
302598.3481401433,4123975.7279423433,0.975039561918685,0.00000000
302598.37617864175,4123975.769340596,0.9842252943340737,0.00000000
302598.40383393056,4123975.810996148,0.9946975132186984,0.00000000
302598.43104856706,4123975.852940745,1.0043128803744623,0.00000000
302598.45786029863,4123975.8951434856,1.0139921378617707,0.00000000
302598.48426198814,4123975.9376035966,1.0236850402706241,0.00000000
302598.51025085076,4123975.9803176355,1.0333031130666135,0.00000000
302598.5358280767,4123976.0232799207,1.0439413061296918,0.00000000
302598.5609447406,4123976.066513625,1.0550721413434982,0.00000000
302598.58557733265,4123976.1100245523,1.06430571236268,0.00000000
302598.60981123376,4123976.153758193,1.073240318683524,0.00000000
302598.63365412236,4123976.197706232,1.0819810491848214,0.00000000
302598.6571126846,4123976.241861257,1.0928685177929682,0.00000000
302598.680084248,4123976.2862719228,1.102491908450245,0.00000000
302598.7026300806,4123976.3308995753,1.1108922050384709,0.00000000
302598.7248029882,4123976.375713346,1.1190994121314966,0.00000000
302598.7466079694,4123976.420707681,1.1284819474252046,0.00000000
302598.76798726514,4123976.465906417,1.138485136682345,0.00000000
302598.78891173855,4123976.511317117,1.1462402172202046,0.00000000
302598.80948864354,4123976.556885908,1.1537294273571685,0.00000000
302598.82972443296,4123976.6026074504,1.1619189119904016,0.00000000
302598.84958363295,4123976.6484944005,1.1714255393392075,0.00000000
302598.8690024337,4123976.6945692147,1.1783597078397487,0.00000000
302598.8881073824,4123976.740774616,1.1850122421460252,0.00000000
302598.9069052806,4123976.787105975,1.1922243330902775,0.00000000
302598.9253673415,4123976.8335726545,1.2006624221352487,0.00000000
302598.94343359413,4123976.88019448,1.2066846299426794,0.00000000
302598.9612245865,4123976.9269217085,1.2124482327939112,0.00000000
302598.9787466542,4123976.973750593,1.218595558400609,0.00000000
302598.995979685,4123977.0206869612,1.2257980090297034,0.00000000
302599.01287156745,4123977.067747074,1.2309186802476155,0.00000000
302599.0295273418,4123977.1148910336,1.2358171722358846,0.23583700
302599.0459525608,4123977.162115897,1.2407356358272907,0.23457965
302599.0621453377,4123977.209421224,1.2470080619065804,0.23322024
302599.07803769247,4123977.256828296,1.2513695086592005,0.23173064
302599.0937278506,4123977.304302478,1.2555489830396827,0.23015305
302599.1092199142,4123977.3518416854,1.2596334262500375,0.22849002
302599.1245179621,4123977.399443839,1.2648274917992879,0.22674419
302599.1395657854,4123977.447125733,1.2690613541633027,0.22489289
302599.1544139697,4123977.4948700336,1.2728994691775923,0.22295874
302599.16907977883,4123977.542670621,1.2767185170887987,0.22095049
302599.18356299656,4123977.5905269203,1.2810083661350564,0.21886964
302599.19783962955,4123977.6384453694,1.2858950527545732,0.21670783
302599.21188040636,4123977.6864333954,1.289948747836495,0.21445465
302599.22572861303,4123977.734477223,1.2940860558946703,0.21213072
302599.2393777137,4123977.7825779784,1.2983745345718556,0.20973576
302599.252820056,4123977.8307370353,1.303709170553216,0.20726928
302599.2660026644,4123977.878967926,1.3091170405884816,0.20471174
302599.27892403706,4123977.927269332,1.3140954757071457,0.20206579
302599.29160584445,4123977.975634052,1.3192399401471644,0.19934425
302599.3040382466,4123978.024063463,1.3245832150304238,0.19654681
302599.3162112192,4123978.0725588417,1.3304506425238873,0.19367338
302599.3280981413,4123978.1211253023,1.3373175760855045,0.19071703
302599.33964871033,4123978.169772794,1.3433003670061059,0.18766548
302599.35091024893,4123978.2184878024,1.3493752649313222,0.18454128
302599.36187538574,4123978.2672702856,1.3555505459366357,0.18134639
302599.37253881485,4123978.3161196215,1.3617657913094672,0.17808415
302599.3828983497,4123978.365034421,1.3679360752184013,0.17475934
302599.3929560222,4123978.4140123576,1.377603220883978,0.17137854
302599.4026782104,4123978.463058041,1.3835663138520335,0.16793292
302599.41210533417,4123978.512161171,1.389013670650631,0.16444522
302599.4212610458,4123978.561315546,1.394235995872873,0.16093064
302599.43015530874,4123978.6105178795,1.3992474825558696,0.15740403
302599.4387982966,4123978.6597649944,1.4040541312728534,0.15388511
302599.447200072,4123978.709053878,1.4086659179508907,0.15036854
302599.4553703204,4123978.7583817253,1.4131527294908584,0.14686084
302599.46331815614,4123978.807745957,1.4176322407413808,0.14336734
302599.4710460981,4123978.8571451358,1.4218754342732056,0.13988961
302599.4785514082,4123978.9065786162,1.4257801017457206,0.13643976
302599.4858610788,4123978.956041362,1.4295307951488685,0.13303628
302599.49298187584,4123979.005531629,1.433118873421123,0.12966170
302599.49992110336,4123979.0550476727,1.4365200131983988,0.12631873
302599.5066874174,4123979.104587643,1.439715022917333,0.12301106
302599.5132906417,4123979.154149624,1.4426925918145506,0.11976998
302599.519741337,4123979.203731701,1.4454481611920882,0.11658636
302599.52605043596,4123979.2533320063,1.4479826399763491,0.11345358
302599.5322289434,4123979.3029487603,1.4503011957363452,0.11037678
302599.53828769835,4123979.3525802903,1.4524121876475116,0.10737598
302599.54423719243,4123979.402225045,1.4543262342293624,0.10446328
302599.55008743715,4123979.4518815996,1.4560554302973212,0.10161671
302599.5558478743,4123979.5015486577,1.4576127151220257,0.09883792
302599.5615273202,4123979.551225046,1.459022553221311,0.09613790
302599.5671339379,4123979.600909709,1.4602944299749574,0.09353368
302599.5726740617,4123979.6506018317,1.4614179117553796,0.09099579
302599.57815499767,4123979.7003005166,1.4624095368982808,0.08852396
302599.58358422737,4123979.7500048755,1.4632940135571835,0.08612652
302599.5889672775,4123979.7997142565,1.4640825802132467,0.08381823
302599.59430913476,4123979.8494280814,1.4647851037335915,0.08157097
302599.59961428185,4123979.899145837,1.46541067654069,0.07938368
302599.6048867339,4123979.9488670705,1.465967654909867,0.07726144
302599.61013007554,4123979.9985913825,1.4664636787871441,0.07521672
302599.6153474962,4123980.0483184215,1.4669057096001044,0.07322499
302599.6205418255,4123980.098047878,1.4673000823401046,0.07128513
302599.625715565,4123980.147779481,1.4676525480538025,0.06939773
302599.6308709183,4123980.197512993,1.467968324308298,0.06757876
302599.6360098186,4123980.2472482086,1.4682521541908513,0.06580530
302599.64113395364,4123980.2969849473,1.4685083461139636,0.06407649
302599.6462447877,4123980.346723055,1.4687408253207006,0.06239140
302599.65134358255,4123980.396462398,1.468953190430372,0.06076310
302599.65643141407,4123980.446202864,1.4691487512208605,0.05917979
302599.66150918795,4123980.4959443575,1.4693305774316792,0.05763744
302599.6665776525,4123980.5456868005,1.4695015376144538,0.05613605
302599.67163740937,4123980.59543013,1.4696643420313882,0.05468107
302599.67668892257,4123980.6451742975,1.4698215837548922,0.05327914
302599.681732525,4123980.6949192677,1.4699757697487505,0.05192011
302599.6867684234,4123980.7446650187,1.4701293649489267,0.05060531
302599.69179670163,4123980.79441154,1.4702848256893217,0.04933631
302599.69681732147,4123980.8441588352,1.4704446379020564,0.04812504
302599.70183012245,4123980.893906919,1.47061135614174,0.04697150
302599.70683481876,4123980.9436558182,1.4708786622422638,0.04587040
302599.71183099545,4123980.993405574,1.4710794777766463,0.04482360
302599.71681810165,4123981.0431562397,1.4712932594340564,0.04383299
302599.7217954426,4123981.0929078837,1.471527180117177,0.04290414
302599.7267621691,4123981.142660588,1.4717850839267184,0.04204794
302599.7317172651,4123981.1924144523,1.472070978090296,0.04125298
302599.7366595327,4123981.242169592,1.4723892578121398,0.04052024
302599.7415875751,4123981.291926143,1.472744760958774,0.03985015
302599.7464997764,4123981.341684261,1.4731428278800895,0.03924236
302599.7513942791,4123981.391444122,1.4735893505588535,0.03869543
302599.7562689604,4123981.441205929,1.4740908290597985,0.03821590
302599.76112140255,4123981.49096991,1.4746591188200628,0.03779342
302599.7659488635,4123981.5407363204,1.475299035006886,0.03742132
302599.7707482441,4123981.590505447,1.4760189371817687,0.03709589
302599.7755153131,4123981.6402776786,1.4768235952369035,0.03681288
302599.78024666326,4123981.690053318,1.4777262253818626,0.03656842
302599.78493791725,4123981.7398327524,1.4787378289969422,0.03635833
302599.78958415723,4123981.7896164074,1.4798694605297407,0.03617833
302599.7941799329,4123981.839404746,1.481132334512414,0.03602535
302599.7987192374,4123981.8891982636,1.4825374366688782,0.03589730
302599.80319549656,4123981.9389974866,1.48409493136855,0.03578516
302599.807601578,4123981.988802966,1.4858132844932552,0.03568419
302599.8119298287,4123982.0386152677,1.487698024022244,0.03558934
302599.81617215445,4123982.0884349574,1.4897499777739744,0.03549502
302599.820320162,4123982.1382625853,1.4919628338914002,0.03539530
302599.8243653852,4123982.188098659,1.4943197556254186,0.03528403
302599.8282996324,4123982.237943611,1.4967887436909812,0.03515510
302599.8321154993,4123982.2877977616,1.4993163108390823,0.03500275
302599.83580711,4123982.3376612635,1.501836193605057,0.03482194
302599.8393711696,4123982.3875340414,1.5053659360023712,0.03460886
302599.8428084395,4123982.4374157186,1.507676739311622,0.03436161
302599.8461230583,4123982.487305698,1.50978137824847,0.03407991
302599.84932131896,4123982.5372032747,1.5117210817012388,0.03376458
302599.8524107846,4123982.587107709,1.5134960249978315,0.03341718
302599.85539965605,4123982.6370182736,1.5151094469477062,0.03303991
302599.85829632805,4123982.686934277,1.5165680864753304,0.03263487
302599.8611090845,4123982.736855082,1.517880915768403,0.03220408
302599.8638458975,4123982.7867801115,1.5190581573336999,0.03174983
302599.86651430017,4123982.8367088465,1.5201105757903246,0.03127435
302599.8691213143,4123982.8866408267,1.5214198182034608,0.03077977
302599.8716734165,4123982.936575645,1.5222315080736097,0.03026806
302599.8741765306,4123982.9865129446,1.5229343859871263,0.02974104
302599.8766360392,4123983.0364524117,1.52355648205721,0.02920039
302599.87905680685,4123983.0863937726,1.5241071302769407,0.02864765
302599.88144321064,4123983.1363367885,1.5245940590843718,0.02808420
302599.88379917416,4123983.18628125,1.525024255787704,0.02751129
302599.88612820435,4123983.236226975,1.5254040375628957,0.02693003
302599.8884334275,4123983.2861738047,1.5257390920078557,0.02634146
302599.8907176248,4123983.336121601,1.526034519327031,0.02574647
302599.8929832658,4123983.3860702426,1.5262948798085023,0.02514589
302599.89523254003,4123983.436019624,1.526524240147362,0.02454044
302599.89746738644,4123983.4859696534,1.5267262198702936,0.02393079
302599.89968951984,4123983.5359202498,1.5269040323156666,0.02331753
302599.9019004559,4123983.585871343,1.5270605283215453,0.02270121
302599.9041015327,4123983.635822872,1.5271982319236055,0.02208232
302599.90629393095,4123983.6857747827,1.5273193758963166,0.02146131
302599.9084786917,4123983.735727028,1.5274259332080544,0.02083861
302599.91065673274,4123983.7856795667,1.5275196460740907,0.02021459
302599.9128288626,4123983.835632363,1.5276020531291135,0.01958965
302599.9149957934,4123983.885585385,1.5276745097735598,0.01896412
302599.9171581521,4123983.935538605,1.5277382114671205,0.01833837
302599.9193164904,4123983.985491999,1.5277942114352656,0.01771272
302599.9214712941,4123984.0354455453,1.527843437938611,0.01708753
302599.9236229901,4123984.0853992263,1.5278867068262674,0.01646315
302599.9257719544,4123984.135353024,1.527924737066643,0.01583993
302599.92791851755,4123984.185306926,1.5279581608540886,0.01521825
302599.9300629701,4123984.235260918,1.5279875354806267,0.01459853
302599.93220556754,4123984.2852149894,1.5280133509183509,0.01398118
302599.9343465346,4123984.335169131,1.5280360371946458,0.01336668
302599.936486069,4123984.385123334,1.528055973606578,0.01275554
302599.9386243444,4123984.435077591,1.5280734928626034,0.01214832
302599.94076151325,4123984.485031895,1.5280888872563176,0.01154563
302599.94289770955,4123984.534986241,1.5281024132438663,0.01094816
302599.94503305136,4123984.584940623,1.528114298168238,0.01035666
302599.94716764236,4123984.6348950374,1.5281247418290484,0.00977214
302599.94930157374,4123984.68484948,1.528133919526089,0.00919540
302599.95143492543,4123984.7348039476,1.5281419842593507,0.00862748
302599.95356776787,4123984.7847584365,1.5281490714906998,0.00806951
302599.95570016274,4123984.834712945,1.5281553000394685,0.00752277
302599.95783216413,4123984.8846674697,1.5281607736741936,0.00698864
302599.9599638198,4123984.9346220098,1.528165583989666,0.00646862
302599.9620951718,4123984.9845765624,1.5281698117416451,0.00596435
302599.9642262569,4123985.0345311263,1.5281735295496395,0.00547758
302599.96635710733,4123985.084485701,1.5281767991645259,0.00501017
302599.9684877515,4123985.1344402838,1.5281796744309544,0.00456403
302599.9706182144,4123985.184394874,1.5281822050414446,0.00414111
302599.97274851805,4123985.2343494715,1.5281844330375236,0.00374328
302599.97487868124,4123985.284304075,1.5281863952164398,0.00337225
302599.9770087209,4123985.334258684,1.5281881251701472,0.00302942
302599.9791386521,4123985.384213297,1.528189653382099,0.00271558
302599.98126848746,4123985.4341679146,1.5281910041382676,0.00243065
302599.9833982386,4123985.4841225357,1.5281922009727809,0.00217382
302599.9855279152,4123985.5340771596,1.52819326347975,0.00194378
302599.9876575258,4123985.584031787,1.5281942100969648,0.00173897
302599.98978707794,4123985.6339864163,1.5281950564822742,0.00155772
302599.99191657826,4123985.683941048,1.528195816748141,0.00139832
302599.9940460325,4123985.733895682,1.528196504713869,0.00125909
302599.99617544544,4123985.783850317,1.528197131386607,0.00113846
302599.99830482114,4123985.833804954,1.5281977068894872,0.00103499
302600.0004341632,4123985.8837595927,1.5281982408645516,0.00094736
302600.00256347476,4123985.9337142324,1.5281987439593712,0.00087442
302600.0046927581,4123985.983668873,1.5281992241496514,0.00081516
302600.00682201533,4123986.033623515,1.5281996897846897,0.00076873
302600.00895124796,4123986.083578158,1.5282001481376644,0.00073443
302600.0110804572,4123986.1335328026,1.5282006073771148,0.00071172
302600.0132096435,4123986.1834874474,1.5282010751338024,0.00070017
302600.0153388072,4123986.2334420937,1.5282015596694993,0.00069949
302600.0174679483,4123986.2833967404,1.5282020703121837,0.00070952
302600.01959706657,4123986.3333513886,1.5282026149665147,0.00073016
302600.02172616107,4123986.3833060376,1.528203203901914,0.00076144
302600.0238552304,4123986.4332606876,1.5282038454367461,0.00080338
302600.0259842729,4123986.483215339,1.5282045507450701,0.00085607
302600.0281132861,4123986.5331699913,1.5282053315103559,0.00091952
302600.0302422679,4123986.583124645,1.5282062016463893,0.00099365
302600.0323712147,4123986.6330793006,1.528207174445212,0.00107819
302600.0345001231,4123986.683033957,1.5282082675222612,0.00117263
302600.0366289886,4123986.732988616,1.5282094995026758,0.00127635
302600.0387578058,4123986.782943277,1.5282108904734102,0.00138867
302600.04088656907,4123986.83289794,1.5282124643513024,0.00150887
302600.04301527154,4123986.8828526055,1.5282142473792277,0.00163624
302600.0451439054,4123986.9328072746,1.5282162696681807,0.00177009
302600.0472724613,4123986.9827619465,1.528218564033766,0.00190977
302600.049400929,4123987.032716622,1.5282211699107857,0.00205468
302600.05152929673,4123987.082671302,1.528224130445222,0.00220424
302600.0536575511,4123987.132625987,1.5282274963415308,0.00235795
302600.0557856767,4123987.1825806773,1.528231323543828,0.00251534
302600.05791365594,4123987.2325353734,1.528235676213789,0.00267597
302600.0600414687,4123987.2824900774,1.5282406262117285,0.00283947
302600.0621690923,4123987.332444789,1.528246256987798,0.00300548
302600.06429650064,4123987.3823995097,1.5282526626617925,0.00317370
302600.0664236642,4123987.432354241,1.5282599500365945,0.00334385
302600.0685505494,4123987.4823089843,1.52826824055162,0.00351566
302600.0706771179,4123987.532263741,1.5282776725102565,0.00368891
302600.0728033261,4123987.5822185124,1.528288403988913,0.00386340
302600.0749291243,4123987.632173302,1.5283006139417394,0.00403893
302600.0770544561,4123987.6821281114,1.5283145050581077,0.00421534
302600.0791792573,4123987.732082943,1.528330308546101,0.00439246
302600.081303455,4123987.7820378006,1.5283482868688878,0.00457015
302600.0834269657,4123987.831992687,1.5283687370593866,0.00474827
302600.0855496947,4123987.8819476073,1.5283919961811088,0.00492670
302600.08767153474,4123987.9319025646,1.5284184486102514,0.00510530
302600.0897923635,4123987.981857565,1.5284485299194819,0.00528394
302600.09191204206,4123988.0318126148,1.5284827339390197,0.00546252
302600.0940304123,4123988.0817677197,1.5285216198809741,0.00564090
302600.09614729485,4123988.1317228875,1.5285658211645627,0.00581896
302600.09826248576,4123988.1816781275,1.5286160538136935,0.00599657
302600.10037575325,4123988.2316334485,1.5286731274905179,0.00617358
302600.1024868342,4123988.2815888617,1.5287379552480458,0.00634985
302600.10459543014,4123988.33154438,1.528811566766614,0.00652522
302600.10670120234,4123988.381500018,1.5288951211681756,0.00669951
302600.10880376695,4123988.4314557905,1.528989920992989,0.00687253
302600.11090268876,4123988.4814117164,1.5290974232834444,0.00704406
302600.1129974752,4123988.5313678156,1.5292192563458007,0.00721387
302600.115087569,4123988.5813241117,1.5293572340699477,0.00738171
302600.1171723402,4123988.63128063,1.5295133665166807,0.00754727
302600.11925107776,4123988.6812373996,1.5296898695096488,0.00771022
302600.1213229804,4123988.7311944533,1.5298891733677256,0.00787021
302600.1233871465,4123988.781151827,1.5301139183327757,0.00802682
302600.12544256327,4123988.8311095615,1.5303669430044864,0.00817959
302600.127488096,4123988.8810677016,1.5306512594509654,0.00832802
302600.12952247733,4123988.931026297,1.5311527026295506,0.00847153
302600.131544296,4123988.9809854026,1.5315386160489903,0.00860948
302600.133551988,4123989.0309450775,1.5319588641936814,0.00874119
302600.1355438286,4123989.0809053867,1.5324233217747751,0.00886588
302600.13751792826,4123989.1308664,1.5329341648725583,0.00898271
302600.1394722334,4123989.180828191,1.533492052039602,0.00909075
302600.14140453585,4123989.2307908377,1.5340958296178533,0.00918904
302600.14331249264,4123989.28075442,1.5347416843943587,0.00927651
302600.14519366383,4123989.3307190174,1.535421962326848,0.00935209
302600.1470455726,4123989.3806847073,1.5361251502908189,0.00941468
302600.1488657978,4123989.4306515614,1.536837451897242,0.00946319
302600.1506521117,4123989.480619639,1.5375442242931616,0.00949664
302600.15240267967,4123989.5305889817,1.5382313380759107,0.00951421
302600.15411634324,4123989.580559603,1.5388865966151035,0.00951538
302600.1557930172,4123989.630531479,1.539501374748376,0.00950012
302600.1574337369,4123989.6805045493,1.5400710553383583,0.00946888
302600.1590402535,4123989.730478731,1.5405938950936353,0.00942246
302600.1606147429,4123989.7804539325,1.5410701187236586,0.00936181
302600.16215959913,4123989.8304300588,1.5415012532500068,0.00928800
302600.1636772907,4123989.880407018,1.5418896475649262,0.00920212
302600.1651702629,4123989.930384722,1.5422381282046846,0.00910528
302600.16664087307,4123989.9803630896,1.5425497555236891,0.00899851
302600.1680913504,4123990.0303420452,1.5428276553832527,0.00888282
302600.16952377313,4123990.080321522,1.5430749046268568,0.00875912
302600.17094005743,4123990.1303014588,1.5432944567234403,0.00862827
302600.172341955,4123990.180281801,1.5434890953860816,0.00849106
302600.17373105645,4123990.230262501,1.5436614092679146,0.00834819
302600.175108798,4123990.2802435155,1.543813780093662,0.00820030
302600.1764764709,4123990.330224807,1.5439483815146986,0.00804799
302600.17783523153,4123990.380206341,1.5440671851336594,0.00789175
302600.1791861126,4123990.4301880887,1.544171969243674,0.00773207
302600.18053003383,4123990.480170024,1.5442643312163153,0.00756936
302600.1818678127,4123990.5301521244,1.5443457001643615,0.00740399
302600.1832001746,4123990.580134369,1.5444173522494358,0.00723629
302600.1845277622,4123990.630116741,1.5444804233076057,0.00706655
302600.1858511439,4123990.6800992247,1.544535922428095,0.00689505
302600.18717082223,4123990.730081806,1.544584744744575,0.00672202
302600.18848724075,4123990.7800644734,1.5446276832858763,0.00654768
302600.18980079103,4123990.8300472163,1.5446654394413204,0.00637221
302600.1911118182,4123990.8800300253,1.5446986327055439,0.00619579
302600.19242062647,4123990.9300128925,1.5447278102932551,0.00601858
302600.19372748374,4123990.979995811,1.5447534540776942,0.00584074
302600.1950326258,4123991.029978774,1.5447759896359745,0.00566238
302600.19633626007,4123991.0799617767,1.5447957910776027,0.00548364
302600.19763856917,4123991.1299448134,1.5448131885949279,0.00530465
302600.19893971377,4123991.179927881,1.5448284730710256,0.00512551
302600.20023983513,4123991.229910975,1.5448419005865646,0.00494635
302600.20153905766,4123991.279894092,1.5448536958158958,0.00476727
302600.2028374904,4123991.3298772303,1.5448640567268976,0.00458839
302600.2041352294,4123991.3798603863,1.5448731579553803,0.00440984
302600.20543235895,4123991.4298435575,1.544881152256637,0.00423172
302600.2067289531,4123991.4798267432,1.5448881732656747,0.00405418
302600.2080250769,4123991.529809941,1.544894339111569,0.00387735
302600.2093207878,4123991.5797931496,1.5448997545418102,0.00370137
302600.21061613597,4123991.6297763675,1.5449045101072907,0.00352642
302600.2119111654,4123991.6797595937,1.5449086856291838,0.00335268
302600.21320591494,4123991.7297428274,1.544912351839731,0.00318032
302600.21450041886,4123991.779726067,1.5449155714238105,0.00300958
302600.215794707,4123991.8297093124,1.544918398448448,0.00284069
302600.2170888057,4123991.879692563,1.5449208809455772,0.00267391
302600.21838273806,4123991.929675817,1.5449230610095466,0.00250954
302600.2196765244,4123991.9796590754,1.5449249749416132,0.00234790
302600.2209701825,4123992.0296423375,1.544926655773516,0.00218934
302600.2222637279,4123992.079625602,1.5449281321354615,0.00203426
302600.22355717444,4123992.129608869,1.5449294287840238,0.00188308
302600.22485053405,4123992.1795921386,1.5449305667494102,0.00173626
302600.2261438174,4123992.22957541,1.5449315656555158,0.00159430
302600.22743703396,4123992.279558683,1.5449324431815765,0.00145773
302600.22873019165,4123992.3295419575,1.544933212957397,0.00132709
302600.23002329754,4123992.3795252335,1.544933888124467,0.00120293
302600.231316358,4123992.4295085105,1.5449344805798793,0.00108580
302600.2326093789,4123992.479491789,1.5449350010529321,0.00097619
302600.23390236485,4123992.5294750677,1.544935458187645,0.00087451
302600.23519532016,4123992.579458348,1.5449358591958076,0.00078103
302600.2364882487,4123992.629441628,1.5449362118847736,0.00069576
302600.2377811536,4123992.6794249094,1.5449365212133472,0.00061847
302600.2390740377,4123992.729408191,1.5449367917056371,0.00054878
302600.2403669036,4123992.7793914736,1.5449370292237348,0.00048620
302600.2416597535,4123992.829374756,1.5449372378222535,0.00043020
302600.2429525894,4123992.8793580392,1.5449374202836,0.00038023
302600.24424541293,4123992.9293413223,1.544937579695097,0.00033576
302600.24553822575,4123992.979324606,1.5449377195278375,0.00029625
302600.24683102936,4123993.0293078898,1.544937843011588,0.00026121
302600.24812382454,4123993.0792911737,1.5449379511592674,0.00023018
302600.2494166123,4123993.1292744577,1.5449380460102837,0.00020274
302600.25070939393,4123993.179257742,1.5449381302462841,0.00017850
302600.25200217,4123993.2292410266,1.5449382043317503,0.00015709
302600.2532949412,4123993.2792243115,1.5449382690269575,0.00013821
302600.25458770804,4123993.329207596,1.5449383259583975,0.00012156
302600.255880471,4123993.379190881,1.5449383756458062,0.00010690
302600.2571732306,4123993.4291741657,1.5449384188903457,0.00009398
302600.2584659871,4123993.479157451,1.5449384560243486,0.00008261
302600.25975874113,4123993.529140736,1.5449384888752982,0.00007261
302600.26105149306,4123993.579124021,1.54493851837963,0.00006381
302600.26234424295,4123993.6291073062,1.5449385436247272,0.00005607
302600.26363699115,4123993.6790905916,1.5449385655243981,0.00004926
302600.26492973784,4123993.729073877,1.5449385848995083,0.00004327
302600.2662224833,4123993.779057162,1.544938602490027,0.00003801
302600.26751522755,4123993.8290404473,1.5449386181105642,0.00003339
302600.2688079707,4123993.8790237326,1.5449386314214506,0.00002933
302600.27010071307,4123993.929007018,1.5449386433270162,0.00002576
302600.27139345475,4123993.9789903034,1.5449386536882144,0.00002262
302600.2726861957,4123994.028973589,1.5449386624980932,0.00001987
302600.2739789359,4123994.0789568746,1.5449386697563048,0.00001744
302600.2752716755,4123994.12894016,1.5449386758313572,0.00001532
302600.2765644147,4123994.1789234453,1.5449386813325894,0.00001345
302600.2778571535,4123994.2289067307,1.5449386865827424,0.00001181
302600.2791498921,4123994.278890016,1.5449386916360783,0.00001037
302600.2804426304,4123994.328873302,1.5449386963110487,0.00000910
302600.2817353685,4123994.378856587,1.5449387007828381,0.00000799
302600.28302810626,4123994.4288398726,1.5449387045074174,0.00000702
302600.2843208438,4123994.4788231584,1.5449387072733236,0.00000616
302600.2856135811,4123994.528806444,1.544938709438508,0.00000541
302600.28690631816,4123994.578789729,1.5449387110208683,0.00000475
302600.28819905507,4123994.628773015,1.5449387120212996,0.00000417
302600.2894917918,4123994.6787563004,1.5449387126241092,0.00000366
302600.2907845285,4123994.7287395857,1.5449387133913004,0.00000321
302600.2920772652,4123994.7787228716,1.5449387141667104,0.00000282
302600.29337000183,4123994.828706157,1.5449387147582687,0.00000247
302600.29466273845,4123994.8786894423,1.5449387155248973,0.00000217
302600.29595547507,4123994.928672728,1.5449387163002792,0.00000190
302600.29724821163,4123994.9786560135,1.5449387172603615,0.00000167
302600.2985409481,4123995.028639299,1.544938717676891,0.00000146
302600.2998336846,4123995.0786225847,1.5449387182505052,0.00000128
302600.301126421,4123995.12860587,1.5449387186477113,0.00000113
302600.3024191574,4123995.1785891554,1.5449387188518342,0.00000099
302600.3037118938,4123995.2285724413,1.544938719046303,0.00000087
302600.30500463006,4123995.2785557266,1.5449387190560264,0.00000076
302600.3062973664,4123995.328539012,1.544938719094638,0.00000067
302600.3075901027,4123995.378522298,1.5449387190584432,0.00000058
302600.30888283905,4123995.428505583,1.5449387190566335,0.00000051
302600.3101755754,4123995.4784888686,1.5449387189104056,0.00000045
302600.3114683117,4123995.5284721544,1.544938718864969,0.00000039
302600.312761048,4123995.57845544,1.544938718862697,0.00000034
302600.3140537843,4123995.6284387256,1.5449387188625836,0.00000030
302600.3153465206,4123995.678422011,1.5449387188625778,0.00000026
302600.31663925695,4123995.7284052963,1.5449387188625776,0.00000023
302600.31793199334,4123995.778388582,1.5449387190468402,0.00000020
302600.31922472967,4123995.8283718675,1.544938719240316,0.00000018
302600.32051746594,4123995.878355153,1.544938719065727,0.00000015
302600.32181020227,4123995.9283384387,1.5449387190569976,0.00000014
302600.3231029386,4123995.978321724,1.544938719056561,0.00000012
302600.3243956749,4123996.0283050095,1.5449387190946646,0.00000010
302600.32568841125,4123996.0782882953,1.5449387190584445,0.00000009
302600.3269811475,4123996.1282715807,1.5449387190566335,0.00000008
302600.32827388385,4123996.178254866,1.5449387190946682,0.00000007
302600.3295666202,4123996.228238152,1.5449387190584447,0.00000006
302600.3308593565,4123996.2782214372,1.5449387190566335,0.00000005
302600.33215209283,4123996.328204723,1.5449387192408055,0.00000005
302600.33344482916,4123996.3781880084,1.5449387192500141,0.00000004
302600.3347375654,4123996.428171294,1.544938719066212,0.00000003
302600.33603030175,4123996.4781545796,1.5449387192412845,0.00000003
302600.3373230381,4123996.528137865,1.5449387192500381,0.00000003
302600.3386157744,4123996.5781211504,1.5449387192504758,0.00000002
302600.3399085107,4123996.628104436,1.5449387190662351,0.00000002
302600.341201247,4123996.6780877216,1.5449387192412856,0.00000001
302600.34249398333,4123996.728071007,1.5449387192881634,0.00000001
302600.3437867196,4123996.778054293,1.5449387190681194,0.00000001
302600.34507945593,4123996.828037578,1.5449387190571173,0.00000001
302600.34637219226,4123996.8780208635,1.5449387190946924,0.00000000
302600.3476649286,4123996.9280041493,1.5449387190584458,0.00000001
302600.34895766486,4123996.9779874347,1.5449387190566335,0.00000000
302600.3502504012,4123997.0279707205,1.544938719056543,0.00000001
302600.3515431375,4123997.077954006,1.5449387190565385,0.00000001
302600.35283587384,4123997.1279372913,1.5449387190565382,0.00000000
302600.35412861017,4123997.177920577,1.5449387190565382,0.00000000
302600.3554213465,4123997.2279038625,1.5449387192408008,0.00000000
302600.35671408277,4123997.277887148,1.5449387190657513,0.00000000
302600.3580068191,4123997.3278704337,1.544938719056999,0.00000001
302600.3592995554,4123997.377853719,1.5449387188722987,0.00000000
302600.36059229175,4123997.4278370044,1.544938718901189,0.00000000
302600.3618850281,4123997.4778202903,1.544938718864508,0.00000000
302600.36317776435,4123997.5278035756,1.544938718862674,0.00000000
302600.3644705007,4123997.577786861,1.5449387189007076,0.00000000
302600.365763237,4123997.627770147,1.544938718864484,0.00000001
302600.3670559734,4123997.677753432,1.5449387190469355,0.00000000
302600.3683487097,4123997.727736718,1.544938719056058,0.00000000
302600.36964144604,4123997.7777200034,1.5449387192407769,0.00000001
302600.3709341823,4123997.8277032888,1.5449387190657502,0.00000000
302600.37222691864,4123997.8776865746,1.5449387190569988,0.00000001
302600.37351965497,4123997.92766986,1.5449387190565613,0.00000000
302600.3748123913,4123997.9776531453,1.5449387190946646,0.00000000
302600.3761051276,4123998.027636431,1.5449387190584445,0.00000001
302600.3773978639,4123998.0776197165,1.5449387190566335,0.00000000
302600.3786906002,4123998.127603002,1.5449387190946682,0.00000000
302600.37998333655,4123998.1775862877,1.5449387190584447,0.00000001
302600.3812760729,4123998.227569573,1.5449387190566335,0.00000000
302600.3825688092,4123998.277552859,1.5449387192408055,0.00000001
302600.38386154553,4123998.3275361443,1.5449387192500141,0.00000001
302600.3851542818,4123998.3775194297,1.5449387192504747,0.00000001
302600.3864470181,4123998.4275027155,1.5449387192504975,0.00000001
302600.38773975446,4123998.477486001,1.5449387192504989,0.00000000
302600.3890324908,4123998.527469286,1.5449387192504989,0.00000001
302600.39032522705,4123998.577452572,1.5449387190662363,0.00000000
302600.3916179634,4123998.6274358574,1.5449387192412858,0.00000000
302600.39291069965,4123998.677419143,1.5449387191039008,0.00000000
302600.394203436,4123998.7274024286,1.5449387190589063,0.00000001
302600.3954961723,4123998.777385714,1.5449387190566566,0.00000000
302600.39678890863,4123998.8273689994,1.5449387190946693,0.00000000
302600.39808164496,4123998.877352285,1.5449387190584447,0.00000001
302600.39937438123,4123998.9273355706,1.5449387190566335,0.00000001
302600.40066711756,4123998.9773188564,1.544938719056543,0.00000001
302600.4019598539,4123999.0273021418,1.5449387190565385,0.00000000
302600.4032525902,4123999.077285427,1.5449387190565382,0.00000000
302600.40454532654,4123999.127268713,1.5449387190565382,0.00000001
302600.40583806287,4123999.1772519983,1.5449387192408008,0.00000001
302600.40713079914,4123999.2272352837,1.5449387190657513,0.00000001
302600.40842353547,4123999.2772185695,1.5449387188727361,0.00000000
302600.4097162718,4123999.327201855,1.5449387188630854,0.00000000
302600.4110090081,4123999.3771851403,1.5449387189007282,0.00000000
302600.41230174445,4123999.427168426,1.5449387188644852,0.00000000
302600.4135944807,4123999.4771517115,1.5449387188626729,0.00000000
302600.41488721705,4123999.527134997,1.5449387189007076,0.00000000
302600.41617995343,4123999.5771182827,1.5449387190487467,0.00000000
302600.41747268976,4123999.627101568,1.5449387190561485,0.00000000
302600.4187654261,4123999.677084854,1.5449387190565187,0.00000000
302600.4200581624,4123999.7270681392,1.5449387190565371,0.00000000
302600.4213508987,4123999.7770514246,1.5449387190565382,0.00000001
302600.422643635,4123999.8270347104,1.5449387190565382,0.00000001
302600.42393637134,4123999.877017996,1.5449387190565382,0.00000000
302600.42522910767,4123999.927001281,1.5449387190565382,0.00000000
302600.426521844,4123999.976984567,1.5449387190565382,0.00000001
302600.4278145803,4124000.0269678524,1.5449387192408008,0.00000001
302600.4291073166,4124000.0769511377,1.5449387191038766,0.00000001
302600.4304000529,4124000.1269344236,1.544938719058905,0.00000000
302600.43169278925,4124000.176917709,1.5449387190566566,0.00000000
302600.4329855256,4124000.2269009943,1.5449387192789321,0.00000000
302600.4342782619,4124000.27688428,1.5449387192519204,0.00000001
302600.4355709982,4124000.3268675655,1.54493871925057,0.00000001
302600.4368637345,4124000.3768508513,1.5449387192505024,0.00000000
302600.43815647083,4124000.4268341367,1.544938719250499,0.00000001
302600.43944920716,4124000.476817422,1.5449387192504989,0.00000001
302600.4407419434,4124000.526800708,1.5449387190662363,0.00000000
302600.44203467976,4124000.5767839933,1.5449387192412858,0.00000000
302600.443327416,4124000.6267672786,1.5449387191039008,0.00000000
302600.44462015235,4124000.6767505645,1.5449387190589063,0.00000000
302600.4459128887,4124000.72673385,1.5449387190566566,0.00000000
302600.447205625,4124000.776717135,1.5449387190946693,0.00000000
302600.44849836134,4124000.826700421,1.5449387190584447,0.00000001
302600.4497910976,4124000.8766837064,1.5449387190566335,0.00000001
302600.45108383393,4124000.9266669923,1.544938719056543,0.00000001
302600.45237657026,4124000.9766502776,1.5449387190565385,0.00000000
302600.4536693066,4124001.026633563,1.5449387190565382,0.00000000
302600.4549620429,4124001.076616849,1.5449387190565382,0.00000001
302600.45625477924,4124001.126600134,1.5449387190565382,0.00000001
302600.4575475155,4124001.1765834196,1.544938718688013,0.00000001
302600.45884025184,4124001.2265667054,1.5449387188538493,0.00000000
302600.46013298817,4124001.2765499908,1.544938718862141,0.00000000
302600.4614257245,4124001.326533276,1.544938718900681,0.00000000
302600.4627184608,4124001.376516562,1.5449387188644828,0.00000000
302600.46401119715,4124001.4264998473,1.5449387190469355,0.00000000
302600.46530393354,4124001.4764831327,1.5449387192784458,0.00000000
302600.4665966698,4124001.5264664185,1.5449387190676336,0.00000000
302600.46788940614,4124001.576449704,1.544938719057093,0.00000000
302600.46918214246,4124001.6264329897,1.544938719056566,0.00000000
302600.4704748788,4124001.676416275,1.5449387190565396,0.00000001
302600.47176761506,4124001.7263995605,1.5449387190565382,0.00000001
302600.4730603514,4124001.7763828463,1.5449387190565382,0.00000001
302600.4743530877,4124001.8263661317,1.5449387190565382,0.00000000
302600.47564582404,4124001.876349417,1.5449387190565382,0.00000000
302600.4769385604,4124001.926332703,1.5449387190565382,0.00000001
302600.4782312967,4124001.976315988,1.5449387192408008,0.00000001
302600.47952403297,4124002.0262992736,1.5449387191038766,0.00000001
302600.4808167693,4124002.0762825594,1.544938719058905,0.00000000
302600.4821095056,4124002.126265845,1.5449387192409192,0.00000000
302600.48340224195,4124002.17624913,1.5449387192881452,0.00000000
302600.4846949783,4124002.226232416,1.5449387192523811,0.00000000
302600.48598771455,4124002.2762157014,1.544938719250593,0.00000000
302600.4872804509,4124002.326198987,1.5449387192505035,0.00000000
302600.4885731872,4124002.3761822726,1.544938719250499,0.00000001
302600.4898659235,4124002.426165558,1.5449387190662363,0.00000001
302600.4911586598,4124002.4761488438,1.5449387190570232,0.00000000
302600.49245139613,4124002.526132129,1.5449387190565624,0.00000000
302600.4937441324,4124002.5761154145,1.5449387190565393,0.00000001
302600.4950368687,4124002.6260987003,1.5449387190565382,0.00000001
302600.49632960506,4124002.6760819857,1.5449387190565382,0.00000000
302600.4976223414,4124002.726065271,1.5449387190946635,0.00000000
302600.4989150777,4124002.776048557,1.5449387190584445,0.00000001
302600.50020781404,4124002.8260318423,1.544938719240896,0.00000001
302600.5015005503,4124002.8760151276,1.5449387191038815,0.00000001
302600.50279328664,4124002.9259984135,1.5449387190589055,0.00000000
302600.50408602296,4124002.975981699,1.5449387190566566,0.00000000
302600.5053787593,4124003.0259649847,1.5449387190565442,0.00000000
302600.5066714956,4124003.07594827,1.5449387188722759,0.00000001
302600.5079642319,4124003.1259315554,1.5449387188630626,0.00000000
302600.5092569682,4124003.1759148412,1.5449387188626018,0.00000000
302600.51054970454,4124003.2258981266,1.5449387188625787,0.00000000
302600.5118424409,4124003.275881412,1.544938718900703,0.00000000
302600.5131351772,4124003.325864698,1.5449387188644839,0.00000000
302600.5144279136,4124003.375847983,1.544938719231198,0.00000000
302600.51572064986,4124003.4258312685,1.5449387191033965,0.00000000
302600.5170133862,4124003.4758145544,1.544938719058881,0.00000000
302600.5183061225,4124003.5257978397,1.5449387190566553,0.00000000
302600.51959885884,4124003.5757811256,1.544938719056544,0.00000000
302600.52089159517,4124003.625764411,1.5449387190565385,0.00000001
302600.52218433144,4124003.6757476963,1.5449387190565382,0.00000001
302600.52347706776,4124003.725730982,1.5449387190565382,0.00000001
302600.5247698041,4124003.7757142675,1.5449387190565382,0.00000000
302600.5260625404,4124003.825697553,1.5449387190565382,0.00000000
302600.52735527675,4124003.8756808387,1.5449387190565382,0.00000001
302600.5286480131,4124003.925664124,1.5449387192408008,0.00000001
302600.52994074934,4124003.9756474094,1.5449387191038766,0.00000001
302600.5312334857,4124004.0256306953,1.5449387192431678,0.00000000
302600.532526222,4124004.0756139806,1.5449387192501323,0.00000000
302600.5338189583,4124004.125597266,1.5449387192886057,0.00000001
302600.53511169465,4124004.175580552,1.5449387192524042,0.00000000
302600.5364044309,4124004.225563837,1.5449387192505941,0.00000000
302600.53769716725,4124004.275547123,1.5449387192505035,0.00000000
302600.5389899035,4124004.3255304084,1.5449387190662365,0.00000000
302600.54028263985,4124004.375513694,1.5449387190570232,0.00000000
302600.5415753762,4124004.4254969796,1.5449387190565624,0.00000000
302600.5428681125,4124004.475480265,1.5449387190565393,0.00000000
302600.5441608488,4124004.5254635504,1.5449387190565382,0.00000001
302600.5454535851,4124004.575446836,1.5449387190565382,0.00000000
302600.54674632143,4124004.6254301216,1.5449387190565382,0.00000001
302600.54803905776,4124004.675413407,1.5449387190946635,0.00000000
302600.5493317941,4124004.7253966928,1.5449387190584445,0.00000001
302600.5506245304,4124004.775379978,1.544938719240896,0.00000001
302600.5519172667,4124004.8253632635,1.5449387191038815,0.00000001
302600.553210003,4124004.8753465493,1.5449387190589055,0.00000000
302600.55450273934,4124004.9253298347,1.544938718872394,0.00000000
302600.55579547567,4124004.9753131205,1.5449387188630683,0.00000000
302600.557088212,4124005.025296406,1.544938718862602,0.00000000
302600.55838094826,4124005.0752796913,1.5449387188625787,0.00000001
302600.5596736846,4124005.125262977,1.5449387188625776,0.00000000
302600.5609664209,4124005.1752462625,1.5449387188625776,0.00000000
302600.5622591573,4124005.225229548,1.5449387190468402,0.00000001
302600.56355189363,4124005.2752128337,1.5449387190560533,0.00000001
302600.56484462996,4124005.325196119,1.544938719056514,0.00000001
302600.56613736623,4124005.3751794044,1.5449387190946622,0.00000001
302600.56743010256,4124005.42516269,1.5449387190584445,0.00000000
302600.5687228389,4124005.4751459756,1.5449387190566335,0.00000001
302600.5700155752,4124005.525129261,1.5449387190946682,0.00000001
302600.57130831154,4124005.575112547,1.5449387190584447,0.00000002
302600.57260104787,4124005.625095832,1.544938719240896,0.00000002
302600.57389378414,4124005.675079118,1.5449387190657562,0.00000002
302600.57518652047,4124005.7250624034,1.5449387190569992,0.00000002
302600.5764792568,4124005.7750456887,1.5449387190565613,0.00000003
302600.5777719931,4124005.8250289746,1.544938719240802,0.00000003
302600.57906472945,4124005.87501226,1.544938719250014,0.00000003
302600.5803574657,4124005.9249955453,1.5449387191043373,0.00000004
302600.58165020205,4124005.974978831,1.5449387192431907,0.00000005
302600.5829429384,4124006.0249621165,1.5449387192501334,0.00000005
302600.5842356747,4124006.074945402,1.544938719288606,0.00000006
302600.585528411,4124006.1249286877,1.5449387190681416,0.00000007
302600.5868211473,4124006.174911973,1.544938719241381,0.00000008
302600.5881138836,4124006.224895259,1.544938719250043,0.00000010
302600.5894066199,4124006.2748785443,1.5449387190662134,0.00000011
302600.5906993562,4124006.3248618296,1.544938719057022,0.00000013
302600.59199209255,4124006.3748451155,1.5449387190565624,0.00000015
302600.5932848289,4124006.424828401,1.5449387190565393,0.00000017
302600.59457756515,4124006.474811686,1.5449387190565382,0.00000019
302600.5958703015,4124006.524794972,1.5449387190565382,0.00000022
302600.5971630378,4124006.5747782574,1.5449387190565382,0.00000026
302600.59845577413,4124006.624761543,1.5449387190946635,0.00000029
302600.59974851046,4124006.6747448286,1.5449387190584445,0.00000034
302600.6010412468,4124006.724728114,1.544938719240896,0.00000039
302600.60233398306,4124006.7747113993,1.5449387191038815,0.00000044
302600.6036267194,4124006.824694685,1.5449387188746428,0.00000051
302600.6049194557,4124006.8746779705,1.544938718863181,0.00000058
302600.60621219204,4124006.9246612564,1.5449387184940826,0.00000067
302600.60750492837,4124006.9746445417,1.5449387181071021,0.00000076
302600.60879766464,4124007.024627827,1.5449387175349651,0.00000087
302600.61009040097,4124007.074611113,1.5449387169535704,0.00000100
302600.61138313735,4124007.1245943983,1.544938716371713,0.00000114
302600.6126758737,4124007.1745776837,1.5449387154213068,0.00000130
302600.6139686101,4124007.2245609695,1.5449387146367357,0.00000149
302600.61526134657,4124007.274544255,1.5449387138604567,0.00000170
302600.616554083,4124007.3245275402,1.544938712716067,0.00000195
302600.6178468195,4124007.374510826,1.544938711921797,0.00000222
302600.6191395561,4124007.4244941114,1.5449387113292954,0.00000254
302600.6204322927,4124007.474477397,1.5449387101940948,0.00000290
302600.62172502937,4124007.5244606826,1.544938708847496,0.00000331
302600.62301776605,4124007.574443968,1.5449387065690143,0.00000378
302600.62431050284,4124007.6244272534,1.5449387036911508,0.00000431
302600.6256032396,4124007.674410539,1.5449386998620047,0.00000492
302600.6268959763,4124007.7243938246,1.5449386952482438,0.00000561
302600.6281887133,4124007.77437711,1.5449386904109899,0.00000640
302600.62948145036,4124007.824360396,1.5449386851559106,0.00000731
302600.63077418774,4124007.874343681,1.5449386801404532,0.00000833
302600.6320669254,4124007.9243269665,1.5449386743618012,0.00000950
302600.6333596633,4124007.9743102523,1.5449386668485001,0.00001083
302600.63465240144,4124008.0242935377,1.5449386578124908,0.00001235
302600.63594513986,4124008.074276823,1.5449386472262452,0.00001408
302600.6372378785,4124008.1242601085,1.5449386350883865,0.00001605
302600.6385306174,4124008.1742433943,1.5449386208079328,0.00001830
302600.6398233568,4124008.2242266797,1.5449386048001108,0.00002085
302600.641116097,4124008.274209965,1.544938587416082,0.00002376
302600.64240883786,4124008.3241932504,1.5449385670150404,0.00002708
302600.6437015795,4124008.3741765358,1.5449385440296086,0.00003086
302600.6449943218,4124008.424159821,1.5449385168993048,0.00003516
302600.646287065,4124008.4741431065,1.544938485838379,0.00004006
302600.64757980924,4124008.524126392,1.5449384500124814,0.00004564
302600.64887255465,4124008.574109677,1.544938408013805,0.00005199
302600.6501653017,4124008.6240929626,1.5449383609156613,0.00005923
302600.65145805024,4124008.6740762475,1.544938306007776,0.00006747
302600.6527508008,4124008.724059533,1.5449382433388978,0.00007685
302600.65404355334,4124008.7740428178,1.5449381714373636,0.00008753
302600.6553363084,4124008.824026103,1.54493808927015,0.00009969
302600.6566290665,4124008.874009388,1.5449379953877584,0.00011353
302600.65792182775,4124008.923992673,1.5449378874303084,0.00012929
302600.6592145929,4124008.9739759574,1.5449377644347468,0.00014723
302600.66050736234,4124009.0239592423,1.5449376236588634,0.00016764
302600.6618001366,4124009.0739425267,1.5449374624621244,0.00019088
302600.6630929165,4124009.123925811,1.5449372785013515,0.00021733
302600.6643857029,4124009.1739090956,1.5449370690415818,0.00024741
302600.66567849676,4124009.2238923796,1.5449368301146789,0.00028165
302600.66697129904,4124009.2738756635,1.544936557061805,0.00032059
302600.668264111,4124009.323858947,1.544936245450106,0.00036488
302600.6695569339,4124009.37384223,1.5449358891615366,0.00041524
302600.6708497693,4124009.423825513,1.5449354815490057,0.00047249
302600.672142619,4124009.4738087957,1.5449350153163084,0.00053756
302600.67343548493,4124009.523792078,1.5449344821753412,0.00061148
302600.67472836963,4124009.5737753594,1.5449338737884069,0.00069544
302600.67602127563,4124009.6237586406,1.5449331797884394,0.00079075
302600.67731420614,4124009.6737419213,1.544932388525062,0.00089889
302600.6786071646,4124009.723725201,1.5449314862251147,0.00102151
302600.679900155,4124009.77370848,1.5449304576050598,0.00116044
302600.6811931819,4124009.823691758,1.54492928472616,0.00131775
302600.68248625024,4124009.873675035,1.5449279468292576,0.00149566
302600.68377936573,4124009.923658311,1.5449264210571267,0.00169664
302600.68507253507,4124009.973641585,1.5449246821666502,0.00192339
302600.68636576587,4124010.023624858,1.5449226998901548,0.00217877
302600.68765906675,4124010.073608129,1.544920440506454,0.00246583
302600.6889524477,4124010.1235913974,1.544917866766824,0.00278777
302600.69024591986,4124010.173574664,1.5449149340915591,0.00314780
302600.6915394959,4124010.223557928,1.5449115926039874,0.00354907
302600.6928331901,4124010.273541189,1.5449077842709353,0.00399446
302600.6941270192,4124010.3235244458,1.5449034459369129,0.00448634
302600.69542100205,4124010.373507699,1.544898503941355,0.00502620
302600.6967151598,4124010.423490948,1.5448928734875553,0.00561409
302600.69800951716,4124010.4734741915,1.5448864594561056,0.00624863
302600.69930410176,4124010.5234574294,1.544879152906381,0.00692747
302600.70059894543,4124010.5734406603,1.5448708305712775,0.00764776
302600.701894084,4124010.6234238837,1.544861350778195,0.00840633
302600.70318955847,4124010.6734070983,1.5448505531685983,0.00919993
302600.70448541566,4124010.723390303,1.5448382549674453,0.01002536
302600.70578170894,4124010.7733734963,1.5448242488393664,0.01087952
302600.70707849885,4124010.823356677,1.5448082988352954,0.01175949
302600.7083758544,4124010.8733398425,1.5447901348916968,0.01266254
302600.70967385423,4124010.923322992,1.5447694495618225,0.01358616
302600.7109725877,4124010.973306122,1.5447458935448766,0.01452803
302600.7122721568,4124011.02328923,1.5447190703032603,0.01548605
302600.71357267746,4124011.073272314,1.5446885269793456,0.01645830
302600.71487428143,4124011.1232553693,1.5446537474313,0.01744307
302600.7161771193,4124011.1732383925,1.5446141467093728,0.01843878
302600.7174813624,4124011.2232213793,1.544569058849155,0.01944402
302600.7187872056,4124011.273204324,1.544517724100438,0.02045752
302600.7200948705,4124011.3231872213,1.54445927925066,0.02147811
302600.72140460974,4124011.373170064,1.544392742448237,0.02250474
302600.7227167109,4124011.423152845,1.54431699683935,0.02353645
302600.724031501,4124011.473135555,1.544230772595066,0.02457234
302600.7253493524,4124011.523118185,1.5441326256169554,0.02561160
302600.7266706893,4124011.5731007224,1.5440209162415743,0.02665346
302600.7279959938,4124011.623083155,1.5438937795095709,0.02769719
302600.7293258149,4124011.6730654677,1.543749098133112,0.02874209
302600.7306607771,4124011.723047643,1.5435844694108674,0.02978749
302600.7320015907,4124011.7730296617,1.5433971663119386,0.03083270
302600.73334906396,4124011.8230115017,1.5431840957286773,0.03187706
302600.7347041157,4124011.8729931363,1.5429417530065055,0.03291989
302600.73606779095,4124011.9229745367,1.5426661706750653,0.03396047
302600.7374412775,4124011.9729556683,1.5423528603746692,0.03499807
302600.73882592487,4124012.0229364918,1.5419967504734868,0.03603188
302600.74022326624,4124012.0729169617,1.5415921178015777,0.03706107
302600.741635043,4124012.122897026,1.5411325172302177,0.03808471
302600.7430632314,4124012.172876624,1.5406107001132778,0.03910178
302600.7445100733,4124012.2228556853,1.5400185340437444,0.04011120
302600.74597811035,4124012.272834128,1.539346921995269,0.04111172
302600.74747022195,4124012.3228118573,1.538585719531358,0.04210197
302600.7489896672,4124012.3727887627,1.537723659637626,0.04308045
302600.75054013106,4124012.422764715,1.536748289340009,0.04404544
302600.75212577527,4124012.4727395624,1.5356459305835963,0.04499504
302600.7537512931,4124012.5227131275,1.5344016723055736,0.04592713
302600.75542196806,4124012.5726852026,1.532999415542571,0.04683933
302600.7571437359,4124012.6226555416,1.5314219957753803,0.04772896
302600.75892324944,4124012.6726238555,1.5306098081331663,0.04859306
302600.760767943,4124012.722589803,1.5287869973892074,0.04942832
302600.76268609456,4124012.772552981,1.5267028221071965,0.05023105
302600.764686882,4124012.822512914,1.5243773553276863,0.05099717
302600.7667804267,4124012.872469041,1.5217956629413751,0.05172221
302600.76897781773,4124012.922420702,1.52043762426174,0.05240126
302600.7712911031,4124012.972367123,1.517517522972566,0.05302897
302600.7737332347,4124013.0223074006,1.5142494241014948,0.05359963
302600.7763179434,4124013.072240492,1.510697535149658,0.05410716
302600.7790595167,4124013.122165205,1.506882349599464,0.05454524
302600.7819724379,4124013.1720802006,1.502842151168302,0.05490746
302600.78507083456,4124013.2219840144,1.5006897767381822,0.05518757
302600.78836766334,4124013.2718750993,1.4965139788066697,0.05537982
302600.7918735374,4124013.3217519214,1.492231859249688,0.05547950
302600.7955950682,4124013.371613112,1.4880477541742096,0.05548365
302600.7995325514,4124013.421457718,1.4840559140368739,0.05539213
302600.80367969134,4124013.4712853287,1.4803111113759175,0.05520766
302600.8080260173,4124013.521095972,1.4768421244850873,0.05493487
302600.8125586105,4124013.570890025,1.4736597275468888,0.05457945
302600.8172633226,4124013.620668122,1.4707624559569243,0.05414762
302600.8221256177,4124013.670431086,1.4692940430784438,0.05364580
302600.8271311427,4124013.7201798568,1.4668727560917199,0.05308033
302600.8322660977,4124013.7699154434,1.464643283073136,0.05245732
302600.8375174643,4124013.819638881,1.462645098895772,0.05178253
302600.8428731335,4124013.869351198,1.4608617779134299,0.05106131
302600.8483219619,4124013.9190533953,1.459274221506842,0.05029863
302600.8538537797,4124013.9687464284,1.457863829419513,0.04949899
302600.8594593674,4124014.018431197,1.4566129771588125,0.04866650
302600.8651304106,4124014.0681085396,1.455505214801899,0.04780488
302600.8708594436,4124014.1177792302,1.4545253640010427,0.04691746
302600.8766397865,4124014.167443977,1.4536595436769728,0.04600724
302600.8824654799,4124014.2171034263,1.4528951514809243,0.04507690
302600.8883312198,4124014.2667581616,1.4522208072405305,0.04412886
302600.89423229505,4124014.3164087115,1.4516262772715929,0.04316526
302600.90016452793,4124014.366055548,1.4511023973745265,0.04218801
302600.9061242195,4124014.415699097,1.4506409818522157,0.04119884
302600.91210809804,4124014.4653397365,1.450234739610433,0.04019927
302600.91811327334,4124014.5149778044,1.4498771942796074,0.03919069
302600.92413719394,4124014.564613601,1.4495625989741823,0.03817434
302600.930177609,4124014.6142473933,1.4492858649981337,0.03715132
302600.9362325344,4124014.6638794173,1.4490424864595621,0.03612266
302600.94230022153,4124014.7135098833,1.4488284788230905,0.03508929
302600.94837913074,4124014.763138976,1.4486403275336968,0.03405206
302600.9544679065,4124014.8127668593,1.448474933335314,0.03301176
302600.9605653558,4124014.8623936777,1.4483295584810874,0.03196915
302600.96667042864,4124014.9120195587,1.4482017922377528,0.03092493
302600.97278220206,4124014.961644615,1.448089512934634,0.02987979
302600.9788998638,4124015.011268946,1.4479908504062233,0.02883440
302600.9850226999,4124015.0608926388,1.4479041599445983,0.02778944
302600.9911500825,4124015.11051577,1.447827990842029,0.02674558
302600.9972814598,4124015.160138408,1.4477610694498333,0.02570353
302601.00341634685,4124015.2097606123,1.4477022763844671,0.02466399
302601.00955431745,4124015.2593824356,1.4476506300046128,0.02362775
302601.01569499687,4124015.309003923,1.4476052598208897,0.02259562
302601.0218380557,4124015.3586251168,1.4475654013178416,0.02156848
302601.027983205,4124015.408246051,1.4475303890898237,0.02054729
302601.0341301906,4124015.457866758,1.447499634587019,0.01953309
302601.0402787893,4124015.5074872654,1.447472622233128,0.01852704
302601.0464288048,4124015.557107597,1.4474488988009444,0.01753041
302601.0525800646,4124015.6067277743,1.4474280613800914,0.01654459
302601.0587324173,4124015.6563478163,1.4474097573187104,0.01557115
302601.06488573,4124015.705967739,1.4473936820038493,0.01461179
302601.07103988586,4124015.7555875573,1.4473795639601856,0.01366841
302601.0771947822,4124015.8052072837,1.4473671657464615,0.01274311
302601.08335032896,4124015.8548269295,1.447356277959595,0.01183817
302601.08950644673,4124015.9044465045,1.4473467139961131,0.01095609
302601.0956630661,4124015.954066017,1.447338315269971,0.01009959
302601.101820126,4124016.003685475,1.4473309416198534,0.00927158
302601.10797757277,4124016.053304885,1.4473244669718701,0.00847513
302601.1141353591,4124016.102924253,1.4473187802164391,0.00771344
302601.12029344373,4124016.152543584,1.4473137880116935,0.00698975
302601.12645179033,4124016.2021628823,1.4473094033761698,0.00630724
302601.1326103667,4124016.251782152,1.4473055517309121,0.00566880
302601.13876914524,4124016.3014013967,1.4473021728322133,0.00507682
302601.14492810104,4124016.3510206193,1.4472992054991753,0.00453280
302601.15108721243,4124016.4006398227,1.4472966016896343,0.00403683
302601.1572464606,4124016.4502590094,1.4472943178405577,0.00358752
302601.16340582847,4124016.4998781807,1.4472923111693055,0.00318258
302601.1695653016,4124016.5494973394,1.4472905488175196,0.00281914
302601.1757248672,4124016.5991164865,1.4472890000541618,0.00249407
302601.18188451394,4124016.6487356233,1.4472876408435085,0.00220413
302601.1880442321,4124016.6983547513,1.447286451882231,0.00194615
302601.19420401275,4124016.747973872,1.4472854091609832,0.00171704
302601.200363848,4124016.7975929854,1.4472844944639598,0.00151392
302601.20652373135,4124016.847212093,1.4472836926163672,0.00133409
302601.2126836567,4124016.8968311953,1.4472829864004126,0.00117506
302601.21884361905,4124016.946450293,1.4472823678175712,0.00103457
302601.225003614,4124016.9960693866,1.447281826593987,0.00091056
302601.23116363725,4124017.045688477,1.4472813495944852,0.00080117
302601.2373236855,4124017.095307564,1.4472809290321706,0.00070475
302601.2434837558,4124017.1449266486,1.4472805612288773,0.00061979
302601.2496438455,4124017.1945457305,1.4472802410506318,0.00054497
302601.25580395194,4124017.24416481,1.4472799589192993,0.00047910
302601.2619640732,4124017.293783888,1.4472797138072135,0.00042114
302601.26812420745,4124017.3434029645,1.4472795007278882,0.00037014
302601.27428435284,4124017.39302204,1.447279313940662,0.00032528
302601.28044450807,4124017.4426411134,1.4472791504147018,0.00028583
302601.28660467186,4124017.4922601865,1.4472790067096426,0.00025114
302601.2927648432,4124017.541879258,1.4472788804546914,0.00022065
302601.29892502114,4124017.5914983293,1.447278768242484,0.00019385
302601.30508520495,4124017.6411173996,1.4472786699026507,0.00017029
302601.31124539394,4124017.6907364693,1.4472785843291534,0.00014958
302601.3174055874,4124017.740355538,1.4472785103617056,0.00013139
302601.3235657848,4124017.7899746066,1.447278444657199,0.00011541
302601.3297259856,4124017.839593675,1.44727838705221,0.00010136
302601.3358861895,4124017.889212743,1.4472783397298739,0.00008902
302601.34204639593,4124017.9388318104,1.447278297308018,0.00007818
302601.3482066044,4124017.9884508774,1.447278260066294,0.00006866
302601.35436681507,4124018.0380699444,1.4472782269286266,0.00006029
302601.3605270273,4124018.0876890114,1.4472781972924522,0.00005294
302601.3666872412,4124018.137308078,1.447278173860249,0.00004649
302601.37284745625,4124018.186927144,1.4472781507382442,0.00004082
302601.3790076725,4124018.2365462105,1.4472781303792799,0.00003584
302601.3851678899,4124018.2861652765,1.4472781145485463,0.00003146
302601.3913281081,4124018.3357843426,1.4472781005867728,0.00002762
302601.397488327,4124018.385403408,1.4472780867184476,0.00002425
302601.4036485466,4124018.4350224743,1.4472780723097654,0.00002129
302601.4098087669,4124018.48464154,1.4472780611628941,0.00001869
302601.4159689879,4124018.5342606055,1.4472780545691921,0.00001640
302601.4221292093,4124018.583879671,1.4472780493006687,0.00001440
302601.428289431,4124018.6334987367,1.4472780435496437,0.00001263
302601.4344496529,4124018.6831178023,1.4472780383232537,0.00001109
302601.44060987514,4124018.732736868,1.4472780325780659,0.00000973
302601.4467700976,4124018.7823559335,1.4472780279007278,0.00000854
302601.45293032035,4124018.8319749986,1.4472780243705716,0.00000749
302601.45909054327,4124018.881594064,1.4472780192589554,0.00000657
302601.4652507664,4124018.93121313,1.4472780151620557,0.00000576
302601.4714109898,4124018.980832195,1.4472780127621712,0.00000506
302601.4775712134,4124019.0304512605,1.4472780104508676,0.00000443
302601.483731437,4124019.0800703256,1.4472780103315723,0.00000389
302601.48989166075,4124019.129689391,1.4472780097768478,0.00000341
302601.49605188443,4124019.1793084564,1.447278008651592,0.00000299
302601.50221210823,4124019.2289275215,1.4472780085953292,0.00000262
302601.508372332,4124019.278546587,1.4472780069499667,0.00000230
302601.5145325558,4124019.328165652,1.4472780063152084,0.00000201
302601.52069277974,4124019.3777847174,1.4472780062834705,0.00000176
302601.52685300366,4124019.427403783,1.4472780051880942,0.00000155
302601.53301322757,4124019.477022848,1.4472780045808353,0.00000135
302601.53917345154,4124019.526641913,1.4472780040017126,0.00000119
302601.5453336756,4124019.576260979,1.4472780023302068,0.00000104
302601.5514938996,4124019.625880044,1.4472780022429015,0.00000091
302601.55765412375,4124019.675499109,1.447278003336056,0.00000080
302601.56381434784,4124019.7251181747,1.447278002845684,0.00000070
302601.5699745719,4124019.77473724,1.4472780028174352,0.00000061
302601.57613479596,4124019.824356305,1.4472780028160228,0.00000053
302601.58229502005,4124019.8739753705,1.4472780028196823,0.00000047
302601.58845524414,4124019.9235944357,1.447278003364895,0.00000041
302601.5946154682,4124019.973213501,1.4472780028433958,0.00000036
302601.60077569226,4124020.0228325664,1.447278002272291,0.00000031
302601.60693591635,4124020.0724516315,1.4472780027887655,0.00000027
302601.61309614044,4124020.1220706967,1.4472780028145893,0.00000024
302601.61925636453,4124020.1716897623,1.4472780028196106,0.00000021
302601.6254165886,4124020.2213088274,1.4472780033648915,0.00000018
302601.63157681265,4124020.2709278925,1.4472780033921555,0.00000016
302601.63773703674,4124020.320546958,1.447278002299729,0.00000014
302601.6438972608,4124020.3701660233,1.4472780027901375,0.00000012
302601.6500574849,4124020.4197850884,1.4472780039121778,0.00000011
302601.65621770895,4124020.469404154,1.4472780023257301,0.00000009
302601.662377933,4124020.519023219,1.4472780022426777,0.00000008
302601.66853815713,4124020.5686422843,1.4472780033360448,0.00000007
302601.6746983812,4124020.61826135,1.4472780028456833,0.00000006
302601.68085860525,4124020.667880415,1.4472780022724054,0.00000005
302601.68701882934,4124020.71749948,1.4472780027887713,0.00000004
302601.6931790534,4124020.7671185452,1.4472780033633494,0.00000004
302601.6993392775,4124020.816737611,1.4472780028470487,0.00000003
302601.70549950155,4124020.866356676,1.4472780028175034,0.00000003
302601.71165972564,4124020.915975741,1.4472780028160261,0.00000003
302601.7178199497,4124020.9655948067,1.4472780022709226,0.00000002
302601.7239801738,4124021.015213872,1.4472780027886971,0.00000002
302601.7301403979,4124021.064832937,1.447278002814586,0.00000001
302601.736300622,4124021.1144520026,1.4472780028196104,0.00000001
302601.7424608461,4124021.1640710677,1.4472780033648915,0.00000001
302601.7486210701,4124021.213690133,1.4472780028433956,0.00000000
302601.7547812942,4124021.2633091984,1.447278002272291,0.00000000
302601.7609415183,4124021.3129282636,1.4472780033375254,0.00000001
302601.7671017424,4124021.3625473287,1.4472780033907873,0.00000000
302601.7732619664,4124021.4121663943,1.4472780022996605,0.00000000
302601.7794221905,4124021.4617854594,1.447278002790134,0.00000000
302601.7855824146,4124021.5114045246,1.4472780033634176,0.00000000
302601.7917426387,4124021.56102359,1.447278002847052,0.00000000
302601.7979028627,4124021.6106426553,1.4472780028175036,0.00000000
302601.8040630868,4124021.6602617204,1.447278003364786,0.00000000
302601.8102233109,4124021.709880786,1.4472780028471204,0.00000000
302601.8163835349,4124021.759499851,1.447278002817507,0.00000000
302601.822543759,4124021.8091189163,1.4472780022672664,0.00000001
302601.8287039831,4124021.858737982,1.4472780022434846,0.00000000
302601.83486420725,4124021.908357047,1.4472780027910555,0.00000000
302601.8410244313,4124021.957976112,1.4472780028147039,0.00000000
302601.8471846554,4124022.0075951773,1.4472780033646462,0.00000000
302601.85334487946,4124022.057214243,1.4472780028471135,0.00000001
302601.8595051035,4124022.106833308,1.4472780028175067,0.00000000
302601.8656653276,4124022.156452373,1.4472780028160264,0.00000001
302601.8718255517,4124022.2060714387,1.4472780028196826,0.00000001
302601.87798577576,4124022.255690504,1.447278003364895,0.00000000
302601.8841459998,4124022.305309569,1.4472780022946359,0.00000000
302601.8903062239,4124022.3549286346,1.447278002244853,0.00000000
302601.89646644803,4124022.4045476997,1.4472780038849136,0.00000000
302601.90262667206,4124022.454166765,1.4472780028693968,0.00000000
302601.9087868961,4124022.5037858305,1.4472780017248312,0.00000000
302601.91494712024,4124022.5534048956,1.4472780033101524,0.00000000
302601.92110734433,4124022.6030239607,1.4472780039381785,0.00000000
302601.92726756836,4124022.6526430263,1.4472780023270302,0.00000000
302601.9334277924,4124022.7022620915,1.4472780022427425,0.00000000
302601.93958801654,4124022.7518811566,1.4472780027872882,0.00000000
302601.9457482406,4124022.801500222,1.4472780028182455,0.00000001
302601.9519084647,4124022.8511192873,1.4472780033648232,0.00000000
302601.95806868875,4124022.9007383524,1.4472780033921522,0.00000001
302601.96422891284,4124022.950357418,1.4472780028484888,0.00000001
302601.97038913687,4124022.999976483,1.4472780022725455,0.00000000
302601.97654936096,4124023.0495955483,1.4472780027887784,0.00000000
302601.98270958505,4124023.0992146134,1.4472780033633499,0.00000001
302601.98886980914,4124023.148833679,1.4472780028470487,0.00000000
302601.99503003317,4124023.198452744,1.4472780022687435,0.00000000
302602.00119025726,4124023.2480718093,1.447278002788588,0.00000001
302602.0073504814,4124023.297690875,1.4472780028183105,0.00000000
302602.01351070544,4124023.34730994,1.4472780028160666,0.00000000
302602.0196709295,4124023.396929005,1.4472780028159544,0.00000001
302602.0258311536,4124023.4465480708,1.4472780028196788,0.00000000
302602.0319913777,4124023.496167136,1.4472780033648949,0.00000000
302602.03815160174,4124023.545786201,1.4472780028433958,0.00000000
302602.0443118258,4124023.5954052666,1.447278002272291,0.00000000
302602.0504720499,4124023.6450243318,1.4472780027887655,0.00000000
302602.056632274,4124023.694643397,1.4472780028145893,0.00000000
302602.0627924981,4124023.7442624625,1.4472780022708507,0.00000001
302602.0689527222,4124023.7938815276,1.4472780033374535,0.00000000
302602.0751129463,4124023.8435005927,1.4472780039395436,0.00000000
302602.0812731703,4124023.8931196583,1.4472780028758583,0.00000001
302602.08743339434,4124023.9427387235,1.447278002818944,0.00000000
302602.0935936184,4124023.9923577886,1.4472780028160983,0.00000000
302602.0997538425,4124024.041976854,1.447278002819686,0.00000000
302602.1059140666,4124024.0915959193,1.4472780022711056,0.00000000
302602.11207429064,4124024.1412149845,1.4472780027887062,0.00000000
302602.1182345148,4124024.1908340496,1.4472780033633463,0.00000000
302602.1243947388,4124024.240453115,1.4472780022982885,0.00000000
302602.1305549629,4124024.2900721803,1.4472780027900654,0.00000000
302602.136715187,4124024.3396912455,1.4472780033634143,0.00000000
302602.1428754111,4124024.389310311,1.4472780028470518,0.00000000
302602.1490356351,4124024.438929376,1.4472780028175036,0.00000000
302602.1551958592,4124024.4885484413,1.4472780028160261,0.00000001
302602.1613560833,4124024.538167507,1.4472780022709226,0.00000001
302602.1675163074,4124024.587786572,1.4472780027886971,0.00000000
302602.17367653147,4124024.637405637,1.447278002814586,0.00000000
302602.17983675556,4124024.687024703,1.4472780028196104,0.00000000
302602.18599697965,4124024.736643768,1.4472780039136515,0.00000000
302602.1921572037,4124024.786262833,1.4472780028708336,0.00000000
302602.1983174277,4124024.8358818986,1.447278001724903,0.00000000
302602.20447765186,4124024.885500964,1.447278003310156,0.00000000
302602.21063787595,4124024.935120029,1.4472780033894188,0.00000000
302602.2167981,4124024.9847390945,1.4472780017508322,0.00000000
302602.22295832407,4124025.0343581596,1.4472780027626926,0.00000000
302602.2291185482,4124025.083977225,1.4472780039108055,0.00000000
302602.23527877225,4124025.1335962904,1.4472780028744214,0.00000001
302602.2414389963,4124025.1832153555,1.447278002818872,0.00000000
302602.24759922037,4124025.2328344206,1.4472780028160945,0.00000000
302602.25375944446,4124025.282453486,1.4472780028196859,0.00000001
302602.25991966855,4124025.3320725514,1.4472780028198655,0.00000000
302602.2660798926,4124025.3816916165,1.4472780028161443,0.00000000
302602.27224011667,4124025.4313106816,1.4472780022671983,0.00000001
302602.27840034076,4124025.480929747,1.4472780022434812,0.00000000
302602.2845605649,4124025.5305488124,1.447278003336085,0.00000000
302602.29072078894,4124025.5801678775,1.447278003390715,0.00000000
302602.296881013,4124025.629786943,1.447278002848417,0.00000000
302602.30304123706,4124025.679406008,1.4472780028175718,0.00000000
302602.30920146115,4124025.7290250733,1.4472780028160297,0.00000001
302602.31536168524,4124025.778644139,1.4472780028196826,0.00000000
302602.3215219093,4124025.828263204,1.447278003364895,0.00000000
302602.32768213336,4124025.877882269,1.4472780028433958,0.00000000
302602.33384235745,4124025.927501335,1.447278002272291,0.00000000
302602.34000258154,4124025.9771204,1.4472780027887655,0.00000000
302602.3461628056,4124026.026739465,1.4472780028145893,0.00000000
302602.3523230297,4124026.0763585307,1.4472780022708507,0.00000001
302602.3584832538,4124026.125977596,1.4472780033374535,0.00000000
302602.3646434779,4124026.175596661,1.4472780039395436,0.00000000
302602.3708037019,4124026.2252157265,1.4472780028758583,0.00000000
302602.37696392596,4124026.2748347917,1.447278002270184,0.00000000
302602.38312415004,4124026.324453857,1.4472780027886603,0.00000000
302602.3892843742,4124026.3740729224,1.4472780033670738,0.00000001
302602.3954445982,4124026.4236919875,1.4472780022984748,0.00000000
302602.40160482225,4124026.4733110527,1.4472780022413148,0.00000000
302602.4077650464,4124026.522930118,1.4472780033359767,0.00000000
302602.4139252705,4124026.5725491834,1.44727800284568,0.00000000
302602.4200854945,4124026.6221682485,1.447278002817435,0.00000000
302602.4262457186,4124026.6717873137,1.4472780028160228,0.00000001
302602.4324059427,4124026.7214063792,1.4472780028196823,0.00000000
302602.4385661668,4124026.7710254444,1.447278003364895,0.00000000
302602.4447263908,4124026.8206445095,1.4472780028433958,0.00000000
302602.4508866149,4124026.870263575,1.4472780017235312,0.00000000
302602.457046839,4124026.9198826402,1.4472780027613277,0.00000000
302602.46320706315,4124026.9695017054,1.4472780033619774,0.00000000
302602.4693672872,4124027.019120771,1.44727800284698,0.00000000
302602.47552751127,4124027.068739836,1.44727800336626,0.00000000
302602.4816877353,4124027.1183589012,1.447278002843464,0.00000000
302602.4878479594,4124027.167977967,1.4472780022722944,0.00000000
302602.4940081835,4124027.217597032,1.4472780033375257,0.00000000
302602.50016840757,4124027.267216097,1.4472780033907873,0.00000000
302602.5063286316,4124027.3168351627,1.4472780022996605,0.00000000
302602.5124888557,4124027.366454228,1.447278002790134,0.00000000
302602.5186490798,4124027.416073293,1.4472780033634176,0.00000000
302602.52480930387,4124027.4656923586,1.447278002847052,0.00000000
302602.5309695279,4124027.5153114237,1.4472780022687437,0.00000000
302602.537129752,4124027.564930489,1.4472780027885883,0.00000000
302602.54328997614,4124027.6145495544,1.4472780033670702,0.00000000
302602.54945020017,4124027.6641686196,1.4472780028472347,0.00000000
302602.5556104242,4124027.7137876847,1.4472780028175127,0.00000000
302602.5617706483,4124027.76340675,1.4472780022672667,0.00000000
302602.5679308724,4124027.8130258154,1.4472780022434846,0.00000000
302602.5740910965,4124027.8626448805,1.4472780033360853,0.00000000
302602.58025132056,4124027.9122639457,1.4472780028419552,0.00000000
302602.58641154465,4124027.9618830113,1.4472780028209788,0.00000000
302602.59257176874,4124028.0115020764,1.44727800336496,0.00000000
302602.59873199277,4124028.0611211415,1.447278002843399,0.00000000
302602.60489221686,4124028.110740207,1.447278002272291,0.00000000
302602.61105244095,4124028.1603592723,1.4472780033375254,0.00000000
302602.61721266503,4124028.2099783374,1.4472780028420273,0.00000000
302602.62337288907,4124028.259597403,1.4472780022722227,0.00000000
302602.6295331132,4124028.309216468,1.447278003337522,0.00000000
302602.63569333724,4124028.3588355333,1.4472780028420271,0.00000000
302602.64185356133,4124028.408454599,1.4472780022722225,0.00000000
302602.6480137854,4124028.458073664,1.447278003337522,0.00000000
302602.6541740095,4124028.507692729,1.447278003390787,0.00000000
302602.66033423354,4124028.5573117947,1.4472780028484205,0.00000000
302602.66649445763,4124028.60693086,1.447278002817572,0.00000000
302602.67265468166,4124028.656549925,1.4472780022672698,0.00000000
302602.6788149058,4124028.7061689906,1.4472780022434848,0.00000000
302602.6849751299,4124028.7557880557,1.4472780027910555,0.00000000
302602.691135354,4124028.805407121,1.4472780033634638,0.00000000
302602.697295578,4124028.855026186,1.4472780033920842,0.00000000
302602.7034558021,4124028.9046452516,1.4472780028484853,0.00000000
302602.70961602614,4124028.9542643167,1.4472780028175753,0.00000000
302602.71577625023,4124029.003883382,1.4472780028160297,0.00000000
302602.7219364743,4124029.0535024474,1.4472780028196826,0.00000000
302602.7280966984,4124029.1031215126,1.4472780028161352,0.00000000
302602.73425692244,4124029.1527405777,1.4472780022671978,0.00000000
302602.7404171466,4124029.2023596433,1.447278002792241,0.00000000
302602.7465773707,4124029.2519787084,1.447278003363523,0.00000000
302602.7527375947,4124029.3015977736,1.4472780028433272,0.00000000
302602.7588978188,4124029.351216839,1.4472780022722875,0.00000000
302602.7650580429,4124029.4008359043,1.4472780033375252,0.00000000
302602.771218267,4124029.4504549694,1.4472780033907873,0.00000000
302602.777378491,4124029.500074035,1.4472780022996605,0.00000000
302602.7835387151,4124029.5496931,1.447278002790134,0.00000000
302602.7896989392,4124029.5993121653,1.4472780028146577,0.00000000
302602.7958591633,4124029.648931231,1.447278002270854,0.00000000
302602.80201938737,4124029.698550296,1.4472780033374537,0.00000000
302602.80817961146,4124029.748169361,1.4472780033907837,0.00000000
302602.8143398355,4124029.7977884267,1.4472780028484202,0.00000000
302602.8205000596,4124029.847407492,1.447278002817572,0.00000000
302602.8266602836,4124029.897026557,1.4472780022635399,0.00000000
302602.83282050776,4124029.9466456226,1.447278003340818,0.00000000
302602.8389807318,4124029.9962646877,1.447278002297162,0.00000000
302602.8451409559,4124030.045883753,1.4472780022449794,0.00000000
302602.85130117997,4124030.095502818,1.4472780033324297,0.00000000
302602.85746140406,4124030.1451218836,1.4472780033324297,0.00000000
