302600.53426978725,4124007.970376814,1.5200730495319361,0.00000000
302600.53680486354,4124008.0203125062,1.5200730478751514,0.00000000
302600.53933993995,4124008.0702481987,1.5200730450310043,0.00000000
302600.54187501647,4124008.120183891,1.5200730412990966,0.00000000
302600.54441009316,4124008.170119584,1.5200730365822623,0.00000000
302600.5469451698,4124008.2200552765,1.5200730294431513,0.00000000
302600.5494802468,4124008.269990969,1.5200730216306644,0.00000000
302600.55201532406,4124008.3199266614,1.5200730126799855,0.00000000
302600.5545504017,4124008.369862354,1.5200730019034663,0.00000000
302600.5570854798,4124008.4197980464,1.520072990043278,0.00000000
302600.55962055834,4124008.469733739,1.520072976195991,0.00000000
302600.5621556374,4124008.5196694313,1.5200729602042868,0.00000000
302600.5646907172,4124008.5696051233,1.5200729428368547,0.00000000
302600.5672257977,4124008.6195408157,1.520072922639328,0.00000000
302600.56976087904,4124008.669476508,1.520072899702973,0.00000000
302600.5722959613,4124008.7194122,1.520072873704385,0.00000000
302600.5748310446,4124008.769347892,1.520072843574707,0.00000000
302600.57736612915,4124008.8192835846,1.5200728096487748,0.00000000
302600.5799012151,4124008.8692192766,1.5200727705626755,0.00000000
302600.5824363026,4124008.9191549686,1.5200727259720832,0.00000000
302600.58497139195,4124008.96909066,1.520072675143536,0.00000000
302600.5875064833,4124009.019026352,1.520072616323266,0.00000000
302600.5900415771,4124009.0689620436,1.5200725500361567,0.00000000
302600.5925766736,4124009.118897735,1.5200724741512424,0.00000000
302600.5951117732,4124009.1688334267,1.5200723875695987,0.00000000
302600.59764687635,4124009.2187691177,1.5200722894078875,0.00000000
302600.6001819835,4124009.268704809,1.5200721770246173,0.00000000
302600.60271709523,4124009.3186404994,1.520072049131355,0.00000000
302600.6052522122,4124009.36857619,1.5200719031181886,0.00000000
302600.6077873351,4124009.41851188,1.5200717367058911,0.00000000
302600.61032246484,4124009.4684475698,1.5200715470710269,0.00000000
302600.6128576023,4124009.5183832594,1.5200713307588538,0.00000000
302600.6153927486,4124009.568318948,1.5200710846713472,0.00000000
302600.617927905,4124009.618254637,1.5200708045634734,0.00000000
302600.62046307285,4124009.6681903247,1.5200704860291907,0.00000000
302600.6229982538,4124009.718126012,1.5200701237656917,0.00000000
302600.6255334496,4124009.7680616984,1.5200697114329604,0.00000000
302600.62806866225,4124009.817997384,1.5200692423629891,0.00000000
302600.6306038941,4124009.8679330684,1.5200687084907183,0.00000000
302600.6331391479,4124009.917868752,1.52006810090466,0.00000000
302600.63567442656,4124009.9678044342,1.5200674097189777,0.00000000
302600.63820973353,4124010.017740115,1.5200666224536026,0.00000000
302600.64074507274,4124010.0676757945,1.5200657267748807,0.00000000
302600.6432804486,4124010.1176114716,1.5200647078194953,0.00000000
302600.64581586624,4124010.167547147,1.5200635486043732,0.00000000
302600.6483513315,4124010.2174828197,1.5200622298917708,0.00000000
302600.6508868507,4124010.26741849,1.5200607290694432,0.00000000
302600.65342243144,4124010.3173541566,1.5200590218118095,0.00000000
302600.65595808206,4124010.3672898198,1.520057078901228,0.00000000
302600.65849381237,4124010.417225479,1.5200548688303497,0.00000000
302600.6610296333,4124010.467161134,1.520052354791278,0.00000000
302600.6635655572,4124010.5170967835,1.5200494946803165,0.00000000
302600.6661015984,4124010.567032427,1.5200462416591451,0.00000000
302600.66863777296,4124010.6169680636,1.520042541248928,0.00000000
302600.67117409926,4124010.6669036928,1.52003833251391,0.00000000
302600.6737105981,4124010.716839313,1.5200335450315001,0.00000000
302600.6762472932,4124010.7667749235,1.5200280991203077,0.00000000
302600.6787842116,4124010.8167105224,1.5200219045830514,0.00000000
302600.68132138386,4124010.866646108,1.52001485821917,0.00000000
302600.68385884503,4124010.9165816796,1.5200068431391682,0.00000000
302600.68639663485,4124010.9665172347,1.5199977266941767,0.00861068
302600.6889347984,4124011.01645277,1.5199873579997198,0.00926152
302600.6914733871,4124011.0663882843,1.5199755648166375,0.00992290
302600.6940124594,4124011.1163237737,1.5199621509801262,0.01059354
302600.69655208173,4124011.1662592352,1.5199468944926335,0.01127231
302600.69909232954,4124011.216194665,1.5199295416906515,0.01195820
302600.7016332888,4124011.2661300586,1.519909804856641,0.01265032
302600.7041750575,4124011.316065411,1.5198873575078804,0.01334788
302600.7067177465,4124011.3660007166,1.5198618267666544,0.01405020
302600.7092614824,4124011.4159359685,1.519832789665517,0.01475665
302600.711806409,4124011.46587116,1.5197997642787837,0.01546668
302600.7143526898,4124011.5158062824,1.5197622035025011,0.01617981
302600.7169005108,4124011.565741326,1.5197194847300834,0.01689558
302600.71945008344,4124011.615676281,1.5196708999468596,0.01761361
302600.72200164845,4124011.6656111334,1.5196156444284432,0.01833352
302600.7245554793,4124011.7155458704,1.5195528026203613,0.01905500
302600.7271118871,4124011.7654804755,1.5194813332483947,0.01977773
302600.7296712257,4124011.81541493,1.5193999309517259,0.02050143
302600.7322338975,4124011.865349214,1.5193070822079324,0.02122583
302600.73480036,4124011.9152833037,1.51920141964598,0.02195067
302600.7373711336,4124011.9652171712,1.5190811883329796,0.02267571
302600.73994683556,4124012.0151507845,1.518944501559729,0.02340070
302600.74252817285,4124012.065084107,1.5187892441027975,0.02412540
302600.74511587445,4124012.1150171002,1.5186126532616058,0.02484954
302600.74771081534,4124012.1649497175,1.518411787688299,0.02557286
302600.750313991,4124012.2148819063,1.5181833139212657,0.02629508
302600.75292653305,4124012.2648136057,1.517923438645191,0.02701590
302600.7555497291,4124012.314744747,1.5176278528821707,0.02773502
302600.7581850433,4124012.3646752494,1.5172916540188428,0.02845208
302600.7608341408,4124012.414605023,1.5169092698761837,0.02916670
302600.7634989156,4124012.464533962,1.5164743663519178,0.02987844
302600.7661815209,4124012.514461946,1.5159797411697404,0.03058683
302600.76888440584,4124012.5643888363,1.5154172101544896,0.03129134
302600.77161035506,4124012.6143144723,1.5147774717347808,0.03199135
302600.7743625348,4124012.664238669,1.5140499566519576,0.03268618
302600.77714454493,4124012.7141612116,1.5132226564656956,0.03337505
302600.77996047825,4124012.764081852,1.5122819298234031,0.03405705
302600.78281498706,4124012.8140003006,1.5112122860671287,0.03473117
302600.78571335966,4124012.863916221,1.5099961353725078,0.03539624
302600.7886616063,4124012.913829219,1.508613513475687,0.03605090
302600.7916665575,4124012.9637388336,1.5070417703005783,0.03669361
302600.79473597347,4124013.013644523,1.5052552146376428,0.03732257
302600.79787867056,4124013.0635456485,1.5032247241168966,0.03793571
302600.80110466195,4124013.1134414542,1.502137170300163,0.03853064
302600.8044253175,4124013.1633310444,1.4997424314337426,0.03910458
302600.80785354384,4124013.213213351,1.4969637665632418,0.03965428
302600.8114039874,4124013.263087099,1.4938045823266917,0.04017599
302600.8150932616,4124013.3129507573,1.4902167615006838,0.04066530
302600.8189402019,4124013.362802484,1.4863592247342015,0.04111710
302600.82296615053,4124013.4126400533,1.482527560551748,0.04152549
302600.8271952729,4124013.462460766,1.479023580141092,0.04188722
302600.83162097604,4124013.5122644254,1.4759376155957753,0.04220666
302600.8362193265,4124013.56205246,1.4732248183801646,0.04249889
302600.8409693483,4124013.611826269,1.4708397208737738,0.04277790
302600.8458526524,4124013.66158719,1.4696469482216306,0.04305663
302600.850853113,4124013.7113364837,1.4677383399797632,0.04334709
302600.8559565856,4124013.7610753225,1.4660160973273384,0.04366030
302600.86115066166,4124013.8108047876,1.4644981586417054,0.04400633
302600.8664244541,4124013.8605258665,1.4631615685289527,0.04439417
302600.8717684102,4124013.910239456,1.4619842249453427,0.04485160
302600.8771741488,4124013.959946369,1.4609466044687371,0.04537416
302600.8826343173,4124014.0096473335,1.4600315275580311,0.04596626
302600.8881424675,4124014.059343005,1.4592238682025362,0.04663270
302600.8936929466,4124014.1090339683,1.4585102951617026,0.04737650
302600.8992808023,4124014.158720743,1.4578790446973073,0.04823761
302600.9049017001,4124014.2084037913,1.4573197262412996,0.04919890
302600.91055185057,4124014.258083522,1.4568231400912453,0.05024894
302600.9162279461,4124014.3077602955,1.4563811243285778,0.05138881
302600.9219271064,4124014.3574344283,1.4559864225028398,0.05268612
302600.92764683027,4124014.407106198,1.455632561666063,0.05407046
302600.93338495435,4124014.456775845,1.4553137414596158,0.05553807
302600.9391396171,4124014.506443579,1.455024739131262,0.05718031
302600.94490922824,4124014.5561095793,1.454760826183059,0.05889231
302600.95069244236,4124014.6057739975,1.4545176867941338,0.06072473
302600.95648813655,4124014.6554369605,1.4542913484552982,0.06268321
302600.9622953921,4124014.705098573,1.454078118839537,0.06470567
302600.9681134792,4124014.754758918,1.4538745253089769,0.06692014
302600.97394184436,4124014.8044180577,1.4536772549495944,0.06916439
302600.9797801016,4124014.8540760353,1.453483105502151,0.07162579
302600.98562802584,4124014.9037328754,1.4532878376615737,0.07410316
302600.9914855485,4124014.9533885843,1.4530880866108546,0.07677910
302600.99735287094,4124015.0030431366,1.4528827150764076,0.07946934
302601.0032302541,4124015.0526964986,1.4526685977314604,0.08235767
302601.0091180006,4124015.1023486326,1.4524412287397368,0.08524387
302601.0150166923,4124015.151999468,1.452196919967549,0.08835023
302601.0209270862,4124015.2016489115,1.4519317782704229,0.09145979
302601.02685012587,4124015.2512968476,1.4516416007305868,0.09475332
302601.03278695606,4124015.3009431367,1.4513218134466914,0.09809185
302601.03873893904,4124015.3505876116,1.4509674069435445,0.10155866
302601.04470767523,4124015.4002300748,1.4505728665327513,0.10513258
302601.0506950262,4124015.449870296,1.4501321041792563,0.10875925
302601.05670314207,4124015.499508008,1.4496383815021006,0.11256233
302601.0627344912,4124015.549142902,1.4490842236213575,0.11635852
302601.0687918953,4124015.5987746227,1.4484613418638967,0.12036317
302601.0748785675,4124015.648402762,1.4477605447591884,0.12438098
302601.08099815506,4124015.6980268527,1.4469716496056677,0.12852825
302601.08715478645,4124015.7476463597,1.4460833929202097,0.13277499
302601.09335312265,4124015.7972606737,1.4450833500256732,0.13705708
302601.0995984126,4124015.8468690976,1.4439578611098463,0.14151844
302601.1058965524,4124015.8964708373,1.442691966297904,0.14596202
302601.1122541481,4124015.9460649886,1.4412693639385104,0.15058480
302601.11867858097,4124015.995650524,1.4396724060774986,0.15522094
302601.1251780733,4124016.0452262727,1.4378821301895737,0.15994156
302601.1317617538,4124016.0947909076,1.4358783436551021,0.16474302
302601.1384397199,4124016.144342923,1.4336397928879296,0.16954731
302601.1452230932,4124016.1938806153,1.4311444241198805,0.17448485
302601.1521240641,4124016.2434020606,1.4283697712239083,0.17938538
302601.15915591974,4124016.292905092,1.4252879028841545,0.18440501
302601.1663330487,4124016.342387278,1.4217149270152856,0.18940839
302601.17367149616,4124016.391845818,1.4177344292200447,0.19447161
302601.18120459444,4124016.441275084,1.4134803746604225,0.19956045
302601.1889386576,4124016.4906732664,1.4088218608947805,0.20464296
302601.1968934352,4124016.5400363356,1.4037387176504137,0.20977898
302601.2050894813,4124016.589359854,1.3982228508288368,0.21483466
302601.2135478577,4124016.638638989,1.3922754034548392,0.21995341
302601.2222897356,4124016.6878685537,1.385908930810693,0.22495603
302601.2313358851,4124016.737043081,1.3791499520314554,0.22996282
302601.2407060443,4124016.786156953,1.3711854915746964,0.23485896
302601.2504181684,4124016.8352045887,1.366469814442201,0.23968018
302601.2605757061,4124016.8841619627,1.358302053363375,0.24435672
302601.2711415725,4124016.933032453,1.3498640995316897,0.24889221
302601.28212003986,4124016.981811545,1.3412477237173808,0.25330019
302601.29351883114,4124017.030494042,1.3325817095184764,0.25754141
302601.30533933104,4124017.0790764415,1.320674092193497,0.26165266
302601.3177458089,4124017.127512784,1.3102395006119807,0.26551828
302601.3306530353,4124017.1758171557,1.3010075752916652,0.26921784
302601.34400249727,4124017.2240007943,1.2918746525156883,0.27272356
302601.3577915586,4124017.2720618155,1.2770449187792847,0.27607614
302601.372306103,4124017.3199085454,1.2680808399955015,0.27912450
302601.38723378343,4124017.367626431,1.259826961352308,0.28200093
302601.4025535435,4124017.4152216506,1.2438142997464847,0.28470708
302601.41865268216,4124017.462558655,1.2365118632352168,0.28707524
302601.4350749199,4124017.509782943,1.2253425259786526,0.28929444
302601.45203375863,4124017.5568190757,1.2135331725580802,0.29126006
302601.46954780805,4124017.6036493653,1.2071014530437503,0.29297043
302601.4873501176,4124017.650372783,1.1899104997613619,0.29451623
302601.50597879745,4124017.6967715914,1.186232966534892,0.29566047
302601.5247454519,4124017.7431159844,1.1670538312751026,0.29670920
302601.544434989,4124017.78907599,1.1645150002946347,0.29726057
302601.56420063105,4124017.8350024903,1.1470242822057921,0.29776540
302601.5848026668,4124017.880560762,1.1447298645865995,0.29776471
302601.6054724898,4124017.92608757,1.1272883869411812,0.29772587
302601.62696947146,4124017.971230452,1.126416314057422,0.29716546
302601.6484664531,4124018.016373334,1.1071084048830064,0.29657369
302601.6708742522,4124018.0610708105,1.1056535908336587,0.29543303
302601.6933051927,4124018.1057569706,1.0893921898743397,0.29423447
302601.71649345563,4124018.150052766,1.0844090548214993,0.29254607
302601.73987680726,4124018.1942480016,1.072709906813151,0.29071866
302601.7637896527,4124018.2381555163,1.0624783228868282,0.28848288
302601.7881486003,4124018.2818206246,1.0569467876890857,0.28599793
302601.8127368602,4124018.3253544946,1.0408762152613484,0.28321943
302601.8380465624,4124018.3684754753,1.0400726866399617,0.28007540
302601.8633562646,4124018.411596456,1.0212678109932978,0.27671996
302601.88951218815,4124018.4542082767,1.0183957649567508,0.27294846
302601.91575523466,4124018.4967676764,1.0060982520577872,0.26890506
302601.9425388629,4124018.5389851118,0.9958175915202473,0.26458162
302601.96975241037,4124018.5809305864,0.9910296100093425,0.25985178
302601.9971532929,4124018.6227515317,0.9738824941812656,0.25498641
302602.0252952355,4124018.664079864,0.9730251383898618,0.24959965
302602.05343717814,4124018.7054081964,0.9556879401237282,0.24413070
302602.08232592215,4124018.7462161854,0.9517206163265249,0.23816261
302602.1113485569,4124018.786930884,0.942002115626332,0.23200342
302602.1407762735,4124018.8273506905,0.9320844460630546,0.22554927
302602.170605311,4124018.867478343,0.9286617302057847,0.21871596
302602.20055712975,4124018.9075129633,0.913968193343237,0.21173367
302602.2311181437,4124018.94708599,0.9132335110922989,0.20428424
302602.2616791577,4124018.9866590165,0.8993327076733796,0.19668657
302602.2928138516,4124019.0257811355,0.8962774560493157,0.18867891
302602.3240462116,4124019.0648264894,0.8868367948575473,0.18042866
302602.3556576435,4124019.1035632035,0.8791985367692887,0.17182821
302602.387561556,4124019.1420617797,0.8739783651272118,0.16294944
302602.41966014885,4124019.18039621,0.8623927474274127,0.15379174
302602.4522144098,4124019.218346442,0.860967679299468,0.14421239
302602.4848022221,4124019.2562674168,0.8463145551243558,0.13448426
302602.5179684612,4124019.2936839983,0.8455819047844089,0.12429083
302602.5511347003,4124019.3311005803,0.8339257077133216,0.11389348
302602.5847555538,4124019.368108119,0.830848412167454,0.10309519
302602.61847400625,4124019.405027842,0.8241938505018895,0.09212296
302602.65244378825,4124019.441715417,0.8196534897795278,0.08089270
302602.68657624605,4124019.478252731,0.8161068851698032,0.06946490
302602.7208358675,4124019.5146702337,0.8111636865333929,0.05786413
302602.75527805486,4124019.5509157265,0.8092908954794585,0.04608942
302602.7897820595,4124019.5871020663,0.8042116078313006,0.03422337
302602.824475652,4124019.623106992,0.803429094416397,0.02219534
302602.8591892242,4124019.659092561,0.798801922548901,0.01014738
302602.8940762309,4124019.694910109,0.7985705639555263,0.00203812
302602.92896323756,4124019.730727657,0.7950384049580232,0.01423696
302602.9639827336,4124019.766415666,0.7947660160958463,0.02652585
302602.9990058343,4124019.8021001504,0.7939384593796002,0.03875315
302603.0340594932,4124019.8377546123,0.7937506437918945,0.05099817
302603.0691186502,4124019.873403673,0.7949320013848707,0.06323814
302603.1041330853,4124019.909096638,0.7954675119355347,0.07534572
302603.1391296262,4124019.9448071704,0.7978732503484248,0.08741015
302603.17403654725,4124019.980605141,0.799844081295011,0.09932574
302603.2088737545,4124020.016471127,0.8032804152772173,0.11108720
302603.2435843847,4124020.05245893,0.8088816878594234,0.12270906
302603.2780891175,4124020.088644886,0.8117480572354361,0.13401074
302603.31249468203,4124020.124924089,0.8225807019344388,0.14520485
302603.34649038705,4124020.161588677,0.8235369289139715,0.15592199
302603.3804699739,4124020.1982679754,0.8381678089741567,0.16657219
302603.4138826423,4124020.2354646632,0.8388993537999161,0.17666150
302603.4472953106,4124020.272661351,0.8552203996659022,0.18668091
302603.48006490857,4124020.310424618,0.8580129410103804,0.19609778
302603.5127564514,4124020.348256655,0.8735183613880619,0.20541135
302603.5448308552,4124020.386611325,0.8778615264737745,0.21412590
302603.57676195545,4124020.4250873546,0.8934719776081117,0.22269734
302603.60806427826,4124020.4640742503,0.8986275387649574,0.23070804
302603.63918788463,4124020.503206349,0.9152160099691629,0.23852117
302603.6696330089,4124020.542866061,0.920503305122369,0.24581113
302603.699892916,4124020.582669805,0.9380548772925833,0.25284870
302603.7294225063,4124020.6230161544,0.9425940522006655,0.25941909
302603.7587974005,4124020.6634774394,0.961605780395469,0.26569442
302603.7873658381,4124020.7045106036,0.9649358674021091,0.27153283
302603.81583211396,4124020.7456162134,0.9857491875400022,0.27707571
302603.84339811845,4124020.787330359,0.9883812125999676,0.28213343
302603.87089423684,4124020.829090666,1.0067331512862283,0.28698668
302603.8975846286,4124020.871370957,1.010365883302952,0.29133759
302603.92415349145,4124020.91372643,1.025098046788965,0.29555126
302603.9500710995,4124020.9564847928,1.031604522479111,0.29927127
302603.97572762606,4124020.9993982553,1.0430293294872461,0.30284610
302604.00088191865,4124021.042610077,1.0533948953144874,0.30599919
302604.025588466,4124021.0860773325,1.0607033110601862,0.30890505
302604.04998460104,4124021.1297216746,1.0758478364844226,0.31155798
302604.0736985138,4124021.173739647,1.0827476536563823,0.31381026
302604.0971269078,4124021.217909257,1.095684526426128,0.31589492
302604.1199685221,4124021.262386899,1.1084661602157388,0.31757315
302604.142239289,4124021.3071509306,1.117569500685081,0.31900534
302604.16411065904,4124021.3521122634,1.134416624100715,0.32011873
302604.18520353135,4124021.397445372,1.147649938562131,0.32088522
302604.2057024,4124021.443047639,1.158825344366174,0.32130859
302604.2256956039,4124021.488874579,1.1748087409626826,0.32144632
302604.2449427675,4124021.535021591,1.1909864173140237,0.32123069
302604.2634397512,4124021.5814724383,1.2041568131245508,0.32059377
302604.2813304342,4124021.6281591756,1.217945641356022,0.31970084
302604.29857489164,4124021.6750907274,1.238670838851262,0.31839045
302604.3148259773,4124021.722376055,1.253834498247856,0.31668498
302604.3303714595,4124021.7698958125,1.2675810326385035,0.31456820
302604.34526579396,4124021.8176235715,1.2810228418885217,0.31215581
302604.35951838654,4124021.865548212,1.2960649795372574,0.30940568
302604.37304470077,4124021.913683842,1.3103440042480867,0.30630798
302604.3858840821,4124021.9620064762,1.3219981761494473,0.30288432
302604.3981659878,4124022.0104731615,1.333221019328442,0.29916465
302604.409904337,4124022.059074513,1.3441100355737094,0.29518575
302604.42111376964,4124022.107801184,1.3553886273650433,0.29091331
302604.4317720593,4124022.156651986,1.3674076720587216,0.28638537
302604.4418404993,4124022.2056275303,1.3819369613696872,0.28153920
302604.45142828324,4124022.2546989038,1.3918802264487065,0.27646521
302604.4605387197,4124022.3038609736,1.4014826096517574,0.27112305
302604.46917258,4124022.3531090845,1.410712479052934,0.26554941
302604.4773391126,4124022.4024373074,1.4195759868989462,0.25973803
302604.4850645063,4124022.4518368854,1.4272645647152344,0.25370528
302604.49235730374,4124022.5013020993,1.433500488219845,0.24746867
302604.49932827515,4124022.5508135017,1.439028059202298,0.24106361
302604.5060111502,4124022.600364605,1.4439162666655114,0.23452562
302604.5124380567,4124022.6499496284,1.4481991055518089,0.22786246
302604.5186395469,4124022.6995634385,1.4519986394142905,0.22110478
302604.52464467665,4124022.749201477,1.4553239326141865,0.21429002
302604.53047151223,4124022.7988607963,1.4579292630637994,0.20739502
302604.5361488717,4124022.8485374115,1.4598517856771989,0.20052667
302604.5417206343,4124022.8982259706,1.4612883819160762,0.19358782
302604.5472105151,4124022.9479236505,1.4623247937303356,0.18675357
302604.55264203454,4124022.9976277538,1.463120077113127,0.17986912
302604.55803098454,4124023.047336493,1.4637647245918926,0.17313090
302604.5633847018,4124023.097049042,1.464272680729958,0.16638024
302604.5687103469,4124023.146764608,1.4646346864602842,0.15977667
302604.57401427336,4124023.196482496,1.4648279332724459,0.15318959
302604.5793046862,4124023.246201823,1.4648621909002508,0.14676083
302604.5845902799,4124023.2959216633,1.464750668373103,0.14036945
302604.58987811836,4124023.3456412647,1.464487084604033,0.13415803
302604.5951755645,4124023.3953598426,1.4640614609560643,0.12799494
302604.6004904085,4124023.4450765634,1.463460306320412,0.12203282
302604.60583102325,4124023.4947905205,1.4626658373403787,0.11612012
302604.6112065563,4124023.5445007123,1.461687803230484,0.11043606
302604.6166271678,4124023.594206007,1.4606713706457428,0.10479780
302604.62210088747,4124023.643905484,1.459745248313227,0.09941980
302604.6276227332,4124023.693599639,1.458909883359187,0.09408196
302604.633188027,4124023.743288948,1.4581453601153034,0.08897390
302604.638792416,4124023.7929738634,1.457462392553725,0.08391650
302604.6444333102,4124023.842654648,1.4568678731179066,0.07904488
302604.6501051338,4124023.89233191,1.4563371744844475,0.07425650
302604.6558046338,4124023.942006004,1.4558636823073279,0.06961123
302604.6615288478,4124023.9916772563,1.4554419926673023,0.06509326
302604.66727508674,4124024.0413459656,1.4550670641009433,0.06066707
302604.6730409196,4124024.091012404,1.4547342043022873,0.05642322
302604.6788241569,4124024.140676819,1.4544390734272694,0.05226201
302604.6846228325,4124024.190339434,1.454177692112753,0.04825622
302604.69043518655,4124024.2400004496,1.4539464344092827,0.04439994
302604.69625964673,4124024.2896600473,1.4537420071252822,0.04065026
302604.7020948117,4124024.339318388,1.4535614376702022,0.03709710
302604.70793943474,4124024.388975617,1.453402049443204,0.03369409
302604.71379240823,4124024.4386318624,1.4532614417378527,0.03041892
302604.7196527498,4124024.4882872384,1.4531374675093611,0.02732725
302604.725519589,4124024.5379418475,1.4530282075738503,0.02441818
302604.7313921554,4124024.5875957794,1.4529319542834884,0.02165647
302604.737269768,4124024.637249114,1.4528471901100906,0.01905043
302604.7431518251,4124024.686901923,1.4527725651226246,0.01667935
302604.7490377953,4124024.736554268,1.4527068841033481,0.01447489
302604.7549272099,4124024.786206204,1.4526490908690428,0.01242352
302604.7608196558,4124024.835857781,1.4525982480960955,0.01052227
302604.76671476825,4124024.885509041,1.45255352692394,0.00878969
302604.77261222654,4124024.9351600227,1.452514196221676,0.00721591
302604.77851174795,4124024.9848107593,1.4524796114529133,0.00577075
302604.7844130837,4124025.0344612803,1.4524492031920637,0.00445059
302604.7903160146,4124025.084111612,1.4524224694651853,0.00325168
302604.7962203481,4124025.1337617766,1.4523989691932118,0.00217867
302604.80212591443,4124025.1834117942,1.4523783121143974,0.00123994
302604.8080325646,4124025.2330616834,1.4523601545151341,0.00041045
302604.81394016737,4124025.2827114593,1.45234419655544,0.00031077
302604.81984860747,4124025.332361135,1.4523301730389693,0.00092413
302604.8257577834,4124025.382010724,1.4523178474071705,0.00143189
302604.8316676059,4124025.4316602354,1.4523070141058836,0.00184012
302604.83757799683,4124025.4813096793,1.4522974938667657,0.00215092
302604.8434888873,4124025.5309590637,1.4522891290261022,0.00238927
302604.8494002167,4124025.580608396,1.4522817788980922,0.00256281
302604.85531193175,4124025.630257682,1.4522753201186995,0.00267880
302604.86122398573,4124025.679906928,1.4522696417728964,0.00274415
302604.8671363375,4124025.7295561386,1.4522646515581605,0.00276540
302604.8730489512,4124025.7792053176,1.452260268587441,0.00274663
302604.8789617949,4124025.8288544696,1.4522564164140224,0.00269432
302604.8848748407,4124025.8785035973,1.4522530297690637,0.00261830
302604.8907880641,4124025.928152704,1.4522500537744651,0.00252389
302604.8967014437,4124025.977801792,1.4522474395885347,0.00241637
302604.9026149605,4124026.0274508637,1.452245140945392,0.00229927
302604.90852859785,4124026.077099921,1.452243121436294,0.00217424
302604.9144423412,4124026.1267489656,1.452241347968487,0.00204289
302604.9203561776,4124026.1763979993,1.4522397871176151,0.00190664
302604.9262700958,4124026.226047023,1.4522384162952864,0.00176734
302604.93218408606,4124026.2756960383,1.452237213009232,0.00162693
302604.9380981394,4124026.3253450464,1.452236153098851,0.00148699
302604.9440122483,4124026.3749940475,1.4522352205306528,0.00134918
302604.94992640615,4124026.424643043,1.4522344007756918,0.00121523
302604.95584060694,4124026.474292033,1.4522336810017034,0.00108702
302604.9617548456,4124026.5239410186,1.452233046394011,0.00096660
302604.9676691174,4124026.5735900006,1.452232488996231,0.00085624
302604.9735834185,4124026.6232389784,1.452232002370556,0.00075774
302604.9794977453,4124026.672887954,1.452231573669273,0.00066999
302604.98541209445,4124026.7225369266,1.4522311961325514,0.00059194
302604.9913264634,4124026.7721858965,1.4522308655529588,0.00052263
302604.99724084977,4124026.8218348646,1.4522305724888291,0.00046147
302605.0031552514,4124026.871483831,1.4522303142200939,0.00040722
302605.0090696666,4124026.9211327955,1.4522300883885804,0.00035916
302605.01498409366,4124026.970781759,1.4522298894370915,0.00031662
302605.0208985312,4124027.020430721,1.4522297137932227,0.00027900
302605.02681297786,4124027.070079682,1.4522295601543667,0.00024576
302605.03272743267,4124027.1197286416,1.452229427331409,0.00021642
302605.03864189447,4124027.169377601,1.4522293082299356,0.00019052
302605.04455636244,4124027.2190265595,1.4522292040650835,0.00016768
302605.05047083594,4124027.268675517,1.4522291132245357,0.00014755
302605.05638531415,4124027.318324474,1.4522290307890757,0.00012981
302605.0622997967,4124027.367973431,1.4522289591807855,0.00011418
302605.068214283,4124027.417622387,1.4522288979716786,0.00010042
302605.07412877254,4124027.467271343,1.452228843348328,0.00008831
302605.0800432649,4124027.5169202983,1.4522287950684576,0.00007765
302605.0859577598,4124027.5665692533,1.4522287531457558,0.00006827
302605.09187225695,4124027.6162182083,1.4522287164827261,0.00006002
302605.097786756,4124027.665867163,1.4522286844496026,0.00005277
302605.10370125674,4124027.7155161174,1.4522286548701369,0.00004638
302605.109615759,4124027.765165072,1.4522286298060771,0.00004077
302605.11553026264,4124027.814814026,1.4522286098838004,0.00003584
302605.12144476734,4124027.86446298,1.4522285913425947,0.00003150
302605.12735927297,4124027.914111934,1.4522285734195326,0.00002769
302605.1332737795,4124027.9637608877,1.452228556599758,0.00002433
302605.13918828685,4124028.0134098413,1.4522285414824188,0.00002139
302605.14510279504,4124028.063058795,1.4522285280974727,0.00001880
302605.1510173039,4124028.1127077485,1.452228515374037,0.00001652
302605.15693181346,4124028.162356702,1.4522285048800385,0.00001452
302605.16284632357,4124028.2120056553,1.452228496642273,0.00001276
302605.1687608341,4124028.2616546084,1.4522284885431191,0.00001122
302605.1746753451,4124028.311303562,1.452228480476696,0.00000986
302605.1805898564,4124028.360952515,1.452228474582471,0.00000867
302605.18650436815,4124028.4106014683,1.452228470444127,0.00000762
302605.19241888006,4124028.4602504214,1.4522284669426675,0.00000670
302605.1983333922,4124028.5098993746,1.4522284634730522,0.00000589
302605.2042479045,4124028.5595483277,1.4522284594559387,0.00000517
302605.210162417,4124028.609197281,1.4522284554372504,0.00000455
302605.21607692965,4124028.658846234,1.4522284524908642,0.00000400
302605.2219914425,4124028.7084951866,1.4522284506704732,0.00000351
302605.22790595546,4124028.75814414,1.4522284494812732,0.00000309
302605.23382046854,4124028.807793093,1.4522284478003422,0.00000272
302605.2397349816,4124028.857442046,1.4522284460690242,0.00000239
302605.2456494948,4124028.9070909987,1.4522284459566583,0.00000210
302605.25156400807,4124028.956739952,1.4522284443295688,0.00000185
302605.2574785213,4124029.006388905,1.452228443699124,0.00000162
302605.2633930347,4124029.0560378577,1.4522284436418018,0.00000143
302605.269307548,4124029.105686811,1.4522284420174645,0.00000125
302605.27522206143,4124029.155335764,1.4522284419362474,0.00000110
302605.28113657486,4124029.2049847166,1.4522284413572963,0.00000097
302605.2870510883,4124029.2546336697,1.452228440255968,0.00000085
302605.29296560184,4124029.304282623,1.4522284402009016,0.00000075
302605.2988801153,4124029.3539315755,1.452228439649058,0.00000066
302605.3047946289,4124029.4035805287,1.4522284396214657,0.00000058
302605.3107091424,4124029.4532294814,1.4522284395942862,0.00000051
302605.31662365596,4124029.5028784345,1.4522284390696367,0.00000045
302605.32253816957,4124029.5525273876,1.452228440141585,0.00000039
302605.3284526831,4124029.6021763403,1.4522284401951824,0.00000035
302605.3343671966,4124029.6518252934,1.452228439648772,0.00000030
302605.34028171015,4124029.701474246,1.4522284401447418,0.00000027
302605.3461962237,4124029.7511231992,1.4522284390971596,0.00000023
302605.35211073724,4124029.8007721524,1.4522284390447804,0.00000021
302605.35802525084,4124029.850421105,1.4522284395912517,0.00000018
302605.3639397644,4124029.900070058,1.4522284401676657,0.00000016
302605.36985427793,4124029.949719011,1.452228440719777,0.00000014
302605.3757687914,4124029.999367964,1.4522284396750016,0.00000012
302605.38168330496,4124030.049016917,1.4522284390736726,0.00000011
302605.3875978185,4124030.09866587,1.4522284395668965,0.00000009
302605.3935123321,4124030.148314823,1.452228440166448,0.00000008
302605.39942684566,4124030.197963776,1.4522284401964256,0.00000007
302605.40534135915,4124030.2476127287,1.452228439648834,0.00000006
302605.4112558727,4124030.297261682,1.4522284396214544,0.00000005
302605.41717038624,4124030.3469106345,1.4522284395942857,0.00000005
302605.4230848998,4124030.3965595877,1.4522284390696367,0.00000004
302605.4289994134,4124030.446208541,1.4522284395924947,0.00000003
302605.43491392693,4124030.4958574935,1.452228440167728,0.00000002
302605.4408284405,4124030.5455064466,1.4522284401964896,0.00000002
302605.44674295397,4124030.5951553993,1.4522284401721277,0.00000002
302605.4526574675,4124030.6448043524,1.452228439098529,0.00000001
302605.45857198106,4124030.6944533056,1.452228439044849,0.00000001
302605.46448649466,4124030.7441022582,1.4522284395912552,0.00000001
302605.4704010082,4124030.7937512114,1.452228440167666,0.00000001
302605.47631552175,4124030.843400164,1.452228440719777,0.00000002
302605.48223003524,4124030.893049117,1.4522284396750016,0.00000002
302605.4881445488,4124030.9426980703,1.4522284390736726,0.00000003
302605.49405906233,4124030.992347023,1.4522284395668965,0.00000003
302605.49997357593,4124031.041995976,1.4522284396173577,0.00000004
302605.5058880895,4124031.0916449293,1.4522284396198806,0.00000005
302605.511802603,4124031.141293882,1.4522284401690972,0.00000006
302605.51771711657,4124031.190942835,1.452228440196558,0.00000007
302605.52363163006,4124031.2405917877,1.452228439623041,0.00000008
302605.5295461436,4124031.290240741,1.4522284390710745,0.00000009
302605.5354606572,4124031.339889694,1.4522284395925664,0.00000010
302605.54137517075,4124031.3895386467,1.4522284401677314,0.00000012
302605.5472896843,4124031.4391876,1.4522284401964898,0.00000014
302605.5532041978,4124031.4888365525,1.4522284401721277,0.00000016
302605.55911871133,4124031.5384855056,1.452228439098529,0.00000019
302605.5650332249,4124031.5881344588,1.4522284384957587,0.00000021
302605.5709477385,4124031.6377834114,1.4522284395638008,0.00000025
302605.5768622521,4124031.6874323646,1.4522284407153836,0.00000028
302605.5827767656,4124031.737081317,1.4522284407471628,0.00000033
302605.58869127906,4124031.7867302704,1.452228439676371,0.00000037
302605.5946057926,4124031.8363792235,1.452228439073741,0.00000043
302605.60052030615,4124031.886028176,1.4522284395669,0.00000049
302605.60643481975,4124031.9356771293,1.4522284396173577,0.00000056
302605.6123493333,4124031.9853260824,1.4522284396198806,0.00000064
302605.61826384685,4124032.034975035,1.4522284401690972,0.00000073
302605.6241783604,4124032.0846239883,1.4522284412947388,0.00000084
302605.6300928739,4124032.134272941,1.4522284424234018,0.00000096
302605.6360073873,4124032.183921894,1.4522284419565443,0.00000110
302605.64192190074,4124032.233570847,1.4522284424822918,0.00000126
302605.64783641417,4124032.2832198,1.4522284441300506,0.00000144
302605.65375092754,4124032.332868753,1.4522284442382385,0.00000164
302605.65966544085,4124032.382517706,1.452228444792738,0.00000188
302605.66557995416,4124032.432166659,1.4522284458928438,0.00000214
302605.6714944674,4124032.481815612,1.4522284459736492,0.00000245
302605.6774089807,4124032.531464565,1.4522284470758704,0.00000279
302605.68332349387,4124032.5811135178,1.452228448203362,0.00000319
302605.689238007,4124032.630762471,1.4522284504560983,0.00000364
302605.69515252014,4124032.680411424,1.4522284533399872,0.00000415
302605.70106703305,4124032.730060377,1.4522284556805432,0.00000474
302605.70698154584,4124032.77970933,1.452228458517223,0.00000541
302605.7128960585,4124032.829358283,1.4522284608554186,0.00000617
302605.71881057107,4124032.879007236,1.4522284642668706,0.00000704
302605.7247250835,4124032.9286561892,1.452228468830166,0.00000803
302605.7306395957,4124032.9783051424,1.452228473451054,0.00000915
302605.7365541077,4124033.0279540955,1.4522284786239124,0.00001044
302605.7424686194,4124033.0776030486,1.4522284849225493,0.00001190
302605.7483831309,4124033.127252002,1.4522284918007657,0.00001357
302605.754297642,4124033.176900955,1.4522284992828516,0.00001547
302605.7602121528,4124033.2265499085,1.4522285100896735,0.00001763
302605.76612666313,4124033.2761988617,1.4522285221609128,0.00002009
302605.77204117284,4124033.3258478153,1.4522285348444635,0.00002290
302605.77795568196,4124033.3754967684,1.452228550801571,0.00002610
302605.7838701904,4124033.425145722,1.4522285669739576,0.00002974
302605.789784698,4124033.474794676,1.45222858483018,0.00003388
302605.7956992048,4124033.5244436297,1.4522286065626255,0.00003860
302605.80161371053,4124033.5740925833,1.4522286323067144,0.00004398
302605.80752821517,4124033.6237415373,1.452228661048439,0.00005010
302605.8134427184,4124033.673390492,1.4522286932345876,0.00005708
302605.81935722014,4124033.723039446,1.4522287321304406,0.00006502
302605.8252717201,4124033.7726884005,1.4522287763293933,0.00007406
302605.831186218,4124033.8223373555,1.4522288279316766,0.00008436
302605.8371007136,4124033.8719863105,1.4522288886637713,0.00009608
302605.8430152063,4124033.921635266,1.452228956441441,0.00010943
302605.8489296958,4124033.971284222,1.452229031735368,0.00012462
302605.85484418174,4124034.0209331783,1.4522291189102043,0.00014193
302605.8607586637,4124034.0705821346,1.452229220380544,0.00016163
302605.8666731409,4124034.120231092,1.45222933684201,0.00018406
302605.8725876127,4124034.16988005,1.4522294688526702,0.00020960
302605.8785020783,4124034.2195290085,1.4522296197607745,0.00023867
302605.88441653695,4124034.269177968,1.4522297941264606,0.00027176
302605.89033098746,4124034.3188269287,1.4522299916028392,0.00030944
302605.89624542865,4124034.3684758903,1.4522302160420062,0.00035233
302605.9021598594,4124034.418124853,1.4522304747231274,0.00040115
302605.90807427815,4124034.467773817,1.45223077023233,0.00045673
302605.9139886831,4124034.517422783,1.452231106568365,0.00051999
302605.9199030723,4124034.5670717508,1.4522314904686358,0.00059199
302605.9258174436,4124034.6167207207,1.452231928859095,0.00067394
302605.93173179444,4124034.666369693,1.452232429250033,0.00076720
302605.93764612195,4124034.7160186684,1.4522330002533277,0.00087334
302605.9435604228,4124034.7656676467,1.4522336521573902,0.00099413
302605.9494746932,4124034.8153166287,1.4522343964326312,0.00113156
302605.9553889289,4124034.8649656144,1.4522352457325631,0.00128793
302605.9613031249,4124034.9146146053,1.4522362149662211,0.00146583
302605.9672172757,4124034.964263601,1.4522373191295832,0.00166820
302605.97313137486,4124035.0139126037,1.4522385776673792,0.00189837
302605.97904541536,4124035.063561613,1.452240013489657,0.00216013
302605.98495938873,4124035.1132106306,1.4522416496797215,0.00245776
302605.9908732857,4124035.162859657,1.452243515343669,0.00279611
302605.9967870955,4124035.2125086933,1.452245642136808,0.00318066
302606.002700806,4124035.262157742,1.45224806678376,0.00361761
302606.0086144033,4124035.311806804,1.4522508300544974,0.00411393
302606.0145278715,4124035.3614558815,1.4522539778889552,0.00467750
302606.02044119267,4124035.4111049767,1.4522575647478893,0.00531716
302606.0263543463,4124035.460754092,1.452261652578551,0.00604280
302606.03226730897,4124035.5104032294,1.452266310866595,0.00686615
302606.03818005405,4124035.560052393,1.4522716177109698,0.00780133
302606.04409255116,4124035.609701586,1.4522776626231533,0.00886081
302606.0500047659,4124035.659350813,1.4522845488895844,0.01006009
302606.05591665895,4124035.709000078,1.4522923940826078,0.01141621
302606.06182818545,4124035.7586493865,1.452301329248249,0.01294780
302606.0677392945,4124035.808298745,1.4523115057693574,0.01467505
302606.07364992803,4124035.85794816,1.4523230969110894,0.01661955
302606.07956002007,4124035.9075976396,1.4523362963298323,0.01878488
302606.0854694953,4124035.9572471925,1.452351329267337,0.02117386
302606.09137826815,4124036.0068968288,1.4523684500779994,0.02379287
302606.097286241,4124036.0565465605,1.452387945897212,0.02665159
302606.10319330293,4124036.1061964007,1.4524101470723698,0.02976280
302606.1090993274,4124036.155846364,1.4524354273466795,0.03314221
302606.1150041706,4124036.205496468,1.4524642142492656,0.03680819
302606.1209076687,4124036.255146732,1.4524969922262658,0.04078145
302606.126809635,4124036.304797178,1.4525343139128437,0.04508459
302606.13270985737,4124036.3544478314,1.4525768083583015,0.04976421
302606.13860809384,4124036.4040987208,1.4526251928870426,0.05479312
302606.14450406935,4124036.4537498783,1.4526802841786377,0.06012321
302606.15039747034,4124036.503401342,1.4527430076363614,0.06573771
302606.1562879401,4124036.553053153,1.452814420258793,0.07162437
302606.16217507253,4124036.6027053604,1.4528957255668142,0.07777474
302606.1680584053,4124036.652358018,1.452988292414384,0.08418365
302606.1739374119,4124036.7020111876,1.4530936768244158,0.09084874
302606.1798114933,4124036.7516649403,1.4532136521871057,0.09781077
302606.1856799675,4124036.801319356,1.453350237590502,0.10501789
302606.191542058,4124036.850974526,1.4535057288585298,0.11244143
302606.197396881,4124036.900630553,1.453682738638166,0.12006709
302606.20324343053,4124036.950287555,1.4538842438653292,0.12788239
302606.2090805615,4124036.999945665,1.4541136281627596,0.13587637
302606.21490697016,4124037.049605034,1.4543747389476747,0.14406578
302606.22072117316,4124037.0992658334,1.4546719571977333,0.15242980
302606.226521482,4124037.1489282576,1.4550102657208626,0.16094804
302606.232305975,4124037.1985925264,1.4553953315576824,0.16960444
302606.2380724652,4124037.2482588883,1.4558335996831537,0.17837992
302606.24381846393,4124037.297927625,1.456332399306762,0.18726223
302606.24954113935,4124037.347599054,1.456900063779161,0.19624521
302606.25523726916,4124037.397273534,1.4575460625147383,0.20528601
302606.26090318727,4124037.4469514685,1.4582811570632883,0.21436811
302606.2665347233,4124037.4966333117,1.459117573053774,0.22347445
302606.2721271332,4124037.5463195737,1.4600691927460345,0.23259064
302606.2776750219,4124037.596010826,1.4611517810997743,0.24170235
302606.28317225404,4124037.6457077065,1.4623832271115969,0.25077799
302606.28861185396,4124037.695410927,1.4637838159653513,0.25980051
302606.2939858923,4124037.7451212774,1.4653765448365936,0.26875293
302606.29928535793,4124037.794839631,1.46718746483328,0.27761873
302606.30450001283,4124037.8445669487,1.4692460578354716,0.28636987
302606.3096182292,4124037.8943042816,1.47288328555518,0.29498535
302606.31462680624,4124037.9440527717,1.4757826271091272,0.30344604
302606.3195107632,4124037.9938136465,1.4790135789717715,0.31172923
302606.3242531099,4124038.0435882113,1.4826781986714368,0.31979675
302606.3288345889,4124038.093377835,1.4868361117947015,0.32763935
302606.3332333896,4124038.143183924,1.4915513297402134,0.33524289
302606.337424833,4124038.193007885,1.4968951488114284,0.34259437
302606.3413810251,4124038.2428510715,1.502946809181557,0.34965486
302606.3450704805,4124038.292714707,1.5136560624798336,0.35642635
302606.34845771675,4124038.342599783,1.5269204481564511,0.36290091
302606.3515028268,4124038.392506919,1.5429961030379076,0.36906532
302606.35416103393,4124038.442436178,1.5553161680224519,0.37488460
302606.3563793295,4124038.4923869455,1.5688545662235998,0.38034695
302606.3580937897,4124038.5423575286,1.583970259109039,0.38545764
302606.3592478221,4124038.592344115,1.6005561666867016,0.39020555
302606.3597711908,4124038.6423411523,1.6184279302255344,0.39455959
302606.35958653677,4124038.6923403847,1.6374252485504526,0.39848496
302606.3586093071,4124038.742330101,1.6574135789627744,0.40199328
302606.35674797976,4124038.792294261,1.6782822046853998,0.40506505
302606.3539047082,4124038.8422115333,1.6999432537448829,0.40766874
302606.3500637684,4124038.892061611,1.7226084848232073,0.40976849
302606.34521323274,4124038.9418231775,1.7465503307070278,0.41140563
302606.33932571573,4124038.991472245,1.772022106100449,0.41257444
302606.33235951985,4124039.0409809486,1.7995871627999944,0.41326298
302606.32425969903,4124039.090316327,1.8286881443286702,0.41340993
302606.31495921477,4124039.139439087,1.8583445192691255,0.41306220
302606.3043803796,4124039.188302393,1.8879756027682941,0.41219832
302606.2924368012,4124039.2368507725,1.917052043582855,0.41079075
302606.2790360512,4124039.2850193256,1.9450775237741886,0.40875854
302606.26398131,4124039.332699036,1.9712503695626757,0.40608021
302606.2474104522,4124039.3798717395,1.9958865167605881,0.40279271
302606.22955402447,4124039.426570602,2.0203433792968615,0.39895353
302606.21050121635,4124039.4727930743,2.0441585389638184,0.39454777
302606.19032052084,4124039.518534092,2.067067312417786,0.38960458
302606.1690628543,4124039.563785189,2.088984263067333,0.38413657
302606.1467642028,4124039.608533944,2.1098184627394962,0.37813832
302606.1234478914,4124039.652763692,2.1294665562162374,0.37159158
302606.09895592905,4124039.696354331,2.1475930006937123,0.36440906
302606.07352220814,4124039.7394000967,2.164696175683462,0.35667383
302606.0472755213,4124039.781953851,2.180976389212112,0.34841469
302606.020280218,4124039.82403677,2.196467841440177,0.33963866
302605.992589804,4124039.865666576,2.2111277317383933,0.33033621
302605.9642484344,4124039.906857656,2.2249930015215096,0.32051750
302605.93518924236,4124039.94754627,2.2377759935669483,0.31014460
302605.9054922056,4124039.987770461,2.249200847780118,0.29923607
302605.8752302099,4124040.027570263,2.259383558945783,0.28781148
302605.84445447964,4124040.066974662,2.2683851427978845,0.27586089
302605.8132235376,4124040.106020277,2.276345252356507,0.26342699
302605.7815667047,4124040.1447222787,2.2833004756600865,0.25051962
302605.74948849366,4124040.183075533,2.288935833286026,0.23713689
302605.717122047,4124040.221185409,2.2936749046344853,0.22333665
302605.68450030114,4124040.259077075,2.29757765234143,0.20912810
302605.6516554518,4124040.2967758505,2.300694836622836,0.19455209
302605.6186078569,4124040.334297264,2.3028632357765306,0.17962813
302605.58537583874,4124040.371655382,2.3040053258756616,0.16437656
302605.5520348795,4124040.408916248,2.304318659640808,0.14884050
302605.5186082379,4124040.446100326,2.3037422628878748,0.13304449
302605.4851177385,4124040.483226947,2.301967907726821,0.11702909
302605.45158266433,4124040.5203133165,2.299080260014267,0.10082771
302605.418060825,4124040.557411648,2.2952734176201357,0.08449970
302605.38458561955,4124040.5945520247,2.290655745839301,0.06808513
302605.35118439846,4124040.6317588934,2.284915367666788,0.05162136
302605.31789700815,4124040.669067735,2.2783729054270596,0.03517374
302605.2848178663,4124040.706561276,2.271463156338328,0.01882492
302605.251943831,4124040.7442343696,2.2641316093293633,0.00259923
302605.2192892928,4124040.7820977992,2.2560377795099784,0.01346941
302605.18686561164,4124040.820159505,2.2471787528120526,0.02936158
302605.15477898286,4124040.8585059294,2.238260447274603,0.04497654
302605.1229914954,4124040.8971000705,2.229114517163319,0.06031582
302605.0914997291,4124040.9359354926,2.219398677037462,0.07536181
302605.0603194634,4124040.9750218187,2.2087804762758783,0.09008771
302605.02955069026,4124041.014433525,2.198047567988826,0.10444077
302604.99920486176,4124041.054171131,2.1871997383226334,0.11840096
302604.9692164898,4124041.0941784857,2.1757141528948165,0.13199477
302604.9395967404,4124041.1344598606,2.162843141927019,0.14521260
302604.91042793717,4124041.175069969,2.1494417407596496,0.15800765
302604.88181117055,4124041.216070249,2.135803061939264,0.17034034
302604.85364484997,4124041.257380034,2.1213982413838894,0.18224896
302604.8259498413,4124041.2990074675,2.1053144324269075,0.19369426
302604.79879534326,4124041.3409911934,2.0889056972129594,0.20462912
302604.7723900341,4124041.3834495195,2.0730195100077156,0.21495771
302604.7465858762,4124041.426273523,2.0571383419106946,0.22476157
302604.72142060596,4124041.4694757215,2.0404556415899098,0.23403606
302604.6969349994,4124041.513069931,2.0240279349668224,0.24276004
302604.6734025833,4124041.5571859414,2.0090892178417006,0.25080965
302604.6505119862,4124041.6016356694,1.994611714472486,0.25832505
302604.62826077465,4124041.646408785,1.9800295291519694,0.26529944
302604.60664700903,4124041.6914953305,1.965808818862607,0.27172318
302604.5859353477,4124041.7370038694,1.9531947553180156,0.27747394
302604.5658556879,4124041.7827928113,1.9413594419584528,0.28263197
302604.5463455949,4124041.828827235,1.9299603125695028,0.28724407
302604.52739006147,4124041.8750941595,1.918847317745393,0.29135855
302604.509136979,4124041.921643327,1.908946589994352,0.29493116
302604.4914390785,4124041.9684053813,1.8998246824050287,0.29803434
302604.4742042291,4124042.0153398444,1.891172967067108,0.30071524
302604.4574119973,4124042.062435061,1.8826735617082142,0.30298836
302604.4410864748,4124042.1096947407,1.8745531521221988,0.30484761
302604.4252514219,4124042.157120751,1.867041574545222,0.30624557
302604.40977611433,4124042.2046649647,1.8597169049683488,0.30728009
302604.39465095085,4124042.252321792,1.8525295586554633,0.30798073
302604.37986723176,4124042.300086037,1.8450569881776702,0.30836256
302604.3654950156,4124042.3479759046,1.8379002994966323,0.30840837
302604.351484915,4124042.395972635,1.8309369372464137,0.30814441
302604.337793503,4124042.4440610413,1.8240053393310784,0.30756671
302604.3244190378,4124042.492238656,1.8169263578223438,0.30669143
302604.31136021944,4124042.5405031904,1.8094972242441945,0.30553393
302604.298736493,4124042.5888833674,1.8023724801050378,0.30405900
302604.2864285512,4124042.6373444423,1.7951861805338225,0.30232433
302604.274432482,4124042.685883551,1.787897212181249,0.30033641
302604.26275177277,4124042.7344997046,1.7803245902491036,0.29809231
302604.2514372198,4124042.783202691,1.7725595512534038,0.29560671
302604.2405474916,4124042.832002221,1.7649542246266872,0.29286454
302604.2299982533,4124042.880876164,1.757297791571926,0.28990545
302604.2197916134,4124042.929822788,1.7496549962465586,0.28673298
302604.2099306755,4124042.978840497,1.7420126080285225,0.28334986
302604.2004745126,4124043.027938165,1.7345348274548413,0.27975366
302604.1914435397,4124043.0771155725,1.727552485375779,0.27594216
302604.18278877775,4124043.126360225,1.720958705942596,0.27193986
302604.1744958719,4124043.175667187,1.7147415639222525,0.26775730
302604.1665434436,4124043.225030478,1.708866173982995,0.26341920
302604.1589397061,4124043.274448928,1.7032256834771287,0.25893178
302604.1516926106,4124043.3239208325,1.6980847687403502,0.25429970
302604.1447214552,4124043.373432195,1.6932211880122374,0.24956661
302604.13801509084,4124043.422980109,1.6886072627144235,0.24476439
302604.1315608802,4124043.472561622,1.684209420385287,0.23989752
302604.1253478216,4124043.5221740995,1.6797232844496177,0.23497499
302604.11941690545,4124043.571821084,1.6752710613381843,0.22998390
302604.11369116633,4124043.621492024,1.6705599787494736,0.22498564
302604.10816322477,4124043.671185339,1.665446578583516,0.21997288
302604.1028269817,4124043.7208996457,1.6597871342223547,0.21494764
302604.0976797701,4124043.7706339657,1.6532561533340857,0.20991592
302604.09280560137,4124043.820395823,1.6462062136875522,0.20487064
302604.0882023646,4124043.8701833026,1.6389333194791256,0.19981526
302604.0838868468,4124043.9199963473,1.631576351114116,0.19472469
302604.07989223994,4124043.9698360567,1.6243132156012408,0.18958791
302604.076255494,4124044.019703319,1.6173299690700755,0.18441087
302604.07307435217,4124044.0696020196,1.6108798779593096,0.17917802
302604.070317014,4124044.119525747,1.6050032422910236,0.17387453
302604.0678935751,4124044.1694666035,1.5995182496028781,0.16854293
302604.0657816944,4124044.2194216237,1.5944215013226755,0.16320984
302604.06396065425,4124044.269388216,1.5897325512081124,0.15793617
302604.0624114846,4124044.3193641477,1.5854741407313482,0.15269067
302604.0611549354,4124044.369348356,1.5817748905196567,0.14747315
302604.0601501926,4124044.4193381644,1.5785994123961438,0.14231037
302604.0593651368,4124044.4693318405,1.575969786204744,0.13728234
302604.058775524,4124044.5193282403,1.5738880439007787,0.13232091
302604.05835432553,4124044.5693263994,1.5723516504887032,0.12743662
302604.05807563366,4124044.619325603,1.571321204717975,0.12263976
302604.05791989807,4124044.66932536,1.5707308170011287,0.11800191
302604.0578594596,4124044.7193253185,1.5704875972287333,0.11346905
302604.0578546395,4124044.7693253113,1.5704592826224109,0.10904331
302604.0578808846,4124044.8193253027,1.5705596076228527,0.10473181
302604.0579119886,4124044.8693252928,1.5707002063541413,0.10058084
302604.0579344406,4124044.9193252875,1.5708314653154927,0.09656124
302604.0579488729,4124044.969325285,1.570951008162067,0.09265112
302604.0579559188,4124045.0193252848,1.5710593178974142,0.08884554
302604.0579561998,4124045.0693252846,1.5711570879536174,0.08514996
302604.0579503163,4124045.119325284,1.5712450602544488,0.08156958
302604.05793860473,4124045.169325283,1.5713232462759799,0.07807390
302604.05792182655,4124045.21932528,1.571393066071456,0.07466048
302604.057900581,4124045.2693252754,1.5714555906037364,0.07132714
302604.0578753113,4124045.319325269,1.5715114682337123,0.06808988
302604.0578464277,4124045.3693252606,1.5715613031532798,0.06493712
302604.0578143072,4124045.41932525,1.5716056678528267,0.06185872
302604.0577792944,4124045.469325238,1.5716450991411977,0.05885418
302604.05774170236,4124045.5193252238,1.5716800966481035,0.05592308
302604.0577018146,4124045.5693252077,1.5717111203600986,0.05309253
302604.0576598866,4124045.6193251903,1.5717385908665422,0.05033510
302604.05761614797,4124045.669325171,1.5717628924957736,0.04764977
302604.05757080443,4124045.719325151,1.5717843720139633,0.04503721
302604.0575240401,4124045.7693251288,1.5718033440670927,0.04250881
302604.05747601885,4124045.8193251058,1.571820090188745,0.04007765
302604.05742688675,4124045.869325082,1.5718348633382757,0.03772445
302604.0573767737,4124045.9193250565,1.5718478897938108,0.03544955
302604.0573257946,4124045.9693250307,1.571859370727795,0.03325350
302604.05727405177,4124046.0193250035,1.5718694863238047,0.03114945
302604.0572216354,4124046.0693249763,1.5718783958199016,0.02914180
302604.05716862547,4124046.119324948,1.5718862408130294,0.02721936
302604.0571150926,4124046.1693249196,1.571893146717544,0.02537877
302604.05706109916,4124046.2193248905,1.5718992252375628,0.02361512
302604.0570067002,4124046.2693248605,1.5719045744890032,0.02193011
302604.05695194425,4124046.3193248305,1.5719092812192135,0.02032542
302604.0568968741,4124046.3693248006,1.5719134220222832,0.01878288
302604.05684152746,4124046.4193247696,1.5719170646834595,0.01729994
302604.05678593763,4124046.4693247387,1.5719202691828065,0.01587370
302604.0567301337,4124046.519324708,1.5719230877355397,0.01450166
302604.0566741415,4124046.5693246764,1.5719255670025738,0.01319289
302604.0566179837,4124046.619324645,1.571927747472043,0.01193019
302604.0565616802,4124046.669324613,1.5719296654543093,0.01071185
302604.05650524865,4124046.7193245813,1.5719313524427527,0.00953650
302604.0564487044,4124046.7693245495,1.5719328365513745,0.00840350
302604.056392061,4124046.819324517,1.5719341420420627,0.00733152
302604.05633533036,4124046.869324485,1.571935290222598,0.00632005
302604.0562785231,4124046.919324453,1.571936300590789,0.00537278
302604.0562216484,4124046.9693244207,1.5719371895997105,0.00449706
302604.0561647144,4124047.019324388,1.5719379718996866,0.00370105
302604.0561077281,4124047.0693243556,1.5719386603903123,0.00300645
302604.0560506959,4124047.1193243233,1.5719392665900087,0.00240614
302604.0559936233,4124047.1693242905,1.5719398002892178,0.00188011
302604.0559365151,4124047.2193242577,1.5719402700894085,0.00142337
302604.0558793756,4124047.2693242254,1.5719406837953074,0.00103130
302604.0558222086,4124047.3193241926,1.5719410482451215,0.00069968
302604.0557650172,4124047.36932416,1.5719413689435238,0.00043310
302604.05570780445,4124047.419324127,1.5719416513268245,0.00022250
302604.0556505729,4124047.4693240942,1.5719419000906178,0.00006073
302604.05559332477,4124047.5193240615,1.571942119709139,0.00005760
302604.05553606205,4124047.5693240287,1.5719423133552861,0.00013850
302604.05547878647,4124047.619323996,1.5719424841385807,0.00018773
302604.0554214996,4124047.669323963,1.571942634791656,0.00020962
302604.0553642027,4124047.7193239303,1.5719427676647242,0.00021034
302604.05530689703,4124047.7693238975,1.5719428850871848,0.00019869
302604.0552495835,4124047.8193238648,1.5719429882814526,0.00018014
302604.0551922631,4124047.869323832,1.5719430795222298,0.00016050
302604.05513493664,4124047.9193237987,1.5719431600241225,0.00014278
302604.0550776049,4124047.969323766,1.5719432313275277,0.00012684
302604.0550202684,4124048.019323733,1.5719432944293945,0.00011254
302604.05496292777,4124048.0693237004,1.571943350118559,0.00009974
302604.0549055835,4124048.1193236676,1.5719433993526999,0.00008832
302604.0548482359,4124048.1693236344,1.5719434427326742,0.00007818
302604.0547908855,4124048.2193236016,1.5719434810292037,0.00006917
302604.0547335325,4124048.269323569,1.5719435152024464,0.00006115
302604.0546761772,4124048.319323536,1.5719435456656738,0.00005402
302604.05461881997,4124048.3693235028,1.5719435726238746,0.00004770
302604.05456146103,4124048.41932347,1.5719435964593294,0.00004209
302604.0545041005,4124048.469323437,1.5719436173754768,0.00003713
302604.0544467387,4124048.5193234044,1.5719436361164014,0.00003274
302604.0543893755,4124048.569323371,1.5719436525349835,0.00002886
302604.05433201115,4124048.6193233384,1.5719436671819147,0.00002543
302604.05427464587,4124048.6693233056,1.5719436804483027,0.00002240
302604.05421727983,4124048.719323273,1.5719436927240429,0.00001973
302604.0541599131,4124048.7693232396,1.5719437040269382,0.00001738
302604.05410254566,4124048.819323207,1.5719437139943058,0.00001530
302604.0540451776,4124048.869323174,1.5719437227872604,0.00001347
302604.0539878089,4124048.9193231408,1.5719437302295334,0.00001186
302604.05393043964,4124048.969323108,1.5719437365017115,0.00001044
302604.05387306993,4124049.019323075,1.5719437419763962,0.00000919
302604.0538156998,4124049.0693230424,1.5719437464895856,0.00000809
302604.0537583294,4124049.119323009,1.5719437502157116,0.00000712
302604.0537009587,4124049.1693229764,1.5719437533528962,0.00000627
302604.0536435878,4124049.2193229436,1.5719437560902934,0.00000552
302604.0535862167,4124049.2693229103,1.5719437582530367,0.00000486
302604.05352884537,4124049.3193228776,1.571943759837459,0.00000428
302604.0534714739,4124049.369322845,1.5719437612069491,0.00000377
302604.0534141024,4124049.419322812,1.5719437629343411,0.00000332
302604.0533567308,4124049.4693227788,1.5719437648622598,0.00000292
302604.05329935905,4124049.519322746,1.571943766619265,0.00000258
302604.0532419873,4124049.569322713,1.5719437691033291,0.00000227
302604.0531846155,4124049.61932268,1.5719437716220541,0.00000200
302604.05312724365,4124049.669322647,1.5719437741458964,0.00000176
302604.0530698716,4124049.7193226144,1.5719437759310053,0.00000155
302604.0530124994,4124049.7693225816,1.571943777494854,0.00000137
302604.05295512715,4124049.8193225483,1.5719437790459476,0.00000121
302604.05289775465,4124049.8693225156,1.571943779862491,0.00000107
302604.0528403821,4124049.919322483,1.5719437806406147,0.00000094
302604.0527830095,4124049.9693224495,1.5719437814151251,0.00000083
302604.0527256369,4124050.0193224167,1.5719437821928395,0.00000073
302604.05266826425,4124050.069322384,1.5719437829690217,0.00000065
302604.0526108915,4124050.119322351,1.5719437835608032,0.00000057
302604.0525535188,4124050.169322318,1.571943784325997,0.00000051
302604.052496146,4124050.219322285,1.5719437849189208,0.00000045
302604.05243877316,4124050.2693222524,1.5719437855015397,0.00000039
302604.05238140037,4124050.319322219,1.571943786081951,0.00000035
302604.05232402746,4124050.3693221863,1.5719437862969876,0.00000031
302604.05226665456,4124050.4193221536,1.5719437864920636,0.00000027
302604.0522092816,4124050.469322121,1.5719437865018173,0.00000024
302604.05215190863,4124050.5193220875,1.5719437865006132,0.00000021
302604.0520945356,4124050.5693220547,1.5719437861335965,0.00000019
302604.05203716265,4124050.619322022,1.57194378629957,0.00000017
302604.0519797897,4124050.6693219887,1.5719437863061763,0.00000015
302604.0519224167,4124050.719321956,1.5719437863081989,0.00000013
302604.05186504376,4124050.769321923,1.5719437863083001,0.00000012
302604.0518076708,4124050.8193218904,1.571943786308305,0.00000010
302604.0517502979,4124050.869321857,1.5719437864909374,0.00000009
302604.05169292487,4124050.9193218243,1.571943786317437,0.00000008
302604.0516355519,4124050.9693217915,1.571943786493086,0.00000007
302604.05157817894,4124051.0193217583,1.5719437865001766,0.00000007
302604.051520806,4124051.0693217255,1.571943786502223,0.00000006
302604.051463433,4124051.1193216927,1.5719437865023254,0.00000005
302604.05140606005,4124051.16932166,1.5719437865023305,0.00000005
302604.0513486871,4124051.2193216267,1.5719437865006387,0.00000004
302604.05129131407,4124051.269321594,1.571943786317922,0.00000003
302604.0512339411,4124051.319321561,1.5719437863087862,0.00000003
302604.05117656814,4124051.369321528,1.5719437864909616,0.00000003
302604.0511191952,4124051.419321495,1.5719437863174381,0.00000003
302604.0510618222,4124051.4693214623,1.571943786308762,0.00000003
302604.05100444925,4124051.5193214295,1.571943786308328,0.00000002
302604.0509470763,4124051.5693213963,1.5719437863066144,0.00000002
302604.0508897033,4124051.6193213635,1.5719437863082208,0.00000002
302604.0508323303,4124051.6693213307,1.5719437863083012,0.00000002
302604.0507749574,4124051.7193212975,1.5719437864909374,0.00000002
302604.05071758444,4124051.7693212647,1.5719437865017611,0.00000001
302604.0506602115,4124051.819321232,1.5719437865023023,0.00000001
302604.0506028385,4124051.869321199,1.5719437865023294,0.00000001
302604.05054546555,4124051.919321166,1.5719437865023307,0.00000001
302604.05048809253,4124051.969321133,1.5719437863180066,0.00000001
302604.05043071957,4124052.0193211003,1.5719437864931145,0.00000000
302604.0503733466,4124052.069321067,1.571943786500178,0.00000001
302604.05031597364,4124052.1193210343,1.571943786502223,0.00000001
302604.0502586007,4124052.1693210015,1.5719437865023254,0.00000001
302604.0502012277,4124052.2193209683,1.5719437865006385,0.00000001
302604.05014385475,4124052.2693209355,1.571943786317922,0.00000001
302604.05008648173,4124052.3193209027,1.571943786124462,0.00000000
302604.05002910877,4124052.36932087,1.5719437862991132,0.00000000
302604.0499717358,4124052.4193208367,1.5719437863061536,0.00000001
302604.04991436284,4124052.469320804,1.5719437863081978,0.00000000
302604.0498569899,4124052.519320771,1.5719437863083,0.00000000
302604.049799617,4124052.569320738,1.5719437864909371,0.00000000
302604.049742244,4124052.619320705,1.5719437865017611,0.00000000
302604.049684871,4124052.6693206723,1.5719437863179782,0.00000000
302604.049627498,4124052.7193206395,1.5719437864931132,0.00000000
302604.04957012506,4124052.7693206063,1.571943786500178,0.00000000
302604.0495127521,4124052.8193205735,1.571943786502223,0.00000001
302604.04945537914,4124052.8693205407,1.5719437865023254,0.00000000
302604.0493980062,4124052.9193205074,1.5719437865006385,0.00000001
302604.0493406332,4124052.9693204747,1.571943786502246,0.00000001
302604.0492832602,4124053.019320442,1.5719437863180024,0.00000000
302604.0492258872,4124053.069320409,1.5719437863087902,0.00000000
302604.04916851426,4124053.119320376,1.5719437864909618,0.00000001
302604.0491111413,4124053.169320343,1.5719437863174381,0.00000001
302604.04905376834,4124053.2193203103,1.571943786308762,0.00000001
302604.0489963954,4124053.269320277,1.571943786306636,0.00000001
302604.0489390224,4124053.3193202442,1.571943786492546,0.00000001
302604.04888164945,4124053.3693202115,1.5719437865018415,0.00000000
302604.0488242764,4124053.4193201787,1.5719437863179822,0.00000001
302604.0487669035,4124053.4693201454,1.5719437864914214,0.00000000
302604.04870953056,4124053.5193201127,1.5719437865017853,0.00000001
302604.0486521576,4124053.56932008,1.5719437865023034,0.00000000
302604.0485947846,4124053.6193200466,1.571943786316313,0.00000001
302604.0485374116,4124053.669320014,1.5719437863087058,0.00000001
302604.04848003865,4124053.719319981,1.5719437864926495,0.00000001
302604.0484226657,4124053.7693199483,1.5719437865018466,0.00000001
302604.0483652927,4124053.819319915,1.5719437865006145,0.00000001
302604.04830791976,4124053.8693198822,1.571943786502245,0.00000001
302604.0482505468,4124053.9193198495,1.5719437863180024,0.00000001
302604.04819317383,4124053.969319816,1.571943786307098,0.00000001
302604.0481358008,4124054.0193197834,1.571943786308245,0.00000000
302604.04807842785,4124054.0693197506,1.5719437863083023,0.00000000
302604.0480210549,4124054.119319718,1.5719437863083052,0.00000001
302604.0479636819,4124054.1693196846,1.5719437863066132,0.00000001
302604.047906309,4124054.219319652,1.571943786492545,0.00000001
302604.04784893605,4124054.269319619,1.5719437865018415,0.00000000
302604.04779156303,4124054.319319586,1.57194378631629,0.00000001
302604.04773419007,4124054.369319553,1.5719437863087045,0.00000001
302604.0476768171,4124054.4193195202,1.5719437864926493,0.00000001
302604.04761944414,4124054.4693194875,1.5719437865018466,0.00000001
302604.0475620712,4124054.519319454,1.5719437865006145,0.00000000
302604.0475046982,4124054.5693194214,1.571943786502245,0.00000001
302604.04744732525,4124054.6193193886,1.5719437865023265,0.00000001
302604.0473899523,4124054.6693193554,1.5719437865006385,0.00000001
302604.04733257927,4124054.7193193226,1.571943786317922,0.00000000
302604.0472752063,4124054.76931929,1.5719437864931103,0.00000000
302604.04721783334,4124054.819319257,1.5719437863175456,0.00000001
302604.0471604604,4124054.869319224,1.571943786307075,0.00000001
302604.0471030874,4124054.919319191,1.571943786308244,0.00000001
302604.04704571445,4124054.9693191582,1.5719437863083023,0.00000001
302604.0469883415,4124055.019319125,1.571943786306613,0.00000001
302604.04693096847,4124055.069319092,1.5719437863082208,0.00000000
302604.04687359557,4124055.1193190594,1.5719437864926253,0.00000001
302604.0468162226,4124055.1693190266,1.5719437865018455,0.00000001
302604.04675884964,4124055.2193189934,1.5719437865023065,0.00000001
302604.0467014767,4124055.2693189606,1.5719437865023296,0.00000001
302604.0466441037,4124055.319318928,1.5719437865023307,0.00000000
302604.0465867307,4124055.3693188946,1.5719437863163144,0.00000001
302604.0465293577,4124055.419318862,1.5719437863087058,0.00000001
302604.04647198477,4124055.469318829,1.5719437864926495,0.00000001
302604.0464146118,4124055.5193187958,1.5719437865001546,0.00000001
302604.04635723884,4124055.569318763,1.5719437863178978,0.00000001
302604.0462998659,4124055.61931873,1.571943786308785,0.00000001
302604.0462424929,4124055.6693186974,1.5719437863083294,0.00000001
302604.04618511995,4124055.719318664,1.5719437863066144,0.00000001
302604.04612774693,4124055.7693186314,1.5719437863082208,0.00000000
302604.04607037397,4124055.8193185986,1.5719437863083012,0.00000000
302604.04601300106,4124055.8693185654,1.5719437864909374,0.00000000
302604.0459556281,4124055.9193185326,1.5719437865017611,0.00000001
302604.04589825514,4124055.9693185,1.5719437865023023,0.00000001
302604.0458408822,4124056.019318467,1.5719437865023294,0.00000000
302604.04578350915,4124056.0693184338,1.5719437863163144,0.00000001
302604.0457261362,4124056.119318401,1.5719437863087058,0.00000001
302604.0456687632,4124056.169318368,1.5719437864926495,0.00000001
302604.04561139026,4124056.219318335,1.5719437865001546,0.00000000
302604.0455540173,4124056.269318302,1.5719437865022219,0.00000001
302604.04549664434,4124056.3193182694,1.5719437865023254,0.00000001
302604.0454392714,4124056.3693182366,1.5719437865023305,0.00000001
302604.0453818984,4124056.4193182033,1.5719437865006387,0.00000001
302604.0453245254,4124056.4693181706,1.571943786317922,0.00000000
302604.0452671524,4124056.519318138,1.5719437863087862,0.00000000
302604.04520977946,4124056.5693181045,1.5719437863066372,0.00000001
302604.0451524065,4124056.6193180718,1.571943786308222,0.00000001
302604.04509503354,4124056.669318039,1.5719437863083012,0.00000001
302604.0450376606,4124056.719318006,1.5719437863083052,0.00000001
302604.0449802876,4124056.769317973,1.5719437863066132,0.00000001
302604.04492291465,4124056.81931794,1.5719437863082208,0.00000001
302604.0448655417,4124056.8693179074,1.5719437864926253,0.00000001
302604.0448081687,4124056.919317874,1.5719437865001535,0.00000000
302604.04475079576,4124056.9693178413,1.5719437865022219,0.00000001
302604.0446934228,4124057.0193178086,1.5719437865023254,0.00000000
302604.04463604983,4124057.069317776,1.5719437865023305,0.00000000
302604.04457867687,4124057.1193177425,1.5719437865006387,0.00000001
302604.04452130385,4124057.1693177097,1.571943786317922,0.00000000
302604.0444639309,4124057.219317677,1.5719437864931103,0.00000000
302604.0444065579,4124057.2693176437,1.5719437865001777,0.00000001
302604.04434918496,4124057.319317611,1.5719437863178989,0.00000001
302604.044291812,4124057.369317578,1.571943786308785,0.00000001
302604.04423443903,4124057.4193175454,1.5719437863083294,0.00000001
302604.04417706607,4124057.469317512,1.5719437863066144,0.00000001
302604.04411969305,4124057.5193174793,1.5719437861238967,0.00000000
302604.0440623201,4124057.5693174466,1.5719437862990848,0.00000000
302604.0440049472,4124057.6193174133,1.5719437864904764,0.00000000
302604.0439475742,4124057.6693173805,1.571943786501738,0.00000001
302604.04389020125,4124057.7193173477,1.5719437865023012,0.00000000
302604.0438328283,4124057.769317315,1.5719437865023291,0.00000000
302604.0437754553,4124057.8193172817,1.5719437865006387,0.00000001
302604.0437180823,4124057.869317249,1.571943786317922,0.00000001
302604.04366070934,4124057.919317216,1.5719437864931103,0.00000001
302604.0436033364,4124057.969317183,1.5719437865001777,0.00000001
302604.0435459634,4124058.01931715,1.571943786502223,0.00000001
302604.04348859045,4124058.0693171173,1.5719437865023254,0.00000000
302604.0434312175,4124058.1193170846,1.5719437865023305,0.00000001
302604.0433738445,4124058.1693170513,1.5719437865006387,0.00000001
302604.0433164715,4124058.2193170185,1.571943786317922,0.00000000
302604.04325909854,4124058.2693169857,1.5719437863087862,0.00000000
302604.0432017256,4124058.3193169525,1.5719437863066372,0.00000001
302604.0431443526,4124058.3693169197,1.571943786308222,0.00000001
302604.04308697965,4124058.419316887,1.5719437863083012,0.00000001
302604.0430296067,4124058.469316854,1.5719437863083052,0.00000001
302604.0429722337,4124058.519316821,1.5719437864926293,0.00000001
302604.04291486077,4124058.569316788,1.5719437865018457,0.00000001
302604.0428574878,4124058.6193167553,1.5719437865023065,0.00000001
302604.04280011484,4124058.669316722,1.5719437865006376,0.00000000
302604.0427427419,4124058.7193166893,1.571943786502246,0.00000001
302604.0426853689,4124058.7693166565,1.5719437865023265,0.00000000
302604.0426279959,4124058.8193166233,1.5719437863163142,0.00000000
302604.0425706229,4124058.8693165905,1.57194378649303,0.00000000
302604.04251324997,4124058.9193165577,1.5719437865018657,0.00000000
302604.042455877,4124058.969316525,1.5719437863179833,0.00000000
302604.04239850404,4124059.0193164917,1.571943786307097,0.00000000
302604.0423411311,4124059.069316459,1.5719437863082448,0.00000000
302604.0422837581,4124059.119316426,1.5719437863083023,0.00000000
302604.0422263851,4124059.169316393,1.5719437861222891,0.00000000
302604.04216901213,4124059.21931636,1.5719437862990044,0.00000000
302604.0421116392,4124059.2693163273,1.5719437864921644,0.00000000
302604.04205426626,4124059.3193162945,1.5719437865018224,0.00000000
302604.0419968933,4124059.3693162613,1.5719437865006134,0.00000000
302604.04193952034,4124059.4193162285,1.5719437865022448,0.00000000
302604.0418821474,4124059.4693161957,1.5719437865023265,0.00000000
302604.04182477435,4124059.5193161624,1.5719437863163142,0.00000000
302604.0417674014,4124059.5693161297,1.57194378649303,0.00000000
302604.0417100284,4124059.619316097,1.5719437865018657,0.00000000
302604.04165265546,4124059.669316064,1.5719437865023074,0.00000000
302604.0415952825,4124059.719316031,1.5719437865006376,0.00000000
302604.04153790954,4124059.769315998,1.571943786502246,0.00000000
302604.0414805366,4124059.8193159653,1.5719437865023265,0.00000000
302604.04142316355,4124059.869315932,1.5719437861319903,0.00000000
302604.0413657906,4124059.9193158993,1.5719437862994896,0.00000000
302604.0413084176,4124059.9693158665,1.5719437863078645,0.00000000
302604.04125104466,4124060.0193158337,1.5719437863082832,0.00000000
302604.0411936717,4124060.0693158004,1.5719437863066121,0.00000000
302604.04113629874,4124060.1193157677,1.5719437863082206,0.00000000
302604.04107892583,4124060.169315735,1.5719437864926253,0.00000000
302604.0410215528,4124060.2193157016,1.5719437863158292,0.00000000
302604.04096417985,4124060.269315669,1.5719437864930057,0.00000000
302604.0409068069,4124060.319315636,1.5719437865018644,0.00000000
302604.0408494339,4124060.3693156033,1.5719437865023074,0.00000000
302604.04079206096,4124060.41931557,1.5719437865006376,0.00000000
302604.040734688,4124060.4693155373,1.571943786502246,0.00000000
302604.04067731503,4124060.5193155045,1.5719437865023265,0.00000000
302604.040619942,4124060.569315471,1.5719437863163142,0.00000000
302604.04056256905,4124060.6193154384,1.5719437863087058,0.00000000
302604.0405051961,4124060.6693154057,1.5719437863083254,0.00000000
302604.0404478231,4124060.719315373,1.5719437863083063,0.00000000
302604.04039045016,4124060.7693153396,1.5719437863066132,0.00000000
302604.0403330772,4124060.819315307,1.5719437863082208,0.00000000
302604.04027570423,4124060.869315274,1.5719437863083012,0.00000000
302604.04021833127,4124060.919315241,1.571943786306613,0.00000000
302604.0401609583,4124060.969315208,1.571943786492545,0.00000000
302604.04010358534,4124061.0193151752,1.5719437865018415,0.00000000
302604.0400462124,4124061.0693151425,1.5719437865023063,0.00000000
302604.0399888394,4124061.119315109,1.5719437865006376,0.00000000
302604.03993146645,4124061.1693150764,1.571943786502246,0.00000000
302604.0398740935,4124061.2193150437,1.5719437865023265,0.00000000
302604.03981672047,4124061.2693150104,1.5719437863163142,0.00000000
302604.0397593475,4124061.3193149776,1.5719437863087058,0.00000000
302604.03970197454,4124061.369314945,1.5719437864926495,0.00000000
302604.0396446016,4124061.419314912,1.5719437865018466,0.00000000
302604.0395872286,4124061.469314879,1.5719437865006145,0.00000000
302604.03952985565,4124061.519314846,1.5719437863145367,0.00000000
302604.0394724827,4124061.5693148132,1.5719437863153851,0.00000000
302604.0394151097,4124061.61931478,1.57194378741122,0.00000000
302604.0393577367,4124061.669314747,1.571943786360067,0.00000000
302604.03930036374,4124061.7193147144,1.5719437863075092,0.00000000
302604.0392429908,4124061.7693146816,1.5719437863075092,0.00000000
