302596.9821751403,4124077.6609476423,1.3907872135600852,0.00000000
302596.98205047287,4124077.710947487,1.5641645549755032,0.00000000
302596.9819258054,4124077.7609473313,1.5728334220425975,0.00000000
302596.98180113797,4124077.810947176,1.573266865395952,0.00000000
302596.98167647055,4124077.860947021,1.5732885377516201,0.00000000
302596.98155180307,4124077.910946865,1.5732896215500505,0.00000000
302596.98142713564,4124077.96094671,1.5732896757399721,0.00000000
302596.9813024682,4124078.010946554,1.573289678449468,0.00000000
302596.98117780074,4124078.060946399,1.573289678584943,0.00000000
302596.9810531333,4124078.1109462436,1.5732896785917168,0.00000000
302596.98092846584,4124078.160946088,1.573289678407732,0.00000000
302596.9808037983,4124078.2109459327,1.5732896782142087,0.00000000
302596.9806791309,4124078.2609457774,1.5732896782082095,0.00000000
302596.98055446346,4124078.3109456217,1.5732896782042327,0.00000000
302596.980429796,4124078.3609454664,1.5732896782040338,0.00000000
302596.98030512856,4124078.410945311,1.5732896782077008,0.00000000
302596.98018046113,4124078.4609451555,1.5732896782042074,0.00000000
302596.98005579365,4124078.510945,1.5732896782040326,0.00000000
302596.97993112623,4124078.5609448445,1.5732896783883477,0.00000000
302596.9798064588,4124078.6109446893,1.573289678581887,0.00000000
302596.97968179133,4124078.660944534,1.573289678591564,0.00000000
302596.9795571239,4124078.7109443783,1.5732896785920478,0.00000000
302596.9794324565,4124078.760944223,1.573289678592072,0.00000000
302596.979307789,4124078.810944068,1.5732896785920731,0.00000000
302596.9791831215,4124078.860943912,1.5732896784077497,0.00000000
302596.97905845405,4124078.910943757,1.5732896782142096,0.00000000
302596.97893378657,4124078.9609436016,1.5732896782082095,0.00000000
302596.97880911914,4124079.010943446,1.5732896782042327,0.00000000
302596.9786844517,4124079.0609432906,1.5732896782040338,0.00000000
302596.97855978424,4124079.1109431353,1.5732896782077008,0.00000000
302596.9784351168,4124079.1609429796,1.5732896782042074,0.00000000
302596.9783104494,4124079.2109428244,1.5732896782040326,0.00000000
302596.9781857819,4124079.2609426687,1.573289678204024,0.00000000
302596.9780611145,4124079.3109425134,1.5732896785726709,0.00000000
302596.9779364471,4124079.360942358,1.573289678591103,0.00000000
302596.9778117796,4124079.4109422024,1.5732896784077013,0.00000000
302596.9776871122,4124079.460942047,1.5732896785828547,0.00000000
302596.97756244475,4124079.510941892,1.5732896785952892,0.00000000
302596.97743777727,4124079.560941736,1.5732896784079107,0.00000000
302596.97731310973,4124079.610941581,1.5732896782142178,0.00000000
302596.9771884423,4124079.6609414257,1.57328967820821,0.00000000
302596.9770637749,4124079.71094127,1.5732896782042327,0.00000000
302596.9769391074,4124079.7609411147,1.5732896782040338,0.00000000
302596.97681444,4124079.810940959,1.573289678204024,0.00000000
302596.97668977256,4124079.860940804,1.5732896782040235,0.00000000
302596.9765651051,4124079.9109406485,1.5732896782040233,0.00000000
302596.97644043766,4124079.960940493,1.5732896783883472,0.00000000
302596.97631577024,4124080.0109403376,1.5732896785818868,0.00000000
302596.97619110276,4124080.0609401823,1.5732896785952408,0.00000000
302596.97606643534,4124080.1109400266,1.5732896785922317,0.00000000
302596.9759417679,4124080.1609398713,1.5732896785920811,0.00000000
302596.97581710044,4124080.210939716,1.5732896785957504,0.00000000
302596.97569243296,4124080.2609395604,1.5732896784079338,0.00000000
302596.9755677655,4124080.310939405,1.573289678214219,0.00000000
302596.975443098,4124080.3609392494,1.5732896782045331,0.00000000
302596.9753184306,4124080.410939094,1.5732896782040489,0.00000000
302596.97519376315,4124080.460938939,1.5732896782040247,0.00000000
302596.9750690957,4124080.510938783,1.5732896782040235,0.00000000
302596.97494442825,4124080.560938628,1.5732896782040233,0.00000000
302596.9748197608,4124080.6109384727,1.5732896783920236,0.00000000
302596.97469509335,4124080.660938317,1.5732896783977472,0.00000001
302596.9745704259,4124080.7109381617,1.573289678582357,0.00000000
302596.9744457585,4124080.7609380065,1.5732896785952644,0.00000000
302596.974321091,4124080.8109378507,1.5732896785922328,0.00000000
302596.9741964236,4124080.8609376955,1.5732896785920811,0.00000000
302596.9740717561,4124080.91093754,1.5732896784077501,0.00000000
302596.97394708864,4124080.9609373845,1.5732896783985337,0.00000000
302596.97382242116,4124081.0109372293,1.5732896782137489,0.00000001
302596.97369775374,4124081.0609370735,1.5732896782045096,0.00000000
302596.97357308626,4124081.1109369183,1.573289678019724,0.00000000
302596.97344841884,4124081.160936763,1.5732896781948085,0.00000000
302596.9733237514,4124081.2109366073,1.5732896782035626,0.00000000
302596.97319908394,4124081.260936452,1.5732896780196768,0.00000000
302596.9730744165,4124081.310936297,1.5732896783828063,0.00000000
302596.9729497491,4124081.360936141,1.57328967858161,0.00000000
302596.97282508167,4124081.410935986,1.57328967859155,0.00000000
302596.9727004142,4124081.4609358306,1.573289678595724,0.00000000
302596.97257574677,4124081.510935675,1.5732896785922557,0.00000000
302596.97245107935,4124081.5609355196,1.5732896785920825,0.00000000
302596.9723264118,4124081.610935364,1.5732896784077504,0.00000000
302596.9722017443,4124081.6609352087,1.5732896782142098,0.00000000
302596.9720770769,4124081.7109350534,1.5732896782045327,0.00000000
302596.9719524094,4124081.7609348977,1.5732896782040489,0.00000000
302596.971827742,4124081.8109347424,1.5732896782040247,0.00000000
302596.9717030746,4124081.860934587,1.5732896782077004,0.00000000
302596.9715784071,4124081.9109344315,1.5732896782042072,0.00000001
302596.9714537397,4124081.960934276,1.5732896782040326,0.00000000
302596.97132907226,4124082.010934121,1.5732896783920243,0.00000001
302596.9712044048,4124082.0609339653,1.5732896785820707,0.00000000
302596.97107973736,4124082.11093381,1.573289678591573,0.00000000
302596.97095506993,4124082.1609336543,1.5732896785920483,0.00000000
302596.97083040245,4124082.210933499,1.573289678592072,0.00000000
302596.97070573503,4124082.260933344,1.5732896785920731,0.00000000
302596.97058106755,4124082.310933188,1.5732896784077497,0.00000000
302596.9704564,4124082.360933033,1.5732896782142096,0.00000000
302596.9703317326,4124082.4109328776,1.5732896782082095,0.00000000
302596.97020706517,4124082.460932722,1.5732896782042327,0.00000000
302596.9700823977,4124082.5109325666,1.5732896782040338,0.00000000
302596.96995773027,4124082.5609324113,1.5732896782077008,0.00000000
302596.96983306285,4124082.6109322556,1.5732896782042074,0.00000000
302596.96970839537,4124082.6609321004,1.5732896782040326,0.00000000
302596.96958372794,4124082.7109319447,1.5732896783883477,0.00000000
302596.9694590605,4124082.7609317894,1.573289678581887,0.00000000
302596.96933439304,4124082.810931634,1.573289678591564,0.00000000
302596.9692097256,4124082.8609314784,1.5732896785920478,0.00000000
302596.9690850582,4124082.910931323,1.573289678592072,0.00000000
302596.9689603907,4124082.960931168,1.57328967859575,0.00000000
302596.96883572324,4124083.010931012,1.5732896784079335,0.00000000
302596.96871105576,4124083.060930857,1.573289678214219,0.00000000
302596.9685863883,4124083.1109307017,1.57328967820821,0.00000000
302596.96846172085,4124083.160930546,1.5732896782042327,0.00000000
302596.96833705343,4124083.2109303907,1.5732896782040338,0.00000000
302596.96821238595,4124083.260930235,1.573289678204024,0.00000000
302596.96808771853,4124083.31093008,1.5732896782040235,0.00000000
302596.9679630511,4124083.3609299245,1.5732896782040233,0.00000001
302596.9678383836,4124083.410929769,1.5732896782040233,0.00000001
302596.9677137162,4124083.4609296136,1.5732896785726707,0.00000000
302596.9675890488,4124083.5109294583,1.5732896785947799,0.00000000
302596.9674643813,4124083.5609293026,1.5732896785922086,0.00000000
302596.9673397139,4124083.6109291473,1.57328967859208,0.00000000
302596.96721504646,4124083.660928992,1.5732896785957504,0.00000000
302596.967090379,4124083.7109288364,1.573289678592257,0.00000000
302596.96696571144,4124083.760928681,1.5732896782234351,0.00000000
302596.966841044,4124083.8109285254,1.5732896782049939,0.00000000
302596.96671637654,4124083.86092837,1.573289678204072,0.00000000
302596.9665917091,4124083.910928215,1.5732896782040258,0.00000000
302596.9664670417,4124083.960928059,1.5732896782040235,0.00000000
302596.9663423742,4124084.010927904,1.5732896782040233,0.00000000
302596.9662177068,4124084.0609277487,1.5732896782040233,0.00000000
302596.9660930394,4124084.110927593,1.5732896783883472,0.00000000
302596.9659683719,4124084.1609274377,1.5732896783975634,0.00000000
302596.9658437045,4124084.2109272825,1.5732896785860246,0.00000000
302596.96571903705,4124084.2609271267,1.5732896785917707,0.00000000
302596.96559436957,4124084.3109269715,1.573289678592058,0.00000000
302596.96546970215,4124084.3609268162,1.5732896785957493,0.00000000
302596.96534503467,4124084.4109266605,1.5732896784079335,0.00000000
302596.9652203672,4124084.4609265053,1.573289678214219,0.00000000
302596.9650956997,4124084.5109263496,1.5732896782045331,0.00000000
302596.9649710323,4124084.5609261943,1.5732896782040489,0.00000000
302596.9648463648,4124084.610926039,1.573289678019701,0.00000000
302596.9647216974,4124084.6609258833,1.5732896781948074,0.00000001
302596.96459702996,4124084.710925728,1.5732896782035626,0.00000000
302596.96447236254,4124084.760925573,1.5732896783920007,0.00000001
302596.96434769506,4124084.810925417,1.5732896782134222,0.00000001
302596.96422302764,4124084.860925262,1.5732896785731407,0.00000000
302596.9640983602,4124084.9109251066,1.5732896785948034,0.00000000
302596.96397369273,4124084.960924951,1.5732896785922097,0.00000000
302596.9638490253,4124085.0109247956,1.57328967859208,0.00000000
302596.96372435783,4124085.06092464,1.5732896784077501,0.00000000
302596.9635996904,4124085.1109244847,1.5732896785828572,0.00000000
302596.9634750229,4124085.1609243294,1.573289678222965,0.00000001
302596.96335035545,4124085.2109241737,1.5732896782049706,0.00000000
302596.96322568797,4124085.2609240185,1.5732896782040708,0.00000000
302596.96310102055,4124085.310923863,1.5732896782077026,0.00000000
302596.9629763531,4124085.3609237075,1.5732896782042074,0.00000000
302596.96285168565,4124085.4109235522,1.5732896782040326,0.00000000
302596.9627270182,4124085.460923397,1.5732896782077006,0.00000000
302596.9626023508,4124085.5109232413,1.573289678388531,0.00000000
302596.9624776833,4124085.560923086,1.5732896783975727,0.00000000
302596.9623530159,4124085.6109229303,1.5732896785823482,0.00000000
302596.9622283485,4124085.660922775,1.573289678591587,0.00000000
302596.962103681,4124085.71092262,1.573289678592049,0.00000000
302596.9619790136,4124085.760922464,1.573289678592072,0.00000001
302596.9618543461,4124085.810922309,1.5732896784077497,0.00000000
302596.9617296786,4124085.8609221536,1.57328967840221,0.00000000
302596.96160501114,4124085.910921998,1.5732896782139327,0.00000000
302596.9614803437,4124085.9609218426,1.573289678204519,0.00000000
302596.96135567623,4124086.0109216874,1.573289678207725,0.00000000
302596.9612310088,4124086.0609215316,1.5732896782042085,0.00000000
302596.9611063414,4124086.1109213764,1.5732896782040326,0.00000000
302596.9609816739,4124086.1609212207,1.573289678204024,0.00000001
302596.9608570065,4124086.2109210654,1.5732896783883472,0.00000000
302596.96073233907,4124086.26092091,1.5732896785818868,0.00000001
302596.9606076716,4124086.3109207544,1.573289678591564,0.00000000
302596.96048300416,4124086.360920599,1.5732896785920478,0.00000000
302596.96035833674,4124086.410920444,1.573289678592072,0.00000000
302596.96023366926,4124086.460920288,1.5732896785920731,0.00000000
302596.9601090018,4124086.510920133,1.5732896784077497,0.00000000
302596.9599843343,4124086.5609199777,1.5732896782178867,0.00000000
302596.9598596668,4124086.610919822,1.5732896780203929,0.00000000
302596.9597349994,4124086.6609196668,1.573289678194842,0.00000000
302596.959610332,4124086.7109195115,1.5732896782072412,0.00000000
302596.9594856645,4124086.760919356,1.5732896782041843,0.00000000
302596.9593609971,4124086.8109192005,1.5732896782040315,0.00000000
302596.95923632965,4124086.860919045,1.5732896783883477,0.00000000
302596.95911166223,4124086.9109188896,1.573289678581887,0.00000000
302596.95898699475,4124086.9609187343,1.573289678591564,0.00000000
302596.95886232733,4124087.0109185786,1.5732896785920478,0.00000000
302596.95873765985,4124087.0609184233,1.5732896784077486,0.00000000
302596.9586129924,4124087.110918268,1.5732896785865338,0.00000000
302596.95848832495,4124087.1609181124,1.5732896784074728,0.00000000
302596.95836365747,4124087.210917957,1.5732896782141959,0.00000000
302596.95823899,4124087.260917802,1.5732896782082089,0.00000001
302596.95811432257,4124087.310917646,1.5732896782042327,0.00000000
302596.95798965514,4124087.360917491,1.5732896782040338,0.00000000
302596.95786498766,4124087.410917335,1.573289678204024,0.00000000
302596.95774032024,4124087.46091718,1.5732896782040235,0.00000000
302596.9576156528,4124087.5109170247,1.5732896782040233,0.00000001
302596.95749098534,4124087.560916869,1.5732896782040233,0.00000001
302596.9573663179,4124087.6109167137,1.5732896785726707,0.00000000
302596.9572416505,4124087.6609165585,1.5732896785947799,0.00000000
302596.957116983,4124087.7109164027,1.5732896785922086,0.00000000
302596.9569923156,4124087.7609162475,1.57328967859208,0.00000000
302596.9568676482,4124087.8109160922,1.5732896785957504,0.00000000
302596.9567429807,4124087.8609159365,1.573289678592257,0.00000000
302596.95661831315,4124087.9109157813,1.5732896782234351,0.00000000
302596.95649364573,4124087.9609156256,1.5732896782049939,0.00000000
302596.95636897825,4124088.0109154703,1.573289678204072,0.00000000
302596.95624431083,4124088.060915315,1.5732896782040258,0.00000000
302596.9561196434,4124088.1109151593,1.5732896782040235,0.00000000
302596.9559949759,4124088.160915004,1.5732896782040233,0.00000000
302596.9558703085,4124088.210914849,1.5732896782077002,0.00000000
302596.9557456411,4124088.260914693,1.573289678388531,0.00000000
302596.9556209736,4124088.310914538,1.5732896783975727,0.00000000
302596.9554963062,4124088.3609143826,1.573289678586025,0.00000000
302596.95537163876,4124088.410914227,1.5732896785917707,0.00000000
302596.9552469713,4124088.4609140716,1.573289678592058,0.00000000
302596.95512230386,4124088.510913916,1.5732896785920725,0.00000001
302596.9549976364,4124088.5609137607,1.5732896784077497,0.00000000
302596.9548729689,4124088.6109136054,1.5732896783985337,0.00000000
302596.9547483014,4124088.6609134497,1.5732896782137489,0.00000000
302596.954623634,4124088.7109132945,1.5732896782045096,0.00000000
302596.9544989665,4124088.760913139,1.5732896782077246,0.00000000
302596.9543742991,4124088.8109129835,1.5732896782042085,0.00000000
302596.9542496317,4124088.8609128282,1.5732896782040326,0.00000000
302596.9541249642,4124088.910912673,1.5732896782077006,0.00000000
302596.95400029677,4124088.9609125173,1.5732896782042072,0.00000000
302596.95387562935,4124089.010912362,1.57328967857268,0.00000000
302596.95375096187,4124089.0609122063,1.5732896785911037,0.00000000
302596.95362629445,4124089.110912051,1.5732896785920247,0.00000000
302596.953501627,4124089.160911896,1.573289678592071,0.00000000
302596.95337695954,4124089.21091174,1.5732896785920731,0.00000000
302596.9532522921,4124089.260911585,1.5732896785920731,0.00000000
302596.9531276246,4124089.3109114296,1.5732896782234258,0.00000000
302596.9530029571,4124089.360911274,1.5732896782049934,0.00000000
302596.9528782897,4124089.4109111186,1.573289678204072,0.00000000
302596.95275362226,4124089.4609109634,1.5732896782077026,0.00000000
302596.9526289548,4124089.5109108076,1.5732896782042074,0.00000000
302596.95250428736,4124089.5609106524,1.5732896782040326,0.00000000
302596.95237961994,4124089.610910497,1.5732896782077006,0.00000001
302596.95225495246,4124089.6609103414,1.5732896782042072,0.00000000
302596.95213028503,4124089.710910186,1.5732896783883565,0.00000000
302596.9520056176,4124089.7609100305,1.5732896785818875,0.00000000
302596.95188095013,4124089.810909875,1.573289678591564,0.00000000
302596.9517562827,4124089.86090972,1.5732896785920478,0.00000000
302596.9516316153,4124089.9109095642,1.573289678592072,0.00000001
302596.9515069478,4124089.960909409,1.5732896785920731,0.00000000
302596.9513822803,4124090.0109092537,1.573289678411426,0.00000000
302596.95125761285,4124090.060909098,1.5732896782143935,0.00000000
302596.95113294537,4124090.1109089428,1.5732896780202181,0.00000000
302596.95100827795,4124090.1609087875,1.57328967819851,0.00000000
302596.9508836105,4124090.210908632,1.5732896782037478,0.00000000
302596.95075894304,4124090.2609084765,1.5732896780196859,0.00000000
302596.9506342756,4124090.310908321,1.5732896781948065,0.00000001
302596.9505096082,4124090.3609081656,1.5732896783878865,0.00000000
302596.9503849408,4124090.4109080103,1.573289678581864,0.00000001
302596.9502602733,4124090.4609078546,1.5732896785915629,0.00000000
302596.9501356059,4124090.5109076994,1.5732896785920478,0.00000000
302596.95001093845,4124090.560907544,1.5732896785957489,0.00000000
302596.949886271,4124090.6109073884,1.573289678592257,0.00000000
302596.9497616035,4124090.660907233,1.573289678407759,0.00000000
302596.949636936,4124090.710907078,1.5732896782178871,0.00000000
302596.94951226853,4124090.760906922,1.5732896782047165,0.00000000
302596.9493876011,4124090.810906767,1.5732896782040582,0.00000000
302596.9492629337,4124090.860906611,1.573289678204025,0.00000000
302596.9491382662,4124090.910906456,1.5732896782040235,0.00000000
302596.9490135988,4124090.9609063007,1.5732896782040233,0.00000000
302596.94888893137,4124091.010906145,1.5732896782040233,0.00000000
302596.9487642639,4124091.0609059897,1.5732896782040233,0.00000000
302596.94863959646,4124091.1109058345,1.5732896783920236,0.00000000
302596.94851492904,4124091.1609056788,1.5732896785820707,0.00000000
302596.94839026156,4124091.2109055235,1.573289678591573,0.00000000
302596.94826559414,4124091.2609053683,1.573289678595725,0.00000000
302596.9481409267,4124091.3109052125,1.5732896785922559,0.00000000
302596.94801625924,4124091.3609050573,1.5732896785920825,0.00000000
302596.94789159176,4124091.4109049016,1.5732896784077504,0.00000000
302596.9477669243,4124091.4609047463,1.5732896782142098,0.00000000
302596.9476422568,4124091.510904591,1.5732896782045327,0.00000000
302596.9475175894,4124091.5609044353,1.5732896782040489,0.00000000
302596.94739292195,4124091.61090428,1.5732896782040247,0.00000000
302596.9472682545,4124091.660904125,1.5732896782040235,0.00000000
302596.94714358705,4124091.710903969,1.5732896782040233,0.00000000
302596.9470189196,4124091.760903814,1.5732896785726707,0.00000000
302596.94689425215,4124091.8109036586,1.5732896785947799,0.00000000
302596.9467695847,4124091.860903503,1.5732896785922086,0.00000000
302596.9466449173,4124091.9109033477,1.57328967859208,0.00000000
302596.9465202498,4124091.9609031924,1.5732896785957504,0.00000000
302596.9463955824,4124092.0109030367,1.573289678592257,0.00000000
302596.94627091486,4124092.0609028814,1.5732896782234351,0.00000000
302596.9461462474,4124092.1109027257,1.5732896780206702,0.00000000
302596.94602157996,4124092.1609025705,1.5732896781948558,0.00000000
302596.94589691254,4124092.210902415,1.573289678203565,0.00000000
302596.94577224506,4124092.2609022595,1.5732896780196768,0.00000000
302596.94564757764,4124092.3109021042,1.573289678194806,0.00000000
302596.9455229102,4124092.360901949,1.5732896782072394,0.00000000
302596.9453982428,4124092.4109017933,1.5732896783885082,0.00000000
302596.9452735753,4124092.460901638,1.5732896783975716,0.00000000
302596.9451489079,4124092.510901483,1.573289678586025,0.00000000
302596.9450242405,4124092.560901327,1.5732896785917707,0.00000000
302596.944899573,4124092.610901172,1.573289678592058,0.00000001
302596.94477490557,4124092.660901016,1.5732896785920725,0.00000001
302596.9446502381,4124092.710900861,1.5732896784077497,0.00000000
302596.9445255706,4124092.7609007056,1.5732896783985337,0.00000000
302596.9444009031,4124092.81090055,1.5732896782137489,0.00000000
302596.9442762357,4124092.8609003946,1.5732896782045096,0.00000000
302596.9441515682,4124092.9109002394,1.5732896782077246,0.00000001
302596.9440269008,4124092.9609000836,1.5732896782042085,0.00000000
302596.9439022334,4124093.0108999284,1.5732896782040326,0.00000000
302596.9437775659,4124093.060899773,1.5732896782077006,0.00000000
302596.9436528985,4124093.1108996174,1.5732896782042072,0.00000000
302596.94352823106,4124093.160899462,1.57328967857268,0.00000001
302596.9434035636,4124093.2108993065,1.5732896785911037,0.00000001
302596.94327889616,4124093.260899151,1.5732896785920247,0.00000000
302596.94315422873,4124093.310898996,1.573289678592071,0.00000001
302596.94302956125,4124093.3608988402,1.5732896785920731,0.00000000
302596.94290489383,4124093.410898685,1.5732896785920731,0.00000000
302596.9427802263,4124093.4608985297,1.5732896782271026,0.00000001
302596.9426555588,4124093.510898374,1.5732896782051773,0.00000001
302596.9425308914,4124093.560898219,1.573289678204081,0.00000001
302596.94240622397,4124093.6108980635,1.573289678207703,0.00000002
302596.9422815565,4124093.660897908,1.5732896782042074,0.00000002
302596.94215688907,4124093.7108977525,1.5732896782040326,0.00000002
302596.94203222165,4124093.760897597,1.573289678204024,0.00000003
302596.94190755417,4124093.8108974416,1.5732896782040235,0.00000003
302596.94178288674,4124093.8608972863,1.5732896783883472,0.00000004
302596.9416582193,4124093.9108971306,1.5732896785818868,0.00000004
302596.94153355184,4124093.9608969754,1.573289678591564,0.00000005
302596.9414088844,4124094.01089682,1.5732896785920478,0.00000006
302596.941284217,4124094.0608966644,1.573289678592072,0.00000007
302596.9411595495,4124094.110896509,1.5732896785920731,0.00000008
302596.94103488204,4124094.160896354,1.573289678411426,0.00000009
302596.94091021456,4124094.210896198,1.5732896782143935,0.00000010
302596.9407855471,4124094.260896043,1.5732896782045418,0.00000012
302596.94066087966,4124094.3108958877,1.5732896782077261,0.00000014
302596.94053621223,4124094.360895732,1.5732896782042085,0.00000016
302596.94041154475,4124094.4108955767,1.5732896782040326,0.00000018
302596.94028687733,4124094.460895421,1.573289678204024,0.00000021
302596.9401622099,4124094.5108952657,1.5732896782040235,0.00000024
302596.94003754243,4124094.5608951105,1.5732896783883472,0.00000027
302596.939912875,4124094.6108949548,1.5732896785818868,0.00000031
302596.9397882076,4124094.6608947995,1.573289678591564,0.00000036
302596.9396635401,4124094.7108946443,1.5732896785957247,0.00000041
302596.9395388727,4124094.7608944885,1.5732896785922559,0.00000047
302596.93941420526,4124094.8108943333,1.5732896785920825,0.00000054
302596.9392895377,4124094.860894178,1.5732896780427792,0.00000062
302596.93916487024,4124094.9108940223,1.57328967764299,0.00000071
302596.9390402028,4124094.960893867,1.573289677438677,0.00000082
302596.93891553534,4124095.0108937114,1.5732896766911668,0.00000094
302596.9387908679,4124095.060893556,1.57328967610082,0.00000107
302596.9386662005,4124095.110893401,1.573289675334008,0.00000123
302596.93854153313,4124095.160893245,1.5732896747426963,0.00000141
302596.93841686577,4124095.21089309,1.5732896739758362,0.00000161
302596.9382921984,4124095.2608929346,1.5732896730195511,0.00000184
302596.93816753116,4124095.310892779,1.5732896724150893,0.00000210
302596.9380428639,4124095.3608926237,1.5732896720162186,0.00000240
302596.9379181967,4124095.4108924684,1.5732896714469808,0.00000275
302596.93779352953,4124095.4608923127,1.5732896703089003,0.00000314
302596.9376688624,4124095.5108921574,1.5732896689617304,0.00000358
302596.93754419533,4124095.5608920017,1.5732896668668115,0.00000409
302596.93741952826,4124095.6108918465,1.57328966399721,0.00000467
302596.9372948611,4124095.660891691,1.5732896601672561,0.00000533
302596.9371701941,4124095.7108915355,1.57328965555199,0.00000609
302596.9370455273,4124095.7608913803,1.5732896507131346,0.00000695
302596.93692086055,4124095.810891225,1.5732896454944525,0.00000793
302596.9367961941,4124095.8608910693,1.5732896402567789,0.00000904
302596.9366715279,4124095.910890914,1.5732896340965372,0.00001031
302596.93654686195,4124095.960890759,1.5732896264155776,0.00001176
302596.93642219633,4124096.010890603,1.5732896173683162,0.00001341
302596.93629753095,4124096.060890448,1.5732896067781503,0.00001529
302596.9361728658,4124096.1108902926,1.5732895944519263,0.00001743
302596.93604820094,4124096.160890137,1.573289579827015,0.00001987
302596.9359235366,4124096.2108899816,1.5732895632439323,0.00002265
302596.93579887296,4124096.2608898263,1.5732895445353805,0.00002581
302596.9356742101,4124096.3108896706,1.5732895229557,0.00002941
302596.9355495479,4124096.3608895154,1.5732894980989605,0.00003351
302596.93542488647,4124096.41088936,1.573289468838923,0.00003818
302596.93530022603,4124096.4608892044,1.5732894353035995,0.00004349
302596.9351755667,4124096.510889049,1.573289396762096,0.00004954
302596.9350509087,4124096.560888894,1.5732893524405729,0.00005641
302596.93492625235,4124096.610888738,1.5732893015593674,0.00006424
302596.9348015977,4124096.660888583,1.5732892427965826,0.00007313
302596.9346769451,4124096.7108884277,1.5732891759018,0.00008324
302596.9345522948,4124096.760888272,1.5732890986395867,0.00009474
302596.9344276471,4124096.8108881167,1.5732890103562274,0.00010780
302596.9343030025,4124096.8608879615,1.573288909540771,0.00012264
302596.9341783615,4124096.910887806,1.573288794643081,0.00013947
302596.9340537246,4124096.960887651,1.5732886628207943,0.00015857
302596.9339290922,4124097.0108874952,1.573288511900558,0.00018022
302596.9338044652,4124097.06088734,1.5732883392005224,0.00020474
302596.9336798442,4124097.1108871847,1.5732881414494173,0.00023249
302596.93355523003,4124097.1608870295,1.57328791571515,0.00026385
302596.9334306237,4124097.2108868742,1.5732876574346955,0.00029926
302596.9333060266,4124097.260886719,1.5732873613958152,0.00033917
302596.9331814398,4124097.3108865637,1.5732870223685045,0.00038407
302596.933056865,4124097.3608864085,1.5732866349228538,0.00043447
302596.9329323037,4124097.410886253,1.573286191602417,0.00049091
302596.9328077577,4124097.4608860984,1.5732856844807714,0.00055391
302596.9326832294,4124097.510885943,1.573285105965629,0.00062397
302596.9325587217,4124097.5608857884,1.57328444683351,0.00070153
302596.9324342373,4124097.610885633,1.5732836944542086,0.00078692
302596.93230977945,4124097.6608854784,1.5732828364068345,0.00088028
302596.932185352,4124097.7108853236,1.573281857505102,0.00098149
302596.93206095917,4124097.760885169,1.5732807402125761,0.00109021
302596.93193660554,4124097.810885014,1.5732794648514232,0.00120600
302596.93181229685,4124097.8608848597,1.5732780101731276,0.00132836
302596.9316880396,4124097.9108847054,1.5732763520601594,0.00145676
302596.9315638409,4124097.960884551,1.5732744618497316,0.00159065
302596.93143970903,4124098.0108843967,1.5732723080602895,0.00172953
302596.93131565355,4124098.060884243,1.573269853915582,0.00187289
302596.931191685,4124098.1108840895,1.5732670566569316,0.00202027
302596.9310678156,4124098.1608839356,1.5732638682425186,0.00217123
302596.930944059,4124098.2108837827,1.5732602346705364,0.00232538
302596.930820431,4124098.26088363,1.573256093509105,0.00248237
302596.9306969494,4124098.3108834773,1.5732513743657413,0.00264185
302596.9305736349,4124098.3608833253,1.5732459970349155,0.00280353
302596.930450511,4124098.410883174,1.5732398712500841,0.00296714
302596.93032760423,4124098.4608830228,1.5732328936931914,0.00313244
302596.93020494474,4124098.510882872,1.5732249454706222,0.00329921
302596.9300825671,4124098.5608827225,1.5732158925362971,0.00346724
302596.9299605104,4124098.6108825733,1.5732055820120654,0.00363636
302596.9298388195,4124098.6608824255,1.5731938409262916,0.00380641
302596.9297175451,4124098.710882278,1.57318047075925,0.00397722
302596.92959674506,4124098.760882132,1.5731652466776016,0.00414866
302596.92947648535,4124098.8108819877,1.573147912650683,0.00432061
302596.929356841,4124098.8608818445,1.573128179387873,0.00449294
302596.92923789733,4124098.9108817033,1.5731057161285054,0.00466553
302596.9291197513,4124098.9608815634,1.5730801485518942,0.00483827
302596.9290025137,4124099.0108814263,1.5730510515182168,0.00501105
302596.92888631014,4124099.060881291,1.5730179429508995,0.00518376
302596.92877128394,4124099.1108811586,1.5729802772941233,0.00535630
302596.92865759745,4124099.1608810294,1.5729374343034905,0.00552855
302596.92854543583,4124099.2108809035,1.5728887138647167,0.00570038
302596.9284350091,4124099.260880782,1.5728333237695717,0.00587167
302596.9283265563,4124099.3108806643,1.572770370800577,0.00604230
302596.9282203486,4124099.3608805514,1.5726988475757404,0.00621211
302596.92811669403,4124099.410880444,1.5726175964887352,0.00638094
302596.92801594216,4124099.4608803424,1.572525328003451,0.00654862
302596.92791848944,4124099.510880247,1.572420638904898,0.00671496
302596.927824785,4124099.5608801595,1.5723019367008182,0.00687974
302596.92773533746,4124099.6108800797,1.5721674485636983,0.00704272
302596.92765072203,4124099.660880008,1.5720152109130188,0.00720364
302596.92757159634,4124099.710879945,1.5718430865806765,0.00736219
302596.92749869893,4124099.7608798924,1.5716487299079382,0.00751804
302596.927432849,4124099.810879849,1.5714295577217892,0.00767081
302596.92737497645,4124099.860879815,1.571182827514912,0.00782008
302596.92732612457,4124099.9108797917,1.5709056428168835,0.00796540
302596.92728746065,4124099.9608797766,1.5705950056258078,0.00810622
302596.92726028623,4124100.010879769,1.5702478966255415,0.00824197
302596.92724604683,4124100.060879767,1.5698613977046143,0.00837200
302596.9272463404,4124100.110879767,1.5694328746561699,0.00849560
302596.927262922,4124100.1608797642,1.568960231452912,0.00861199
302596.92729770637,4124100.210879752,1.5684422777673765,0.00872031
302596.9273527618,4124100.2608797215,1.5678792291776844,0.00881964
302596.9274302959,4124100.3108796612,1.5672734023746293,0.00890900
302596.92753262806,4124100.3608795563,1.5666301662295004,0.00898735
302596.9276621419,4124100.4108793885,1.5659592249583676,0.00905364
302596.92782121286,4124100.460879135,1.5652731902389523,0.00910681
302596.9280120983,4124100.5108787697,1.5645861017674392,0.00914585
302596.9282367796,4124100.5608782643,1.5639121034344659,0.00916989
302596.92849673604,4124100.610877588,1.5632641377439724,0.00917826
302596.92879262805,4124100.6608767114,1.5626525222171759,0.00917068
302596.92912385945,4124100.710875613,1.5620832529387096,0.00914741
302596.92948897614,4124100.7608742793,1.5615590350296165,0.00910908
302596.92988600105,4124100.810872702,1.561080306139188,0.00905660
302596.9303126707,4124100.8608708805,1.5606459910727029,0.00899095
302596.93076660077,4124100.9108688193,1.5602540488270422,0.00891320
302596.9312453979,4124100.9608665262,1.5599018603114847,0.00882441
302596.93174673547,4124101.0108640124,1.5595865057624017,0.00872563
302596.9322684,4124101.0608612904,1.559304950799827,0.00861783
302596.932808319,4124101.1108583747,1.5590541779036924,0.00850194
302596.9333645756,4124101.1608552802,1.558831270827043,0.00837881
302596.93393541314,4124101.2108520214,1.5586334669358906,0.00824923
302596.9345192332,4124101.2608486125,1.5584581883366335,0.00811390
302596.93511458987,4124101.3108450677,1.5583030555164727,0.00797348
302596.93572018185,4124101.3608414,1.5581658934622864,0.00782855
302596.9363348417,4124101.4108376214,1.5580447243527713,0.00767964
302596.93695752585,4124101.4608337437,1.557937761882827,0.00752720
302596.9375873039,4124101.5108297775,1.557843399885466,0.00737167
302596.938223348,4124101.5608257316,1.5577601983984237,0.00721341
302596.9388649229,4124101.6108216154,1.5576868711895848,0.00705276
302596.93951137655,4124101.660817436,1.5576222714067154,0.00689003
302596.94016213174,4124101.710813201,1.5575653792198954,0.00672548
302596.9408166777,4124101.7608089163,1.5575152900086546,0.00655935
302596.9414745631,4124101.8108045883,1.5574712008988185,0.00639186
302596.9421353893,4124101.860800221,1.5574324015047467,0.00622319
302596.9427988046,4124101.9107958195,1.557398263863044,0.00605353
302596.94346449873,4124101.960791388,1.5573682324305715,0.00588303
302596.9441321984,4124102.0107869296,1.557341817759189,0.00571184
302596.9448016624,4124102.0607824475,1.5573185866278398,0.00554010
302596.94547267864,4124102.110777945,1.5572981577317673,0.00536793
302596.9461450601,4124102.1607734235,1.5572801949968886,0.00519545
302596.9468186422,4124102.2107688864,1.5572644020899138,0.00502277
302596.9474932801,4124102.2607643344,1.557250517775143,0.00485001
302596.9481688464,4124102.3107597707,1.5572383123697469,0.00467728
302596.9488452288,4124102.3607551954,1.5572275832428903,0.00450468
302596.9495223289,4124102.4107506103,1.5572181528920221,0.00433233
302596.9502000598,4124102.4607460173,1.5572098641788776,0.00416035
302596.95087834506,4124102.5107414164,1.557202578961314,0.00398885
302596.95155711775,4124102.5607368085,1.557196176819048,0.00381797
302596.9522363188,4124102.6107321954,1.557190550979019,0.00364785
302596.95291589637,4124102.660727577,1.5571856084324982,0.00347863
302596.9535958048,4124102.710722954,1.5571812657897564,0.00331049
302596.95427600405,4124102.760718327,1.5571774505033442,0.00314360
302596.9549564588,4124102.8107136963,1.5571740992102903,0.00297817
302596.95563713805,4124102.8607090632,1.5571711552732803,0.00281441
302596.9563180144,4124102.910704427,1.557168568882215,0.00265257
302596.95699906384,4124102.9606997883,1.5571662964059114,0.00249291
302596.9576802655,4124103.010695148,1.5571643004802411,0.00233575
302596.9583616009,4124103.0606905054,1.5571625478645834,0.00218140
302596.9590430536,4124103.110685861,1.5571610087381211,0.00203023
302596.9597246095,4124103.160681216,1.557159657425372,0.00188264
302596.9604062561,4124103.2106765695,1.5571584710987356,0.00173906
302596.9610879822,4124103.2606719215,1.5571574296130897,0.00159995
302596.9617697782,4124103.310667273,1.5571565153735372,0.00146581
302596.9624516355,4124103.3606626233,1.5571557129400706,0.00133716
302596.9631335466,4124103.410657973,1.5571550086391923,0.00121453
302596.96381550486,4124103.4606533223,1.557154390340071,0.00109845
302596.9644975047,4124103.510648671,1.557153848056618,0.00098943
302596.965179541,4124103.560644019,1.5571533728114022,0.00088792
302596.9658616092,4124103.610639367,1.5571529558416157,0.00079424
302596.96654370544,4124103.6606347137,1.557152589561377,0.00070854
302596.9672258262,4124103.7106300606,1.5571522681861318,0.00063070
302596.9679079686,4124103.760625407,1.5571519863062897,0.00056039
302596.9685901299,4124103.8106207536,1.5571517390034557,0.00049718
302596.9692723077,4124103.8606160996,1.5571515218530048,0.00044057
302596.9699545001,4124103.9106114455,1.5571513319930477,0.00039003
302596.9706367054,4124103.9606067915,1.5571511656144665,0.00034503
302596.9713189219,4124104.010602137,1.5571510194137062,0.00030507
302596.9720011482,4124104.0605974826,1.5571508909736622,0.00026965
302596.97268338315,4124104.1105928277,1.5571507785750778,0.00023832
302596.9733656256,4124104.160588173,1.5571506802285568,0.00021065
302596.9740478745,4124104.2105835183,1.5571505936430647,0.00018627
302596.97473012935,4124104.2605788633,1.5571505175982074,0.00016482
302596.9754123894,4124104.3105742084,1.5571504507629368,0.00014599
302596.97609465395,4124104.360569553,1.557150392129044,0.00012950
302596.97677692235,4124104.410564898,1.5571503397829254,0.00011510
302596.9774591941,4124104.460560243,1.5571502929117942,0.00010256
302596.9781414688,4124104.5105555877,1.5571502507579045,0.00009170
302596.97882374626,4124104.5605509323,1.557150212710326,0.00008235
302596.9795060262,4124104.6105462774,1.5571501779811618,0.00007434
302596.9801883082,4124104.660541622,1.5571501463869537,0.00006757
302596.98087059223,4124104.7105369666,1.5571501177141,0.00006191
302596.9815528779,4124104.760532311,1.5571500908460778,0.00005728
302596.9822351652,4124104.8105276558,1.5571500653584471,0.00005361
302596.98291745404,4124104.8605230004,1.557150041025556,0.00005083
302596.98359974433,4124104.910518345,1.5571500176920599,0.00004889
302596.9842820358,4124104.9605136896,1.5571499927497696,0.00004778
302596.98496432835,4124105.010509034,1.5571499660682757,0.00004747
302596.9856466221,4124105.0605043788,1.5571499379895497,0.00004795
302596.986328917,4124105.1104997233,1.5571499069121706,0.00004923
302596.9870112131,4124105.1604950675,1.5571498731045599,0.00005134
302596.98769351037,4124105.210490412,1.5571498349213742,0.00005430
302596.98837580933,4124105.2604857567,1.557149793734681,0.00005818
302596.98905810993,4124105.3104811013,1.557149748343056,0.00006302
302596.9897404121,4124105.3604764454,1.5571496968634797,0.00006891
302596.99042271636,4124105.41047179,1.5571496397144777,0.00007595
302596.99110502267,4124105.460467134,1.5571495754827647,0.00008425
302596.99178733147,4124105.5104624787,1.5571495023986666,0.00009394
302596.99246964284,4124105.560457823,1.5571494187551822,0.00010517
302596.9931519571,4124105.610453167,1.5571493235051796,0.00011814
302596.9938342748,4124105.660448511,1.5571492151419686,0.00013305
302596.9945165963,4124105.7104438553,1.5571490908256087,0.00015012
302596.995198922,4124105.7604391994,1.5571489472808813,0.00016964
302596.99588125286,4124105.8104345435,1.5571487835866742,0.00019190
302596.9965635895,4124105.8604298877,1.557148595846606,0.00021724
302596.9972459325,4124105.9104252313,1.557148380384148,0.00024605
302596.99792828294,4124105.960420575,1.5571481334733899,0.00027877
302596.998610642,4124106.0104159187,1.557147851426201,0.00031587
302596.99929301103,4124106.0604112623,1.5571475307607716,0.00035789
302596.9999753913,4124106.1104066055,1.557147164299343,0.00040541
302597.00065778464,4124106.1604019487,1.5571467459493804,0.00045909
302597.00134019274,4124106.210397292,1.5571462686070223,0.00051963
302597.00202261773,4124106.2603926347,1.557145723787436,0.00058780
302597.0027050619,4124106.310387977,1.5571451020554608,0.00066440
302597.0033875278,4124106.360383319,1.557144391287734,0.00075030
302597.0040700187,4124106.410378661,1.5571435811500713,0.00084639
302597.00475253834,4124106.4603740023,1.5571426587570596,0.00095355
302597.00543509057,4124106.5103693437,1.5571416072252706,0.00107264
302597.00611768005,4124106.560364684,1.5571404087945508,0.00120446
302597.00680031197,4124106.610360024,1.5571390428157668,0.00134998
302597.0074829924,4124106.660355363,1.5571374868969796,0.00150935
302597.00816572795,4124106.7103507016,1.5571357142596294,0.00168256
302597.00884852605,4124106.760346039,1.5571336940957976,0.00186907
302597.00953139574,4124106.810341376,1.5571313935328905,0.00206798
302597.01021434704,4124106.8603367116,1.5571287740255686,0.00227816
302597.01089739136,4124106.910332046,1.5571257916447032,0.00249834
302597.01158054156,4124106.960327379,1.5571223955367857,0.00272716
302597.01226381224,4124107.01032271,1.557118528584104,0.00296324
302597.01294722024,4124107.0603180393,1.5571141265363682,0.00320516
302597.01363078447,4124107.1103133666,1.557109115939912,0.00345152
302597.0143145266,4124107.160308691,1.557103414074534,0.00370091
302597.01499847125,4124107.210304013,1.5570969246103725,0.00395193
302597.0156826467,4124107.260299332,1.5570895400315456,0.00420317
302597.0163670848,4124107.3102946472,1.5570811377430211,0.00445322
302597.01705182175,4124107.3602899583,1.5570715783409235,0.00470065
302597.0177368986,4124107.4102852647,1.5570607020241678,0.00494398
302597.01842236205,4124107.460280566,1.5570483275339866,0.00518173
302597.0191082658,4124107.5102758612,1.5570342513029074,0.00541236
302597.0197946706,4124107.5602711495,1.5570182399366996,0.00563428
302597.0204816452,4124107.61026643,1.5570000280986045,0.00584584
302597.02116926794,4124107.6602617013,1.5569793140410897,0.00604536
302597.0218576282,4124107.7102569626,1.5569557569254306,0.00623109
302597.02254682727,4124107.7602522126,1.5569289682297511,0.00640128
302597.02323698037,4124107.810247449,1.556898507182687,0.00655415
302597.02392821864,4124107.860242671,1.5568638742485599,0.00668767
302597.024620691,4124107.9102378753,1.556824501586079,0.00679942
302597.0253145669,4124107.9602330606,1.5567797461612158,0.00688877
302597.0260100385,4124108.0102282236,1.5567288790207725,0.00695460
302597.02670732443,4124108.060223361,1.5566710751107011,0.00699624
302597.02740667295,4124108.11021847,1.5566054001296772,0.00701372
302597.02810836595,4124108.160213546,1.5565307979575498,0.00700757
302597.0288127238,4124108.2102085846,1.55644607646449,0.00697856
302597.02952011,4124108.2602035804,1.5563498904016855,0.00692765
302597.0302309367,4124108.3101985273,1.556240723527096,0.00685580
302597.0309456716,4124108.360193419,1.5561168711026108,0.00676397
302597.0316648449,4124108.410188246,1.5559764192975614,0.00665302
302597.0323890572,4124108.460183001,1.5558172240249342,0.00652370
302597.0331189887,4124108.510177673,1.5556368911483744,0.00637663
302597.03385540866,4124108.560172249,1.5554327542308952,0.00621227
302597.0345991869,4124108.6101667164,1.55520185588827,0.00603092
302597.0353513054,4124108.6601610593,1.5549409315090563,0.00583187
302597.03611287166,4124108.710155259,1.55464639657232,0.00561566
302597.03688513313,4124108.7601492945,1.5543143433779971,0.00538232
302597.03766949195,4124108.8101431415,1.5539405474883006,0.00513142
302597.0384675216,4124108.860136772,1.5535204923552242,0.00486238
302597.03928098344,4124108.910130154,1.5530494159930595,0.00457445
302597.04011184344,4124108.9601232493,1.5525223881452868,0.00426675
302597.0409622893,4124109.0101160156,1.5519344364291416,0.00393827
302597.04183474556,4124109.0601084023,1.5512807246001292,0.00358791
302597.04273188626,4124109.110100352,1.550556813658824,0.00321452
302597.043656644,4124109.1600917983,1.5497590224409907,0.00281695
302597.04461221205,4124109.210082665,1.5488849260160706,0.00239410
302597.0456020374,4124109.2600728646,1.547934032510282,0.00194463
302597.04662979936,4124109.310062299,1.5469041454477432,0.00146676
302597.04769937013,4124109.360050856,1.545805095073688,0.00096016
302597.0488147481,4124109.410038412,1.544650228701793,0.00042346
302597.049979957,4124109.460024832,1.543460527849229,0.00014472
302597.0511988962,4124109.5100099705,1.5422621544507518,0.00074579
302597.05247512826,4124109.55999368,1.541083769520804,0.00138106
302597.05381301633,4124109.6099757776,1.5399586963017424,0.00205225
302597.05521329277,4124109.659956165,1.5389101113207346,0.00275953
302597.0566758958,4124109.7099347664,1.5379587178292229,0.00350279
302597.058198435,4124109.759911577,1.537117920846229,0.00428092
302597.05977688154,4124109.809886653,1.536395586063011,0.00509214
302597.0614061635,4124109.859860097,1.5357959376327022,0.00593499
302597.0630805782,4124109.9098320496,1.5353209687543934,0.00680641
302597.0647940699,4124109.959802678,1.534971452637159,0.00770361
302597.0665404098,4124110.0097721694,1.534747660925098,0.00862383
302597.06831330556,4124110.059740727,1.534649863902157,0.00956420
302597.07010645984,4124110.1097085616,1.5346786664234526,0.01052169
302597.0719135941,4124110.1596758934,1.5348352223722108,0.01149308
302597.07372844534,4124110.2096429453,1.5351213401031618,0.01247492
302597.075544747,4124110.259609945,1.535539506781785,0.01346363
302597.0773561981,4124110.3095771205,1.5360928262644749,0.01445549
302597.07915642613,4124110.3595447014,1.5367848769893462,0.01544670
302597.0809389475,4124110.409512916,1.5376194714783837,0.01643347
302597.0826971289,4124110.4594819923,1.5386003072262613,0.01741156
302597.08442415413,4124110.509452154,1.5397304896989097,0.01837669
302597.08611299907,4124110.55942362,1.5410159183940775,0.01932466
302597.0877564206,4124110.609396599,1.54246773830633,0.02025115
302597.0893469635,4124110.6593712876,1.54407052267214,0.02115175
302597.0908769946,4124110.709347866,1.5458142975512423,0.02202198
302597.0923387703,4124110.759326488,1.5476820702502623,0.02285734
302597.0937245488,4124110.809307277,1.549646434982527,0.02365335
302597.09502548847,4124110.8592903498,1.551668954038937,0.02440509
302597.09623091616,4124110.909275816,1.553700569334117,0.02510689
302597.0973384179,4124110.9592635417,1.5557155585047233,0.02575637
302597.09834326146,4124111.00925343,1.5576811242494577,0.02635061
302597.099242907,4124111.0592453163,1.5595711357896325,0.02688859
302597.1000379947,4124111.1092389706,1.5613706077294074,0.02737056
302597.1007313847,4124111.1592341373,1.563073326053424,0.02779798
302597.10132728674,4124111.209230561,1.564679250140093,0.02817305
302597.1018306364,4124111.259228004,1.5661925720662944,0.02849839
302597.10224665364,4124111.3092262526,1.5676202988245855,0.02877679
302597.10258053505,4124111.3592251204,1.5689829701372253,0.02901104
302597.1028372434,4124111.4092244473,1.5702828151264423,0.02920386
302597.10302136774,4124111.4592240974,1.5715260464120624,0.02935773
302597.10313703516,4124111.5092239566,1.572723210874612,0.02947448
302597.10318785906,4124111.5592239266,1.5738846984483748,0.02955678
302597.10317691474,4124111.6092239246,1.5750202036644418,0.02960636
302597.10310302454,4124111.65922387,1.576126627622872,0.02962305
302597.1029707727,4124111.7092236932,1.5772187984046069,0.02960921
302597.10278282245,4124111.7592233354,1.5783061772983857,0.02956628
302597.10254006897,4124111.8092227397,1.5793915418267341,0.02949493
302597.1022430117,4124111.85922185,1.5804744490866045,0.02939563
302597.101891829,4124111.9092206084,1.5815508818347601,0.02926869
302597.10148647527,4124111.9592189565,1.5826177307301648,0.02911433
302597.10102680366,4124112.009216835,1.5836762680032943,0.02893302
302597.1005127241,4124112.0592141836,1.5847067145923,0.02872508
302597.0999444044,4124112.109210947,1.5857024439598482,0.02849097
302597.09932252805,4124112.159207075,1.5866597550506585,0.02823145
302597.09864853526,4124112.20920253,1.5875782572536536,0.02794761
302597.0979232991,4124112.25919727,1.5884567773964122,0.02764032
302597.0971462223,4124112.3091912307,1.5892903287272073,0.02730985
302597.0963234803,4124112.359184459,1.5900960669622382,0.02695947
302597.0954570211,4124112.4091769466,1.5908797163378319,0.02659067
302597.094548592,4124112.4591686893,1.5916465755414373,0.02620490
302597.0935996979,4124112.5091596795,1.5924018335857475,0.02580476
302597.092611576,4124112.55914991,1.5931611298786754,0.02539178
302597.09158518474,4124112.6091393703,1.5939209370948122,0.02496647
302597.09052120365,4124112.6591280447,1.5946819163340145,0.02453075
302597.08942004404,4124112.709115915,1.5954456417608822,0.02408656
302597.0882818706,4124112.7591029573,1.596211722321366,0.02363618
302597.08710663347,4124112.8090891433,1.5969769649390155,0.02318196
302597.08589071437,4124112.8590743565,1.5977236682126834,0.02272462
302597.0846364323,4124112.90905862,1.5984491707610822,0.02226723
302597.0833442025,4124112.9590419163,1.599143372729087,0.02181155
302597.08201394987,4124113.009024214,1.5997927457390637,0.02135987
302597.08064598753,4124113.0590054933,1.600383795833073,0.02091444
302597.0792412676,4124113.108985753,1.600906322235973,0.02047441
302597.0778017094,4124113.158965022,1.6013475166308277,0.02004163
302597.07633019227,4124113.2089433614,1.6016984492814654,0.01961843
302597.07483027724,4124113.258920857,1.60195458880481,0.01920756
302597.0733059997,4124113.3088976173,1.6021130920215199,0.01881208
302597.071761718,4124113.358873763,1.6021722668871559,0.01843536
302597.0702013905,4124113.408849411,1.6021293463103867,0.01808072
302597.0686308175,4124113.458824738,1.6019876044084458,0.01775245
302597.06705549394,4124113.508799915,1.601750077394759,0.01745482
302597.0654802694,4124113.5587750957,1.6014184115230699,0.01719423
302597.0639100045,4124113.6087504323,1.6009952053488337,0.01697285
302597.0623495465,4124113.6587260757,1.6004776545343196,0.01679401
302597.06080370024,4124113.7087021726,1.5998697344101085,0.01666117
302597.0592771891,4124113.7586788633,1.5991886115197986,0.01657756
302597.05777460156,4124113.808656279,1.5984498369361078,0.01654617
302597.05630031624,4124113.858634537,1.5976714807771235,0.01657010
302597.0548584003,4124113.908613741,1.5968729851240877,0.01665270
302597.0534546283,4124113.958594031,1.5960807330171527,0.01679629
302597.0520925071,4124114.008575473,1.5953151662828513,0.01700277
302597.05077140516,4124114.058558014,1.5945838067790294,0.01727182
302597.049491274,4124114.1085416204,1.5938955762542855,0.01760277
302597.04825103405,4124114.1585262315,1.5932557981783224,0.01799509
302597.0470489008,4124114.208511774,1.5926611614875603,0.01844660
302597.0458826272,4124114.258498166,1.5921219645349471,0.01895424
302597.0447496831,4124114.3084853264,1.5916388613562806,0.01951564
302597.04364738445,4124114.358473173,1.5912113965802015,0.02012839
302597.0425729842,4124114.408461627,1.590838795812311,0.02079008
302597.0415238623,4124114.4584506196,1.5905207079337407,0.02149834
302597.04049936304,4124114.5084401225,1.590263189030352,0.02225159
302597.03949393507,4124114.558430012,1.5900574339233522,0.02304588
302597.03850500373,4124114.6084202304,1.58990384117927,0.02387838
302597.03753003845,4124114.658410724,1.5898041625058097,0.02474702
302597.0365665291,4124114.708401439,1.5897649859956973,0.02564835
302597.0356119538,4124114.7583923256,1.589791579446854,0.02657929
302597.03466373903,4124114.808383334,1.5898901566253667,0.02753815
302597.0337192087,4124114.8583744117,1.5900681408668957,0.02852095
302597.0327755231,4124114.9083655053,1.590333673371291,0.02952506
302597.03182960476,4124114.958356557,1.5906953323296713,0.03054784
302597.03087689105,4124115.0083474796,1.591158161973466,0.03158608
302597.02991330094,4124115.0583381937,1.5917297029251403,0.03263680
302597.02893438214,4124115.1083286093,1.5924175826777318,0.03369683
302597.02793521306,4124115.1583186234,1.5932290576974864,0.03476272
302597.0269105011,4124115.20830812,1.594187790046689,0.03583074
302597.0258545895,4124115.258296965,1.5953022034921436,0.00000000
302597.024761459,4124115.3082850096,1.5965687139995062,0.00000000
302597.0236247285,4124115.358272081,1.5979924228043276,0.00000000
302597.0224376579,4124115.408257982,1.5995772276567966,0.00000000
302597.0211931569,4124115.4582424895,1.6013245066546493,0.00000000
302597.0198785798,4124115.5082252054,1.6032154145107813,0.00000000
302597.0184859876,4124115.5582058043,1.6052409685141873,0.00000000
302597.0170106297,4124115.6081840205,1.6073967315508964,0.00000000
302597.01544446324,4124115.658159464,1.6096601967630684,0.00000000
302597.01377960463,4124115.708131708,1.6120187099595042,0.00000000
302597.01200859767,4124115.758100296,1.614457847158476,0.00000000
302597.0101247764,4124115.808064754,1.6169178904439092,0.00000000
302597.0081227487,4124115.8580246186,1.6193729093742264,0.00000000
302597.0059990318,4124115.9079794683,1.6218057088251057,0.00000000
302597.0037526256,4124115.9579289667,1.6242088176666987,0.00000000
302597.00137929583,4124116.007872608,1.6265666713793683,0.00000000
302596.99887595023,4124116.057809895,1.6288686887875419,0.00000000
302596.99625454185,4124116.107741108,1.6311539663257013,0.00000000
302596.99351692223,4124116.1576660746,1.6334335684614458,0.00000000
302596.9906646274,4124116.2075846144,1.635717248865511,0.00000000
302596.98769874463,4124116.257496532,1.6380472166553095,0.00000000
302596.9846198327,4124116.307401606,1.6404044299613965,0.00000000
302596.9814278906,4124116.3572995816,1.6427809095610528,0.00000000
302596.9781223743,4124116.4071901697,1.6451692892547025,0.00000000
302596.97470226616,4124116.457073044,1.6475572093126374,0.00000000
302596.97116620594,4124116.506947847,1.6499288945800696,0.00000000
302596.96750214486,4124116.556813413,1.65223351577014,0.00000000
302596.9637173119,4124116.6066699447,1.6544796268215687,0.00000000
302596.9598139251,4124116.656517322,1.6566634510042755,0.00000000
302596.95579363964,4124116.7063554004,1.6587798896006396,0.00000000
302596.9516592179,4124116.7561841365,1.6608286984685334,0.00000000
302596.9474140738,4124116.806003562,1.6628135358568163,0.00000000
302596.94306191546,4124116.855813756,1.6647546065293743,0.00000000
302596.93860646844,4124116.9056148217,1.666658444304763,0.00000000
302596.9340512672,4124116.9554068674,1.6685226951507721,0.00000000
302596.92939950555,4124117.0051899906,1.670356216243832,0.00000000
302596.9246539349,4124117.054964266,1.6721673657872869,0.00000000
302596.9198168073,4124117.1047297344,1.6739624930823647,0.00000000
302596.914885531,4124117.154485965,1.6757310499589388,0.00000000
302596.9098620905,4124117.2042329716,1.6774735315539806,0.00000000
302596.90475085704,4124117.253971028,1.6791942509014388,0.00000000
302596.8995521997,4124117.303700018,1.6808803770326937,0.00000000
302596.89426638,4124117.353419815,1.6825150160508495,0.00000000
302596.88889378466,4124117.403130308,1.6840798521367795,0.00000000
302596.88343523495,4124117.452831435,1.6855571419940898,0.00000000
302596.8778923901,4124117.5025232327,1.6869464926780646,0.00000000
302596.8722682691,4124117.552205901,1.6882195146653258,0.00000000
302596.8665673327,4124117.6018798184,1.6893700790919062,0.00000000
302596.8607949379,4124117.651545487,1.6903969270577257,0.00000000
302596.85495694616,4124117.701203492,1.6913013195045485,0.00000000
302596.84905944887,4124117.7508544694,1.6920860102373865,0.00000000
302596.84310394153,4124117.8004985214,1.6927397360378618,0.00000000
302596.8371023271,4124117.8501370186,1.6932842046925989,0.00000000
302596.83106052916,4124117.8997706403,1.6937240801140865,0.00000000
302596.82498418953,4124117.949400045,1.6932364554015236,0.00000000
302596.81887874193,4124117.999025878,1.6936690640687668,0.00000000
302596.81274942285,4124118.048648769,1.694050832514194,0.00000000
302596.80660129245,4124118.0982693336,1.6943360374609577,0.00000000
302596.8004392624,4124118.1478881743,1.6945246008375694,0.00000000
302596.7942681285,4124118.197505884,1.6945246008375694,0.00000000
