302565.68919870193,4124128.047930415,-3.0832470209667755,0.00000000
302565.63919945806,4124128.0476554325,-3.1334506862801508,0.00000000
302565.58920021425,4124128.0473804506,-3.135960868071248,0.00000000
302565.5392009704,4124128.0471054683,-3.1360863786353743,0.00000000
302565.48920172657,4124128.0468304865,-3.136092652689009,0.00000000
302565.4392024827,4124128.046555504,-3.1360929663916908,0.00000000
302565.3892032389,4124128.046280522,-3.1360929835513964,0.00000000
302565.339203995,4124128.04600554,-3.13609298293481,0.00000000
302565.2892047512,4124128.0457305578,-3.1360929843785526,0.00000000
302565.2392055073,4124128.045455576,-3.136092982976168,0.00000000
302565.1892062635,4124128.0451805936,-3.1360929843806202,0.00000000
302565.13920701965,4124128.0449056113,-3.136092984450843,0.00000000
302565.08920777583,4124128.0446306295,-3.1360929829797826,0.00000000
302565.03920853196,4124128.044355647,-3.136092984380801,0.00000000
302564.98920928815,4124128.0440806653,-3.1360929815017085,0.00000000
302564.9392100443,4124128.043805683,-3.136092981357754,0.00000000
302564.88921080047,4124128.043530701,-3.1360929798759845,0.00000000
302564.8392115566,4124128.043255719,-3.136092979801896,0.00000000
302564.7892123128,4124128.0429807366,-3.136092981272763,0.00000000
302564.7392130689,4124128.0427057547,-3.136092979871735,0.00000000
302564.6892138251,4124128.042430772,-3.136092982750827,0.00000000
302564.6392145812,4124128.0421557897,-3.1360929828947817,0.00000000
302564.5892153374,4124128.0418808074,-3.1360929829019795,0.00000000
302564.53921609354,4124128.041605825,-3.136092984376911,0.00000000
302564.48921684973,4124128.041330843,-3.136092982976086,0.00000000
302564.43921760586,4124128.041055861,-3.1360929843806162,0.00000000
302564.38921836205,4124128.040780879,-3.136092982976271,0.00000000
302564.3392191182,4124128.040505897,-3.136092982906054,0.00000000
302564.28921987436,4124128.0402309145,-3.1360929843771146,0.00000000
302564.2392206305,4124128.0399559326,-3.136092982976096,0.00000000
302564.1892213867,4124128.0396809503,-3.1360929843806167,0.00000000
302564.1392221428,4124128.0394059685,-3.136092982976271,0.00000000
302564.089222899,4124128.039130986,-3.136092982907068,0.00000000
302564.0392236551,4124128.038856004,-3.136092984377165,0.00000000
302563.9892244113,4124128.038581022,-3.1360929829771127,0.00000000
302563.93922516744,4124128.0383060398,-3.1360929843806677,0.00000000
302563.88922592363,4124128.038031058,-3.1360929829772877,0.00000000
302563.83922667976,4124128.0377560756,-3.1360929829061046,0.00000000
302563.7892274359,4124128.0374810933,-3.1360929843771173,0.00000000
302563.7392281921,4124128.0372061115,-3.136092982976096,0.00000000
302563.6892289482,4124128.036931129,-3.136092982906045,0.00000000
302563.6392297044,4124128.0366561473,-3.136092979953399,0.00000000
302563.5892304605,4124128.036381165,-3.1360929812803384,0.00000000
302563.5392312167,4124128.0361061827,-3.1360929813466853,0.00000000
302563.48923197284,4124128.035831201,-3.136092979875431,0.00000000
302563.439232729,4124128.0355562186,-3.13609298127644,0.00000000
302563.38923348516,4124128.0352812363,-3.1360929813464904,0.00000000
302563.33923424134,4124128.0350062535,-3.1360929842991365,0.00000000
302563.2892349975,4124128.0347312717,-3.1360929829721975,0.00000000
302563.23923575366,4124128.0344562894,-3.13609298290585,0.00000000
302563.1892365098,4124128.034181307,-3.1360929843771044,0.00000000
302563.139237266,4124128.033906325,-3.1360929829760957,0.00000000
302563.0892380221,4124128.033631343,-3.1360929843806167,0.00000000
302563.0392387783,4124128.033356361,-3.136092982976271,0.00000000
302562.9892395344,4124128.033081379,-3.136092982906054,0.00000000
302562.9392402906,4124128.0328063965,-3.1360929843771146,0.00000000
302562.88924104674,4124128.0325314146,-3.136092982976096,0.00000000
302562.8392418029,4124128.0322564323,-3.1360929843806167,0.00000000
302562.78924255905,4124128.0319814505,-3.136092982976271,0.00000000
302562.73924331524,4124128.031706468,-3.136092982906054,0.00000000
302562.6892440714,4124128.031431486,-3.1360929843771146,0.00000000
302562.63924482756,4124128.031156504,-3.136092982976096,0.00000000
302562.5892455837,4124128.0308815218,-3.1360929843806167,0.00000000
302562.5392463399,4124128.03060654,-3.136092982976271,0.00000000
302562.489247096,4124128.0303315576,-3.136092982906054,0.00000000
302562.4392478522,4124128.0300565753,-3.1360929843771146,0.00000000
302562.3892486083,4124128.0297815935,-3.136092982976096,0.00000000
302562.3392493645,4124128.029506611,-3.136092982906045,0.00000000
302562.28925012064,4124128.0292316293,-3.136092979953399,0.00000000
302562.2392508768,4124128.028956647,-3.136092979805767,0.00000001
302562.18925163295,4124128.0286816647,-3.1360929812729568,0.00000000
302562.13925238914,4124128.028406683,-3.1360929798717447,0.00000000
302562.08925314527,4124128.0281317006,-3.1360929812762555,0.00000000
302562.03925390146,4124128.0278567183,-3.136092981346481,0.00000000
302561.9892546576,4124128.0275817355,-3.136092984299136,0.00000000
302561.9392554138,4124128.027306753,-3.1360929844477825,0.00000000
302561.8892561699,4124128.0270317714,-3.13609298297963,0.00000000
302561.8392569261,4124128.026756789,-3.1360929843818073,0.00000000
302561.7892576822,4124128.026481807,-3.1360929829763307,0.00000000
302561.7392584384,4124128.026206825,-3.1360929843816425,0.00000000
302561.68925919454,4124128.025931843,-3.1360929829763227,0.00000000
302561.63925995067,4124128.025656861,-3.1360929829060566,0.00000000
302561.58926070685,4124128.0253818785,-3.136092984377115,0.00000000
302561.539261463,4124128.0251068966,-3.136092982976096,0.00000000
302561.48926221917,4124128.0248319143,-3.1360929843806167,0.00000000
302561.4392629753,4124128.0245569325,-3.136092982976271,0.00000000
302561.3892637315,4124128.02428195,-3.136092982906054,0.00000000
302561.3392644876,4124128.024006968,-3.1360929843771146,0.00000000
302561.2892652438,4124128.023731986,-3.136092982976096,0.00000000
302561.23926599993,4124128.0234570038,-3.1360929843806167,0.00000000
302561.1892667561,4124128.023182022,-3.136092982976271,0.00000000
302561.13926751225,4124128.0229070396,-3.136092982906054,0.00000000
302561.08926826844,4124128.0226320573,-3.1360929843771146,0.00000000
302561.03926902456,4124128.0223570755,-3.136092982976096,0.00000000
302560.98926978075,4124128.022082093,-3.136092982906045,0.00000000
302560.9392705369,4124128.0218071113,-3.136092979953399,0.00000000
302560.88927129307,4124128.021532129,-3.136092979805767,0.00000000
302560.8392720492,4124128.0212571467,-3.1360929812729568,0.00000000
302560.7892728054,4124128.020982165,-3.1360929798717447,0.00000000
302560.7392735615,4124128.0207071826,-3.1360929812762555,0.00000000
302560.6892743177,4124128.0204322003,-3.136092981346481,0.00000000
302560.63927507383,4124128.0201572175,-3.1360929828245645,0.00000001
302560.58927583,4124128.019882235,-3.13609298437304,0.00000000
302560.53927658615,4124128.0196072534,-3.1360929829758923,0.00000000
302560.48927734233,4124128.019332271,-3.1360929843806065,0.00000000
302560.43927809846,4124128.019057289,-3.1360929829762707,0.00000000
302560.38927885465,4124128.018782307,-3.1360929843806256,0.00000000
302560.3392796108,4124128.0185073246,-3.136092984450843,0.00000000
302560.28928036697,4124128.018232343,-3.1360929829797826,0.00000000
302560.2392811231,4124128.0179573605,-3.136092984380801,0.00000000
302560.1892818793,4124128.0176823786,-3.1360929829762805,0.00000000
302560.1392826354,4124128.0174073963,-3.136092984380626,0.00000000
302560.0892833916,4124128.0171324145,-3.1360929829762716,0.00000000
302560.03928414773,4124128.016857432,-3.136092982906054,0.00000000
302559.9892849039,4124128.01658245,-3.1360929843781284,0.00000000
302559.93928566005,4124128.016307468,-3.136092982976147,0.00000000
302559.88928641623,4124128.0160324858,-3.136092984381633,0.00000000
302559.83928717236,4124128.015757504,-3.136092982976322,0.00000000
302559.78928792855,4124128.0154825216,-3.1360929829070705,0.00000000
302559.7392886847,4124128.0152075393,-3.1360929843771657,0.00000000
302559.6892894408,4124128.0149325575,-3.136092982976099,0.00000000
302559.639290197,4124128.014657575,-3.1360929814314735,0.00000000
302559.5892909531,4124128.0143825933,-3.1360929798796704,0.00000000
302559.5392917093,4124128.014107611,-3.1360929798020805,0.00000000
302559.48929246544,4124128.0138326287,-3.1360929812727725,0.00000000
302559.4392932216,4124128.013557647,-3.1360929798717354,0.00000000
302559.38929397776,4124128.0132826646,-3.136092981276255,0.00000000
302559.33929473395,4124128.013007682,-3.136092982821053,0.00000000
302559.2892954901,4124128.0127326995,-3.136092982898293,0.00000001
302559.23929624626,4124128.012457717,-3.1360929843767265,0.00000000
302559.1892970024,4124128.0121827354,-3.1360929829760766,0.00000000
302559.1392977586,4124128.011907753,-3.136092984380616,0.00000000
302559.0892985147,4124128.011632771,-3.136092982976271,0.00000000
302559.0392992709,4124128.011357789,-3.136092982906054,0.00000000
302558.989300027,4124128.0110828066,-3.1360929843771146,0.00000000
302558.9393007832,4124128.010807825,-3.136092982976096,0.00000000
302558.88930153934,4124128.0105328425,-3.1360929843806167,0.00000000
302558.8393022955,4124128.0102578606,-3.136092982976271,0.00000000
302558.78930305166,4124128.0099828783,-3.1360929843806256,0.00000000
302558.73930380784,4124128.009707896,-3.136092984450843,0.00000000
302558.689304564,4124128.009432914,-3.1360929829797826,0.00000000
302558.63930532016,4124128.009157932,-3.136092984380801,0.00000000
302558.5893060763,4124128.00888295,-3.1360929829762805,0.00000000
302558.5393068325,4124128.0086079678,-3.136092984380626,0.00000000
302558.4893075886,4124128.008332986,-3.1360929829762716,0.00000000
302558.4393083448,4124128.0080580036,-3.136092982906054,0.00000000
302558.3893091009,4124128.0077830213,-3.1360929843771146,0.00000000
302558.3393098571,4124128.0075080395,-3.136092982976096,0.00000000
302558.28931061324,4124128.007233057,-3.136092981431473,0.00000000
302558.2393113694,4124128.0069580753,-3.1360929798796704,0.00000000
302558.18931212556,4124128.006683093,-3.1360929798020805,0.00000000
302558.13931288174,4124128.0064081107,-3.1360929812727725,0.00000000
302558.0893136379,4124128.006133129,-3.1360929798717354,0.00000000
302558.03931439406,4124128.0058581466,-3.136092981276255,0.00000000
302557.9893151502,4124128.005583164,-3.136092982821053,0.00000000
302557.9393159064,4124128.0053081815,-3.136092982898293,0.00000000
302557.8893166625,4124128.005033199,-3.1360929843767265,0.00000000
302557.8393174187,4124128.0047582174,-3.1360929829770905,0.00000000
302557.7893181748,4124128.004483235,-3.1360929843806664,0.00000000
302557.739318931,4124128.004208253,-3.1360929829772877,0.00000000
302557.68931968714,4124128.003933271,-3.1360929829061046,0.00000000
302557.6393204433,4124128.0036582886,-3.136092984378131,0.00000000
302557.58932119946,4124128.003383307,-3.1360929829761472,0.00000000
302557.5393219556,4124128.0031083245,-3.1360929843806193,0.00000000
302557.4893227118,4124128.0028333426,-3.1360929829762716,0.00000000
302557.4393234679,4124128.0025583603,-3.136092982906054,0.00000000
302557.3893242241,4124128.002283378,-3.1360929843771146,0.00000000
302557.3393249802,4124128.002008396,-3.136092982976096,0.00000000
302557.2893257364,4124128.001733414,-3.1360929843806167,0.00000000
302557.23932649253,4124128.001458432,-3.136092982976271,0.00000000
302557.1893272487,4124128.0011834498,-3.1360929843806256,0.00000000
302557.13932800485,4124128.0009084675,-3.136092984450843,0.00000000
302557.08932876104,4124128.0006334856,-3.1360929829797826,0.00000000
302557.03932951717,4124128.0003585033,-3.136092984380801,0.00000000
302556.98933027335,4124128.0000835215,-3.1360929829762805,0.00000000
302556.9393310295,4124127.999808539,-3.1360929814314824,0.00000000
302556.8893317857,4124127.9995335573,-3.136092979879671,0.00000000
302556.8393325418,4124127.999258575,-3.1360929798020805,0.00000000
302556.789333298,4124127.9989835927,-3.1360929812727725,0.00000000
302556.7393340541,4124127.998708611,-3.1360929798717354,0.00000000
302556.6893348103,4124127.9984336286,-3.136092981276255,0.00000000
302556.63933556643,4124127.998158646,-3.136092982821053,0.00000000
302556.5893363226,4124127.9978836635,-3.136092982898293,0.00000000
302556.53933707875,4124127.997608681,-3.1360929843767265,0.00000000
302556.48933783494,4124127.9973336994,-3.1360929829760766,0.00000000
302556.43933859107,4124127.997058717,-3.136092984380616,0.00000000
302556.38933934725,4124127.996783735,-3.136092982976271,0.00000000
302556.3393401034,4124127.996508753,-3.136092982906054,0.00000000
302556.28934085957,4124127.9962337706,-3.1360929843771146,0.00000000
302556.2393416157,4124127.995958789,-3.136092982976096,0.00000000
302556.1893423719,4124127.9956838065,-3.1360929843806167,0.00000000
302556.139343128,4124127.9954088246,-3.136092982976271,0.00000000
302556.0893438842,4124127.9951338423,-3.136092982906054,0.00000000
302556.03934464033,4124127.99485886,-3.1360929843771146,0.00000000
302555.9893453965,4124127.994583878,-3.13609298297711,0.00000000
302555.93934615265,4124127.994308896,-3.1360929843806673,0.00000000
302555.88934690884,4124127.994033914,-3.1360929829772877,0.00000000
302555.83934766497,4124127.9937589318,-3.1360929829061046,0.00000000
302555.78934842115,4124127.9934839495,-3.136092984378131,0.00000000
302555.7393491773,4124127.9932089676,-3.1360929829761472,0.00000000
302555.6893499334,4124127.9929339853,-3.1360929829060478,0.00000000
302555.6393506896,4124127.9926590035,-3.136092981427971,0.00000000
302555.5893514457,4124127.992384021,-3.136092981354067,0.00000000
302555.5393522019,4124127.992109039,-3.1360929813503717,0.00000000
302555.48935295804,4124127.991834057,-3.1360929798756154,0.00000000
302555.43935371423,4124127.9915590747,-3.136092981276449,0.00000000
302555.38935447036,4124127.9912840924,-3.136092981346491,0.00000000
302555.33935522655,4124127.99100911,-3.136092982824565,0.00000000
302555.2893559827,4124127.990734128,-3.136092982898469,0.00000000
302555.23935673886,4124127.9904591455,-3.1360929829021638,0.00000000
302555.189357495,4124127.990184163,-3.13609298437692,0.00000000
302555.1393582512,4124127.9899091814,-3.1360929829760864,0.00000000
302555.0893590073,4124127.989634199,-3.1360929843806162,0.00000000
302555.0393597635,4124127.989359217,-3.136092982976271,0.00000000
302554.9893605196,4124127.989084235,-3.136092982906054,0.00000000
302554.9393612758,4124127.9888092526,-3.1360929843771146,0.00000000
302554.88936203194,4124127.988534271,-3.136092982976096,0.00000000
302554.83936278813,4124127.9882592885,-3.1360929843806167,0.00000000
302554.78936354426,4124127.9879843066,-3.136092982976271,0.00000000
302554.73936430045,4124127.9877093243,-3.136092982906054,0.00000000
302554.6893650566,4124127.987434342,-3.1360929843771146,0.00000000
302554.63936581276,4124127.98715936,-3.136092982976096,0.00000000
302554.5893665689,4124127.986884378,-3.1360929843806167,0.00000000
302554.5393673251,4124127.986609396,-3.136092982976271,0.00000000
302554.4893680812,4124127.9863344138,-3.136092982906054,0.00000000
302554.4393688374,4124127.9860594315,-3.1360929843771146,0.00000000
302554.3893695935,4124127.9857844496,-3.136092982976096,0.00000000
302554.3393703497,4124127.9855094673,-3.136092982906045,0.00000000
302554.28937110584,4124127.9852344855,-3.1360929814279705,0.00000000
302554.23937186203,4124127.984959503,-3.1360929798794954,0.00000001
302554.18937261816,4124127.984684521,-3.136092981276643,0.00000000
302554.13937337435,4124127.984409539,-3.136092979871929,0.00000000
302554.0893741305,4124127.9841345567,-3.136092981276265,0.00000000
302554.03937488666,4124127.9838595744,-3.1360929813464815,0.00000000
302553.9893756428,4124127.983584592,-3.1360929828245645,0.00000000
302553.939376399,4124127.9833096093,-3.13609298437304,0.00000000
302553.8893771551,4124127.9830346275,-3.1360929829758923,0.00000000
302553.8393779113,4124127.982759645,-3.1360929843816203,0.00000000
302553.7893786674,4124127.9824846634,-3.1360929829763213,0.00000000
302553.7393794236,4124127.982209681,-3.136092984381642,0.00000000
302553.68938017974,4124127.981934699,-3.1360929829763227,0.00000000
302553.6393809359,4124127.981659717,-3.1360929829070705,0.00000000
302553.58938169206,4124127.9813847346,-3.1360929843771657,0.00000000
302553.5393824482,4124127.981109753,-3.136092982976099,0.00000000
302553.4893832044,4124127.9808347705,-3.136092984380617,0.00000000
302553.4393839605,4124127.9805597886,-3.136092982976271,0.00000000
302553.3893847167,4124127.9802848063,-3.136092982906054,0.00000000
302553.3393854728,4124127.980009824,-3.1360929843771146,0.00000000
302553.289386229,4124127.979734842,-3.136092982976096,0.00000000
302553.23938698514,4124127.97945986,-3.1360929843806167,0.00000000
302553.1893877413,4124127.979184878,-3.136092982976271,0.00000000
302553.13938849745,4124127.9789098958,-3.136092982906054,0.00000000
302553.08938925364,4124127.9786349135,-3.1360929843771146,0.00000000
302553.03939000977,4124127.9783599316,-3.136092982976096,0.00000000
302552.98939076596,4124127.9780849493,-3.136092982906045,0.00000000
302552.9393915221,4124127.9778099675,-3.1360929814279705,0.00000000
302552.8893922783,4124127.977534985,-3.1360929798794954,0.00000000
302552.8393930344,4124127.977260003,-3.136092981276643,0.00000000
302552.7893937906,4124127.976985021,-3.136092979871929,0.00000000
302552.7393945467,4124127.9767100387,-3.136092981276265,0.00000000
302552.6893953029,4124127.9764350564,-3.1360929813464815,0.00000000
302552.63939605904,4124127.976160074,-3.1360929813499925,0.00000000
302552.5893968152,4124127.9758850913,-3.1360929842993115,0.00000000
302552.53939757135,4124127.9756101095,-3.136092982972206,0.00000000
302552.48939832754,4124127.975335127,-3.136092984380422,0.00000000
302552.43939908367,4124127.9750601454,-3.1360929829762614,0.00000000
302552.38939983986,4124127.974785163,-3.136092984380625,0.00000000
302552.339400596,4124127.9745101808,-3.136092984450843,0.00000000
302552.2894013522,4124127.974235199,-3.1360929829797826,0.00000000
302552.2394021083,4124127.9739602166,-3.136092984380801,0.00000000
302552.1894028645,4124127.973685235,-3.1360929829762805,0.00000000
302552.1394036206,4124127.9734102525,-3.136092984380626,0.00000000
302552.0894043768,4124127.9731352706,-3.1360929829762716,0.00000000
302552.03940513293,4124127.9728602883,-3.136092982906054,0.00000000
302551.9894058891,4124127.972585306,-3.1360929843781284,0.00000000
302551.93940664525,4124127.972310324,-3.136092982976147,0.00000000
302551.88940740144,4124127.972035342,-3.136092984381633,0.00000000
302551.83940815757,4124127.97176036,-3.136092982976322,0.00000000
302551.78940891376,4124127.9714853778,-3.1360929829070705,0.00000000
302551.7394096699,4124127.9712103955,-3.1360929843771657,0.00000000
302551.689410426,4124127.9709354136,-3.136092982976099,0.00000000
302551.6394111822,4124127.9706604313,-3.136092984380617,0.00000000
302551.58941193833,4124127.9703854495,-3.136092981501699,0.00000000
302551.5394126945,4124127.970110467,-3.136092979883182,0.00000000
302551.48941345065,4124127.969835485,-3.1360929812768275,0.00000000
302551.43941420683,4124127.969560503,-3.1360929798719384,0.00000000
302551.38941496296,4124127.9692855207,-3.1360929812762652,0.00000000
302551.33941571915,4124127.969010539,-3.13609297987191,0.00000000
302551.2894164753,4124127.968735556,-3.136092981276264,0.00000000
302551.23941723147,4124127.9684605733,-3.136092984295625,0.00000000
302551.1894179876,4124127.9681855915,-3.1360929829720217,0.00000000
302551.1394187438,4124127.967910609,-3.1360929843804133,0.00000000
302551.0894194999,4124127.9676356274,-3.136092982976261,0.00000000
302551.0394202561,4124127.967360645,-3.1360929829060535,0.00000000
302550.98942101223,4124127.9670856628,-3.1360929843771146,0.00000000
302550.9394217684,4124127.966810681,-3.136092982976096,0.00000000
302550.88942252455,4124127.9665356986,-3.1360929843806167,0.00000000
302550.83942328073,4124127.966260717,-3.136092982976271,0.00000000
302550.78942403686,4124127.9659857345,-3.1360929843806256,0.00000000
302550.73942479305,4124127.965710752,-3.136092984450843,0.00000000
302550.6894255492,4124127.9654357703,-3.1360929829797826,0.00000000
302550.63942630537,4124127.965160788,-3.136092984380801,0.00000000
302550.5894270615,4124127.964885806,-3.1360929829762805,0.00000000
302550.5394278177,4124127.964610824,-3.136092984380626,0.00000000
302550.4894285738,4124127.964335842,-3.1360929829762716,0.00000000
302550.43942933,4124127.9640608598,-3.136092982906054,0.00000000
302550.3894300861,4124127.9637858775,-3.1360929843771146,0.00000000
302550.3394308423,4124127.9635108956,-3.136092982976096,0.00000000
302550.28943159844,4124127.9632359133,-3.136092982906045,0.00000000
302550.23943235463,4124127.9629609315,-3.136092979953399,0.00000000
302550.18943311076,4124127.962685949,-3.136092979805767,0.00000000
302550.13943386695,4124127.962410967,-3.1360929812729568,0.00000000
302550.0894346231,4124127.962135985,-3.1360929798717447,0.00000001
302550.03943537927,4124127.9618610027,-3.1360929812762555,0.00000000
302549.9894361354,4124127.9615860204,-3.136092981346481,0.00000000
302549.9394368916,4124127.9613110377,-3.1360929828245645,0.00000000
302549.8894376477,4124127.9610360553,-3.13609298437304,0.00000001
302549.8394384039,4124127.9607610735,-3.136092982976906,0.00000000
302549.78943916,4124127.960486091,-3.1360929843806575,0.00000001
302549.7394399162,4124127.9602111094,-3.1360929829772872,0.00000000
302549.68944067234,4124127.959936127,-3.1360929829061046,0.00000000
302549.63944142853,4124127.9596611448,-3.136092984378131,0.00000000
302549.58944218466,4124127.959386163,-3.1360929829761472,0.00000000
302549.5394429408,4124127.9591111806,-3.1360929843806193,0.00000001
302549.489443697,4124127.958836199,-3.1360929829762716,0.00000001
302549.4394444531,4124127.9585612165,-3.136092982906054,0.00000002
302549.3894452093,4124127.958286234,-3.1360929843771146,0.00000002
302549.3394459654,4124127.9580112523,-3.136092982976096,0.00000002
302549.2894467216,4124127.95773627,-3.1360929843806167,0.00000003
302549.23944747774,4124127.957461288,-3.136092982976271,0.00000003
302549.1894482339,4124127.957186306,-3.1360929843806256,0.00000004
302549.13944899006,4124127.9569113236,-3.136092984450843,0.00000005
302549.08944974624,4124127.9566363418,-3.1360929829797826,0.00000005
302549.0394505024,4124127.9563613595,-3.136092984380801,0.00000006
302548.98945125856,4124127.9560863776,-3.1360929829762805,0.00000007
302548.9394520147,4124127.9558113953,-3.1360929829060544,0.00000009
302548.8894527709,4124127.9555364135,-3.1360929799533994,0.00000010
302548.839453527,4124127.955261431,-3.136092979805767,0.00000012
302548.7894542832,4124127.954986449,-3.1360929812729568,0.00000013
302548.7394550393,4124127.954711467,-3.1360929798717447,0.00000015
302548.6894557955,4124127.9544364847,-3.1360929812762555,0.00000018
302548.63945655164,4124127.9541615024,-3.136092981346481,0.00000020
302548.5894573078,4124127.9538865197,-3.136092984299136,0.00000024
302548.53945806395,4124127.9536115373,-3.1360929844467687,0.00000027
302548.48945882014,4124127.9533365555,-3.1360929829795787,0.00000031
302548.4394595763,4124127.953061573,-3.1360929843807908,0.00000035
302548.38946033246,4124127.9527865914,-3.13609298297628,0.00000041
302548.3394610886,4124127.952511609,-3.136092984380626,0.00000046
302548.2894618448,4124127.952236627,-3.1360929829762716,0.00000053
302548.2394626009,4124127.951961645,-3.1360929843806256,0.00000060
302548.1894633571,4124127.9516866626,-3.136092984450843,0.00000069
302548.1394641132,4124127.951411681,-3.136092984454354,0.00000079
302548.0894648694,4124127.9511366985,-3.1360929844545296,0.00000090
302548.03946562554,4124127.9508617166,-3.1360929844545384,0.00000102
302547.9894663817,4124127.9505867343,-3.1360929844555527,0.00000117
302547.93946713785,4124127.9503117525,-3.1360929844545895,0.00000133
302547.88946789404,4124127.95003677,-3.1360929844555554,0.00000152
302547.83946865017,4124127.9497617884,-3.13609298445459,0.00000173
302547.78946940636,4124127.949486806,-3.136092985930127,0.00000197
302547.7394701625,4124127.949211824,-3.1360929845283185,0.00000225
302547.6894709186,4124127.948936842,-3.136092984458228,0.00000256
302547.6394716748,4124127.94866186,-3.136092982980152,0.00000292
302547.58947243093,4124127.948386878,-3.136092981431676,0.00000333
302547.5394731871,4124127.948111896,-3.1360929769305375,0.00000379
302547.48947394325,4124127.947836914,-3.1360929722807516,0.00000432
302547.43947469944,4124127.947561932,-3.1360929676255607,0.00000492
302547.38947545557,4124127.9472869495,-3.136092962968072,0.00000560
302547.33947621175,4124127.947011967,-3.1360929568369103,0.00000638
302547.2894769679,4124127.9467369844,-3.1360929535812088,0.00000726
302547.23947772407,4124127.946462001,-3.136092948994708,0.00000827
302547.18947848026,4124127.946187018,-3.1360929443416676,0.00000942
302547.1394792364,4124127.9459120343,-3.136092941159872,0.00001072
302547.0894799926,4124127.9456370506,-3.136092936577067,0.00001220
302547.03948074876,4124127.9453620664,-3.1360929319242112,0.00001388
302546.9894815049,4124127.9450870827,-3.1360929213685527,0.00001579
302546.9394822611,4124127.944812098,-3.1360929090441956,0.00001797
302546.88948301726,4124127.9445371134,-3.136092892207688,0.00002044
302546.8394837734,4124127.944262129,-3.136092867770687,0.00002324
302546.7894845296,4124127.9439871437,-3.136092838531973,0.00002642
302546.73948528577,4124127.943712158,-3.136092803153873,0.00003003
302546.68948604196,4124127.943437171,-3.1360927674688033,0.00003412
302546.63948679814,4124127.943162183,-3.1360927288192415,0.00003875
302546.58948755433,4124127.942887193,-3.136092691496027,0.00004400
302546.5394883106,4124127.942612201,-3.13609265423913,0.00004992
302546.48948906676,4124127.942337207,-3.1360926081371043,0.00005662
302546.439489823,4124127.9420622108,-3.136092551271834,0.00006418
302546.38949057925,4124127.941787213,-3.136092482070813,0.00007269
302546.3394913355,4124127.941512213,-3.136092404879132,0.00008226
302546.28949209175,4124127.941237212,-3.136092311068642,0.00009301
302546.23949284805,4124127.940962209,-3.1360922016804804,0.00010504
302546.18949360435,4124127.940687201,-3.1360920797168608,0.00011849
302546.13949436066,4124127.9404121875,-3.1360919468004385,0.00013347
302546.089495117,4124127.940137169,-3.1360917956425287,0.00015010
302546.03949587344,4124127.9398621456,-3.136091621453968,0.00016850
302545.9894966298,4124127.9395871162,-3.1360914269414,0.00018876
302545.9394973863,4124127.93931208,-3.1360912078204963,0.00021094
302545.88949814276,4124127.939037035,-3.1360909594512996,0.00023508
302545.83949889935,4124127.9387619817,-3.1360906786536806,0.00026117
302545.78949965595,4124127.9384869174,-3.13609036379102,0.00028917
302545.7395004126,4124127.9382118415,-3.1360900074116693,0.00031893
302545.68950116937,4124127.9379367535,-3.1360896002946026,0.00035021
302545.6395019262,4124127.937661651,-3.1360891375540385,0.00038285
302545.5895026831,4124127.9373865314,-3.1360886100972425,0.00041664
302545.5395034401,4124127.937111393,-3.136088010098749,0.00045140
302545.48950419726,4124127.936836234,-3.1360873253696955,0.00048694
302545.4395049545,4124127.9365610504,-3.136086546451179,0.00052308
302545.3895057119,4124127.9362858394,-3.1360856537028536,0.00055963
302545.3395064695,4124127.9360105973,-3.1360846328685086,0.00059643
302545.2895072273,4124127.9357353183,-3.136083475865522,0.00063331
302545.2395079853,4124127.935459999,-3.136082152794267,0.00067011
302545.1895087436,4124127.935184633,-3.136080640042203,0.00070669
302545.13950950216,4124127.9349092143,-3.136078914308095,0.00074288
302545.089510261,4124127.9346337337,-3.1360769567330373,0.00077851
302545.03951102035,4124127.9343581833,-3.136074729508778,0.00081350
302544.98951178003,4124127.934082555,-3.136072187978258,0.00084775
302544.93951254024,4124127.933806836,-3.136069298944655,0.00088120
302544.889513301,4124127.9335310133,-3.1360660135598013,0.00091383
302544.8395140625,4124127.9332550736,-3.136062276295696,0.00094567
302544.78951482463,4124127.932979002,-3.136058020964266,0.00097679
302544.73951558763,4124127.9327027793,-3.1360531793759794,0.00100729
302544.6895163516,4124127.9324263837,-3.1360476729151547,0.00103731
302544.63951711665,4124127.9321497926,-3.1360414062245145,0.00106698
302544.5895178829,4124127.931872978,-3.136034286057819,0.00109647
302544.53951865056,4124127.93159591,-3.1360261897850013,0.00112598
302544.48951941985,4124127.9313185536,-3.1360169859329265,0.00115569
302544.43952019094,4124127.931040869,-3.1360065293100288,0.00118576
302544.3895209641,4124127.930762811,-3.1359946430800214,0.00121637
302544.33952173963,4124127.930484328,-3.1359811414422567,0.00124768
302544.2895225179,4124127.930205364,-3.135965802765386,0.00127985
302544.23952329915,4124127.9299258515,-3.1359483903491907,0.00131304
302544.18952408386,4124127.9296457167,-3.1359286328238207,0.00134738
302544.13952487265,4124127.9293648754,-3.1359062320213704,0.00138331
302544.08952566586,4124127.929083229,-3.1358808618854868,0.00142073
302544.0395264643,4124127.92880067,-3.1358521463077142,0.00145970
302543.98952726857,4124127.9285170753,-3.135819671280977,0.00150029
302543.93952807947,4124127.9282323066,-3.1357829840400435,0.00154255
302543.889528898,4124127.9279462076,-3.1357415900662446,0.00158650
302543.8395297252,4124127.9276586045,-3.135694942614631,0.00163219
302543.7895305622,4124127.9273693003,-3.1356424598850974,0.00168014
302543.73953141033,4124127.927078074,-3.1355835288333087,0.00173002
302543.6895322712,4124127.9267846774,-3.13551751420424,0.00178172
302543.6395331464,4124127.9264888363,-3.135443753088814,0.00183522
302543.589534038,4124127.926190245,-3.1353615782436517,0.00189045
302543.5395349481,4124127.925888565,-3.1352703502216626,0.00194734
302543.4895358793,4124127.925583424,-3.1351694914246115,0.00200649
302543.4395368342,4124127.925274417,-3.1350585187667974,0.00206737
302543.38953781594,4124127.9249611045,-3.1349370998788144,0.00212972
302543.33953882783,4124127.924643013,-3.13480513700768,0.00219345
302543.2895398736,4124127.924319637,-3.1346628656042514,0.00225849
302543.2395409574,4124127.923990446,-3.13451097279271,0.00232535
302543.1895420834,4124127.923654896,-3.1343507212688992,0.00239445
302543.1395432564,4124127.923312438,-3.1341841619505306,0.00246513
302543.0895444808,4124127.922962536,-3.1340136019359965,0.00253746
302543.0395457615,4124127.9226046903,-3.1338428638119193,0.00261154
302542.98954710277,4124127.922238471,-3.1336767307351474,0.00268894
302542.9395485085,4124127.9218635615,-3.133519056225086,0.00277001
302542.8895499813,4124127.9214798054,-3.133373216732975,0.00285420
302542.83955152205,4124127.9210872813,-3.1332418334468266,0.00294200
302542.78955313115,4124127.9206861495,-3.133127184551329,0.00303433
302542.7395548046,4124127.920277081,-3.1330298529340803,0.00313557
302542.6895565351,4124127.919861096,-3.1329491496258197,0.00324374
302542.6395583167,4124127.919439019,-3.1328848647260314,0.00335983
302542.5895601428,4124127.9190116995,-3.132836635324418,0.00348480
302542.5395620066,4124127.91857999,-3.1328039773050897,0.00362559
302542.48956390115,4124127.918144729,-3.1327863341217452,0.00377952
302542.4395658196,4124127.9177067354,-3.132783071876602,0.00394710
302542.38956775505,4124127.917266803,-3.132794383022225,0.00412938
302542.3395697008,4124127.9168257006,-3.132818908700662,0.00433587
302542.2895716504,4124127.916384166,-3.1328554410579454,0.00456241
302542.2395735975,4124127.9159429055,-3.132902487806109,0.00480880
302542.18957553635,4124127.9155025887,-3.132958094145453,0.00507591
302542.13957746135,4124127.9150638436,-3.1330196937666277,0.00537794
302542.08957936504,4124127.9146275343,-3.133083288867666,0.00570452
302542.03958124464,4124127.914193998,-3.13314601192626,0.00605591
302541.989583097,4124127.9137636125,-3.133204581516357,0.00643779
302541.9395849202,4124127.9133366314,-3.1332558385675005,0.00685679
302541.8895867138,4124127.912913131,-3.1332968955677254,0.00730219
302541.83958847926,4124127.9124929598,-3.1333249773788747,0.00777332
302541.7895902199,4124127.91207576,-3.133338376232161,0.00828745
302541.73959193996,4124127.911661026,-3.1333359302491606,0.00882813
302541.6895936447,4124127.911248145,-3.133316833690473,0.00939274
302541.6395953399,4124127.910836425,-3.1332805552048155,0.00999726
302541.58959703194,4124127.9104250805,-3.1332269030479885,0.01062942
302541.539598729,4124127.9100131285,-3.133156388159753,0.01128253
302541.48960043816,4124127.9095997163,-3.133069239565486,0.01197720
302541.4396021664,4124127.9091839986,-3.1329614989082617,0.01269510
302541.38960392104,4124127.908765126,-3.132836339273381,0.01343439
302541.33960570936,4124127.9083422516,-3.1326950635960227,0.01421609
302541.28960753884,4124127.9079145375,-3.1325387161348957,0.01501340
302541.2396094171,4124127.9074811656,-3.1323683591902185,0.01584468
302541.1896113515,4124127.907041347,-3.1321850294059397,0.01670336
302541.13961336185,4124127.9065929833,-3.1319939354250415,0.01758005
302541.08961544774,4124127.9061362892,-3.1317857994684855,0.01849882
302541.039617615,4124127.9056707793,-3.1315651832341342,0.01942533
302540.98961987026,4124127.905195925,-3.131333743691858,0.02040173
302540.93962221994,4124127.904711227,-3.131091860021298,0.02138644
302540.88962467073,4124127.904216207,-3.1308399551687907,0.02241466
302540.8396272293,4124127.903710395,-3.130578604686598,0.02345796
302540.7896299272,4124127.903190994,-3.1303056914372047,0.02454055
302540.7396327566,4124127.9026591056,-3.1300226078169526,0.02564201
302540.68963572156,4124127.902114652,-3.1297306399962217,0.02678428
302540.6396388295,4124127.901557228,-3.1294293212881574,0.02794674
302540.5896420877,4124127.900986483,-3.1291176593678927,0.02915550
302540.53964550275,4124127.9004021212,-3.128785765088889,0.03038195
302540.4896491203,4124127.899800669,-3.1284348585628066,0.03166404
302540.43965292745,4124127.8991837003,-3.1280659017710315,0.03295630
302540.38965692505,4124127.8985515223,-3.127673515541299,0.03432145
302540.3396611248,4124127.8979035616,-3.127254684598796,0.03568505
302540.2896655399,4124127.8972391617,-3.126786268817913,0.03714269
302540.239670222,4124127.8965549204,-3.1262710090768007,0.03859273
302540.18967522157,4124127.895847905,-3.125724973511914,0.04013575
302540.13968052255,4124127.8951199744,-3.125136684441746,0.04168312
302540.08968615404,4124127.894369722,-3.124497911071798,0.04331059
302540.03969214665,4124127.893595707,-3.12375477841543,0.04496209
302539.9896986385,4124127.892790015,-3.1229640979323583,0.04667114
302539.9397056895,4124127.891950474,-3.122126954641965,0.04842302
302539.88971328666,4124127.8910791827,-3.121228356225893,0.05021052
302539.83972148376,4124127.890174122,-3.1201803517882856,0.05206483
302539.7897303705,4124127.889231468,-3.1190342778070925,0.05392848
302539.7397403439,4124127.888232901,-3.117848807993476,0.05587289
302539.6897512457,4124127.887189295,-3.1165821345404354,0.05779877
302539.63976317033,4124127.8860979252,-3.115110498547093,0.05983232
302539.589776211,4124127.884956139,-3.1134999627247986,0.06184429
302539.53979113995,4124127.88373439,-3.1118547373172722,0.06392496
302539.4898077484,4124127.8824464525,-3.11012820360856,0.06600067
302539.4398261305,4124127.8810917228,-3.1081217345686154,0.06812597
302539.3898464404,4124127.8796669496,-3.1059888348077713,0.07026847
302539.33987003716,4124127.8781310073,-3.103866123789688,0.07241658
302539.2898965485,4124127.876504056,-3.101617923956567,0.07459687
302539.23992603784,4124127.8747884086,-3.099137294751196,0.07676859
302539.18995869893,4124127.872981478,-3.0965803529809723,0.07899734
302539.1399971593,4124127.8710207236,-3.0941619223838925,0.08116476
302539.0900399349,4124127.868954482,-3.091491153382278,0.08340890
302539.04008719925,4124127.8667823323,-3.0887810885693825,0.08560486
302538.9901402593,4124127.864479467,-3.0861546853916524,0.08786061
302538.94020099175,4124127.8620166206,-3.0834788628427483,0.09006093
302538.8902674044,4124127.859442152,-3.080763766733332,0.09230804
302538.84033946914,4124127.856758844,-3.078090115083267,0.09454729
302538.7904219331,4124127.853888375,-3.075411620136229,0.09677815
302538.7405111905,4124127.8509036796,-3.072750563606668,0.09902508
302538.6906066972,4124127.8478153693,-3.0700954896592885,0.10127687
302538.6407134164,4124127.8445503223,-3.067373101937429,0.10354463
302538.59082844196,4124127.8411621656,-3.0647865861659525,0.10578376
302538.54094994866,4124127.837678952,-3.061990321579306,0.10810212
302538.4910849935,4124127.8340065894,-3.0593546476546325,0.11033666
302538.44122826186,4124127.8302256917,-3.0567631318019526,0.11267145
302538.39137925074,4124127.8263428975,-3.0538473150572902,0.11496065
302538.34154607943,4124127.8222622927,-3.051380561464116,0.11728254
302538.2917195148,4124127.8181025437,-3.048420575655284,0.11959667
302538.24190673366,4124127.8137797164,-3.0457770689211214,0.12192792
302538.19210599153,4124127.8093218165,-3.042897180143299,0.12425617
302538.14231389965,4124127.804766865,-3.0400354330673705,0.12659808
302538.0925410076,4124127.8000075147,-3.0371836084890975,0.12893757
302538.042773,4124127.7951968857,-3.0341531703436995,0.13127602
302537.99302885355,4124127.790145164,-3.031225998357679,0.13362867
302537.9432905087,4124127.785037815,-3.0281184485327293,0.13595650
302537.8935744925,4124127.7797163744,-3.024947198877436,0.13831660
302537.8438680934,4124127.7743074857,-3.021721914733312,0.14065274
302537.7941838253,4124127.76869736,-3.018243585422005,0.14298811
302537.74451202166,4124127.7629798814,-3.014862935458041,0.14533045
302537.6948640726,4124127.7570569464,-3.0110188704723506,0.14762826
302537.6452300846,4124127.751020341,-3.0074504709370133,0.14997336
302537.5956244412,4124127.7447529533,-3.003201705688694,0.15221830
302537.5460322365,4124127.7383824005,-2.999248351804483,0.15456279
302537.49647639395,4124127.7317327037,-2.9947483938929333,0.15678736
302537.4469306017,4124127.725010465,-2.9902786471717664,0.15907994
302537.39743348904,4124127.7179368637,-2.985670367177547,0.16127097
302537.3479393216,4124127.710843325,-2.9806483613686288,0.16350304
302537.29851117014,4124127.7033029115,-2.9760375366406135,0.16564811
302537.2490830186,4124127.6957624974,-2.9706459761035364,0.16779284
302537.1997263853,4124127.6877689073,-2.9659831137920647,0.16990201
302537.1503783345,4124127.679720933,-2.9603870253279982,0.17199141
302537.10109665326,4124127.6712795706,-2.9556592839952867,0.17401699
302537.0518396953,4124127.6626916667,-2.9499581872395546,0.17604250
302537.0026386655,4124127.653793416,-2.9452037808353078,0.17798407
302536.95348251326,4124127.6446461375,-2.9394702832191006,0.17994552
302536.90436716774,4124127.6352864006,-2.934372893685788,0.18181819
302536.8553199643,4124127.6255718837,-2.928970445913233,0.18370215
302536.80629475747,4124127.615749591,-2.9235574549598593,0.18555694
302536.75736347825,4124127.605467086,-2.918500209331648,0.18732427
302536.7084324139,4124127.5951835867,-2.9127725918998326,0.18917242
302536.6596233115,4124127.5843359367,-2.9080511315571442,0.19082622
302536.610814209,4124127.573488286,-2.90233612914565,0.19262867
302536.5621091922,4124127.5621847208,-2.8976030098165797,0.19424888
302536.51342832705,4124127.5507753664,-2.8918557684806947,0.19600085
302536.4648309679,4124127.5390187213,-2.887079785201484,0.19763657
302536.41628465324,4124127.5270497897,-2.8812592553378815,0.19930072
302536.3677993059,4124127.514839587,-2.876174516220714,0.20096964
302536.3193947179,4124127.5023097876,-2.870465992522044,0.20256454
302536.27102649113,4124127.4896428385,-2.864936673424319,0.20427294
302536.2227721142,4124127.4765464608,-2.8594227499768885,0.20581212
302536.17452696204,4124127.4634168805,-2.853419330311756,0.20756358
302536.1264326654,4124127.4497443303,-2.848092354907518,0.20911516
302536.07833836874,4124127.43607178,-2.841824434785249,0.21082412
302536.03039443225,4124127.421882406,-2.8364676440009546,0.21241288
302535.98247157043,4124127.4076205925,-2.830032291125573,0.21407976
302535.9346775241,4124127.3929357217,-2.824558769276029,0.21572307
302535.8869386123,4124127.3780697775,-2.8179778902733785,0.21732851
302535.8393035613,4124127.3628777866,-2.812423671485258,0.21902481
302535.7917619401,4124127.3473924953,-2.805757514183711,0.22061319
302535.74429479794,4124127.331683613,-2.799782014932832,0.22230578
302535.69696368405,4124127.315566366,-2.793480104652527,0.22388693
302535.64967250096,4124127.299334401,-2.7871490916597716,0.22556730
302535.6025634888,4124127.282579074,-2.7812917599088776,0.22712148
302535.5554546433,4124127.2658232884,-2.774646406633969,0.22878559
302535.5085763503,4124127.2484328994,-2.76928909467514,0.23032765
302535.46169805725,4124127.23104251,-2.7627450536142812,0.23191167
302535.4150125298,4124127.213142979,-2.757550333923793,0.23349305
302535.36837144213,4124127.195126072,-2.7511020483822497,0.23503231
302535.32187845913,4124127.1767331725,-2.745870737861336,0.23662655
302535.2754796028,4124127.1581013147,-2.739703586990191,0.23815635
302535.22917767684,4124127.1392325438,-2.7340893027242728,0.23973964
302535.18302536645,4124127.119998089,-2.728507605191525,0.24126315
302535.1369119464,4124127.100671981,-2.7224639265491875,0.24284724
302535.0910105044,4124127.0808463,-2.7174689708884268,0.24436372
302535.0451090624,4124127.0610206192,-2.7111242310623376,0.24593690
302534.999437606,4124127.0406716634,-2.706521930160853,0.24746565
302534.9537929487,4124127.0202617333,-2.7001235075107326,0.24898896
302534.90831123025,4124126.999493573,-2.694877822812229,0.25057291
302534.8629313518,4124126.9785015117,-2.6890219576332552,0.25207172
302534.81763840205,4124126.957324678,-2.6830588846816337,0.25368687
302534.77253396506,4124126.935747149,-2.6777595129119716,0.25516790
302534.72742952814,4124126.91416962,-2.6709711806590812,0.25680734
302534.6826144418,4124126.891997401,-2.6662025045319293,0.25826297
302534.6377998542,4124126.869824157,-2.659250785657328,0.25984528
302534.59319067706,4124126.8472428164,-2.65358338596852,0.26135426
302534.54868419515,4124126.8244574466,-2.6471928418003885,0.26287643
302534.50428468914,4124126.8014667407,-2.6405972455905835,0.26443802
302534.46010728454,4124126.7780497186,-2.6348376852426703,0.26589603
302534.4159298799,4124126.7546326965,-2.627323158201787,0.26751524
302534.37209554506,4124126.7305798596,-2.622008477520669,0.26893757
302534.32826918596,4124126.7065122416,-2.6145272463681555,0.27048774
302534.28467564884,4124126.6820282135,-2.6082462398784125,0.27196101
302534.2412211294,4124126.657295548,-2.6014488505377167,0.27343769
302534.19787363085,4124126.6323782196,-2.594180090547359,0.27496048
302534.15481066087,4124126.6069699414,-2.5880913446949525,0.27635905
302534.1117476909,4124126.5815616627,-2.5799711256443048,0.27790441
302534.0690636694,4124126.555522704,-2.5740790292768536,0.27924213
302534.0264125127,4124126.529429049,-2.5660452380825367,0.28072014
302533.98400828027,4124126.5029391316,-2.5590486415052887,0.28210264
302533.9417913371,4124126.476148654,-2.5516258951713655,0.28347300
302533.89967610216,4124126.4492008653,-2.543466011472989,0.28490579
302533.8579193223,4124126.421698659,-2.5366533242414255,0.28616338
302533.81616254256,4124126.394196453,-2.527579610388781,0.28757314
302533.7748379504,4124126.3660504716,-2.5208479423345067,0.28874061
302533.73357216275,4124126.3378168964,-2.5116387531957027,0.29003718
302533.6925954125,4124126.3091690843,-2.503685972434919,0.29117215
302533.6518552119,4124126.2801822587,-2.4950312073027137,0.29233427
302533.6112460798,4124126.251014908,-2.48589541894634,0.29346426
302533.5710689762,4124126.22125251,-2.4778667423290415,0.29442959
302533.5308918726,4124126.1914901114,-2.4678396606273245,0.29551178
302533.491272711,4124126.1609899793,-2.460302665167192,0.29629099
302533.45169526717,4124126.1304346863,-2.45021010357185,0.29722490
302533.41252331965,4124126.099365084,-2.4420635135150404,0.29790734
302533.3735766781,4124126.0680097155,-2.4324407938945134,0.29866622
302533.3348701533,4124126.0363622876,-2.4234612038324883,0.29928284
302533.29657554656,4124126.0042138337,-2.414653921392512,0.29982547
302533.25835054804,4124125.971984165,-2.4049396877440503,0.30037992
302533.22072138754,4124125.939059307,-2.396931461819861,0.30070046
302533.18309222703,4124125.9061344485,-2.3870207768175398,0.30113424
302533.1460364532,4124125.8725675144,-2.379318896394938,0.30129448
302533.10908170615,4124125.838887451,-2.369518739714163,0.30157329
302533.07253849856,4124125.804764811,-2.361527315098817,0.30163674
302533.0362650376,4124125.77035208,-2.3520616813064654,0.30174260
302533.00024364016,4124125.735678872,-2.343398202282639,0.30172058
302532.96465879603,4124125.7005545376,-2.3346293326313186,0.30164504
302532.9291684657,4124125.665336313,-2.325339005410622,0.30156087
302532.89428060595,4124125.6295195958,-2.3172463139046604,0.30128015
302532.8593927462,4124125.5937028783,-2.307638595223374,0.30109934
302532.8251486517,4124125.5572712226,-2.2999599882462882,0.30065639
302532.7909666435,4124125.5207802607,-2.290477114287184,0.30031726
302532.7572807714,4124125.483833509,-2.2828479375590556,0.29977654
302532.72381306003,4124125.446686338,-2.2735218963787265,0.29925780
302532.6906920983,4124125.409232744,-2.265576303610698,0.29861354
302532.65794383764,4124125.3714497923,-2.2568368397720673,0.29791670
302532.6253914493,4124125.3335002786,-2.248467032439879,0.29717810
302532.5933617462,4124125.295106293,-2.2404896601639535,0.29629458
302532.56137833523,4124125.2566744066,-2.231748998474655,0.29548249
302532.53006143187,4124125.2176968292,-2.2245099534478836,0.29441459
302532.4987445285,4124125.1787192514,-2.215824133276816,0.29346749
302532.4680320942,4124125.139264873,-2.2089065799842214,0.29227579
302532.43742004177,4124125.099731315,-2.2004187123499364,0.29117513
302532.40726012463,4124125.0598539407,-2.1936333111993154,0.28988500
302532.3773446532,4124125.0197906834,-2.185295521837865,0.28864396
302532.34773165634,4124124.979505573,-2.178067914834899,0.28730647
302532.3185062077,4124124.9389362107,-2.1703734864175086,0.28589140
302532.2894347227,4124124.8982578893,-2.162691056922194,0.28451625
302532.260895183,4124124.857203113,-2.155630307283472,0.28293483
302532.23236024735,4124124.816145192,-2.147467980423771,0.28153203
302532.2045059684,4124124.7746224375,-2.141031211225971,0.27979990
302532.1766516894,4124124.733099683,-2.132928953268177,0.27830108
302532.1493364704,4124124.6912217145,-2.1265880763582152,0.27654987
302532.12216943427,4124124.649246101,-2.1185354908460208,0.27489921
302532.09538683767,4124124.607026117,-2.1118397691373962,0.27313729
302532.06891082803,4124124.5646112505,-2.1042821707866235,0.27133709
302532.0426581007,4124124.522059524,-2.097068736597445,0.26956997
302532.01687703945,4124124.479218692,-2.090250662258651,0.26763623
302531.9911502382,4124124.436345802,-2.082574863963272,0.26585665
302531.966065579,4124124.3930935203,-2.0765488479554404,0.26384109
302531.9409809197,4124124.3498412385,-2.068924198392582,0.26195414
302531.9164671145,4124124.306263932,-2.0632996801763666,0.25992054
302531.8920746176,4124124.2626175564,-2.0559866041111374,0.25790740
302531.8680624161,4124124.2187624928,-2.0499566027569087,0.25589481
302531.84434841666,4124124.1747437892,-2.0435833310279095,0.25378850
302531.8208211591,4124124.130626265,-2.0372226016406922,0.25179147
302531.7977631642,4124124.0862604124,-2.0317549394263503,0.24965081
302531.7747051693,4124124.0418945597,-2.0251034726003443,0.24764361
302531.75227451784,4124123.99720827,-2.020478099633219,0.24549104
302531.7298455874,4124123.9525211006,-2.014178062864752,0.24341084
302531.7078370583,4124123.9076264463,-2.009278819724794,0.24134736
302531.686009586,4124123.862642433,-2.0036894206373894,0.23923032
302531.6644068896,4124123.817551116,-1.9983998441714108,0.23725722
302531.6431543088,4124123.77229266,-1.9935746876130385,0.23517319
302531.6219433864,4124123.727014951,-1.9878969211407929,0.23325400
302531.60124333913,4124123.6815011287,-1.9837603505721273,0.23121971
302531.5805432919,4124123.635987306,-1.9781330062167453,0.22930417
302531.5602466327,4124123.590292862,-1.9738306754410095,0.22738732
302531.54008094204,4124123.5445397757,-1.9686588136294196,0.22546616
302531.5201409453,4124123.498688743,-1.9638679530886245,0.22368567
302531.5004967784,4124123.452709327,-1.9592712935625525,0.22179672
302531.48091033165,4124123.4067056305,-1.9539971482383658,0.22011734
302531.461780277,4124123.360509949,-1.9499334186142532,0.21828203
302531.44265022234,4124123.314314267,-1.9445354967702952,0.21663307
302531.42392670375,4124123.2679528533,-1.940461048373317,0.21489383
302531.4053068812,4124123.221549166,-1.9352855600516854,0.21324760
302531.386935555,4124123.1750473413,-1.9307239356970824,0.21163165
302531.3688243187,4124123.128442802,-1.9260584663007558,0.20997562
302531.35080852103,4124123.081801768,-1.9210628950880557,0.20847469
302531.3332041241,4124123.035003422,-1.9168944680096394,0.20682452
302531.31559972727,4124122.9882050757,-1.911683882006199,0.20538851
302531.29844604776,4124122.9412399353,-1.9078204069044808,0.20379198
302531.28134482173,4124122.894255384,-1.9027197244642797,0.20234653
302531.26454686903,4124122.8471622546,-1.8985772182323697,0.20083949
302531.24794171826,4124122.8000000985,-1.893808489834087,0.19938156
302531.23150101275,4124122.752780996,-1.889294543726809,0.19796258
302531.2153836429,4124122.705449924,-1.8849105462179983,0.19648325
302531.19930298714,4124122.658106557,-1.8800397018819532,0.19514483
302531.1836660229,4124122.6106146066,-1.875974880638673,0.19363977
302531.1680290587,4124122.563122656,-1.8710183863570298,0.19233687
302531.15278946835,4124122.515502073,-1.8669685263212519,0.19086511
302531.1376294907,4124122.467855719,-1.8620163610736162,0.18954768
302531.1227607658,4124122.4201182947,-1.857862147185552,0.18813473
302531.10807769204,4124122.3723228206,-1.8529072397149953,0.18677679
302531.0935915312,4124122.3244679295,-1.8485636168565274,0.18541133
302531.0793871345,4124122.2765280176,-1.8437095481003896,0.18400956
302531.0652953583,4124122.228555349,-1.8391068361344793,0.18267963
302531.051571279,4124122.1804757314,-1.8344656022077896,0.18123769
302531.03788468376,4124122.132385616,-1.8296642120873048,0.17992764
302531.02464101376,4124122.0841714563,-1.825230114436033,0.17844355
302531.0113973437,4124122.0359572964,-1.8203780557401292,0.17714601
302530.9986028242,4124121.9876221498,-1.8160453606620883,0.17566142
302530.98583712825,4124121.939279239,-1.8112711168954296,0.17432258
302530.9734577674,4124121.890836325,-1.8069252847113964,0.17286537
302530.9611644652,4124121.842371134,-1.80222065554757,0.17148073
302530.9492025293,4124121.79382358,-1.7978602909356227,0.17004665
302530.9373743131,4124121.7452427885,-1.7932145508233241,0.16862992
302530.92583261325,4124121.6965936683,-1.7888389402251823,0.16722360
302530.9144635571,4124121.647903376,-1.7842417910097998,0.16577121
302530.9033448574,4124121.5991558544,-1.779847290336538,0.16439115
302530.8924298602,4124121.5503617683,-1.775289543343711,0.16294641
302530.88173668925,4124121.501519132,-1.7708720436913556,0.16156767
302530.8712714564,4124121.4526266083,-1.7663471861516613,0.16014027
302530.86100663344,4124121.403692143,-1.7619047666364285,0.15874149
302530.85098817275,4124121.35470612,-1.7574109037905363,0.15733158
302530.8411553754,4124121.3056830014,-1.7529442382682439,0.15591386
302530.83158116386,4124121.256608217,-1.7484803335035883,0.15452141
302530.8221839934,4124121.2074997183,-1.743991650616788,0.15307258
302530.8130515051,4124121.1583408164,-1.7395684309098907,0.15168292
302530.8040932168,4124121.1091503557,-1.7350756463076633,0.15023713
302530.7953998502,4124121.0599119016,-1.7307312563521702,0.14879714
302530.78688382456,4124121.010642946,-1.7262722898652878,0.14734140
302530.7786272312,4124120.961329371,-1.7220527261995775,0.14584344
302530.7705562934,4124120.9119855445,-1.7176739883536667,0.14436499
302530.76273048384,4124120.8626017747,-1.713620038420114,0.14280418
302530.75510238967,4124120.813187527,-1.7093637121086642,0.14129271
302530.7476929727,4124120.763739569,-1.7054947599886487,0.13969683
302530.74049975676,4124120.7142601083,-1.7013969176981034,0.13811356
302530.73349041666,4124120.6647538543,-1.6977184929712879,0.13649027
302530.72672097804,4124120.615214577,-1.693830176388732,0.13482425
302530.7200934712,4124120.565655762,-1.6902234143261592,0.13317382
302530.7137328183,4124120.516062251,-1.686711764457832,0.13142685
302530.70746709115,4124120.466456398,-1.6832124381726319,0.12975222
302530.70149604185,4124120.416814349,-1.6800964438669124,0.12795363
302530.69557437167,4124120.367166262,-1.6767469773260992,0.12623354
302530.6899656741,4124120.3174818326,-1.6740212469225273,0.12440485
302530.68440771085,4124120.2677918277,-1.670985366008449,0.12261522
302530.6790918023,4124120.2180752195,-1.6685159868131452,0.12078370
302530.6738687267,4124120.168348938,-1.6657978390150567,0.11893575
302530.66882073565,4124120.1186044132,-1.6634981125358308,0.11710972
302530.6639016464,4124120.068847125,-1.6611783405034637,0.11522836
302530.6590964149,4124120.019078563,-1.659022479594956,0.11340390
302530.65444931696,4124119.9692950817,-1.6570939003281637,0.11152317
302530.6498616706,4124119.9195059915,-1.6550680101013175,0.10968777
302530.6454541359,4124119.8697006567,-1.653471880160113,0.10781894
302530.6410864174,4124119.819891831,-1.6516317428239704,0.10597109
302530.63686063915,4124119.770070723,-1.6501087047440242,0.10413656
302530.6326969819,4124119.720244441,-1.6485472577664468,0.10228320
302530.62862266594,4124119.670410718,-1.647034677691624,0.10049381
302530.62464208243,4124119.6205694615,-1.645686245026832,0.09866308
302530.6207049503,4124119.5707247127,-1.6441827020135855,0.09690529
302530.6168912566,4124119.52087037,-1.6428999916306581,0.09511155
302530.6131159345,4124119.4710131334,-1.6415962049016235,0.09336812
302530.60941986047,4124119.42114993,-1.6402314981576636,0.09163260
302530.60579720343,4124119.371281365,-1.6389344938770662,0.08991005
302530.60221740365,4124119.321409687,-1.6376031053219942,0.08823349
302530.5987325313,4124119.2715312783,-1.6362575917684365,0.08654092
302530.5952991617,4124119.2216493227,-1.634865245545653,0.08491021
302530.5919143004,4124119.1717640273,-1.6334151471236675,0.08326664
302530.58862759755,4124119.1218721694,-1.6320014065648951,0.08168152
302530.585392058,4124119.071976992,-1.6304337236727184,0.08007383
302530.5822113013,4124119.022078271,-1.628778739666221,0.07854496
302530.57912943314,4124118.97217334,-1.6271638407929023,0.07697919
302530.57611363457,4124118.922264401,-1.6254496349455996,0.07547276
302530.57316383906,4124118.8723515114,-1.6235479626743925,0.07395712
302530.57029988087,4124118.822433601,-1.6215915758797714,0.07247949
302530.567536223,4124118.772510053,-1.6196186400339911,0.07098848
302530.5648524828,4124118.7225821665,-1.6175539216055967,0.06952789
302530.5622536695,4124118.6726497784,-1.6153999965293804,0.06806968
302530.5597529111,4124118.6227123556,-1.6131259420212212,0.06662572
302530.5573757593,4124118.5727689057,-1.6108872785776835,0.06517426
302530.5550988024,4124118.5228208182,-1.608631725122465,0.06372979
302530.55292656244,4124118.4728680747,-1.6063804381420177,0.06229182
302530.5508629823,4124118.42291071,-1.6041592905415725,0.06085247
302530.54891107813,4124118.372948827,-1.601993842509191,0.05942098
302530.5470937895,4124118.3229818633,-1.599974583973394,0.05797360
302530.54538711323,4124118.273011023,-1.5980477354219145,0.05653763
302530.543786574,4124118.2230366822,-1.59620799872914,0.05509682
302530.54228919174,4124118.1730591436,-1.5944609955935625,0.05367251
302530.54089107545,4124118.1230787234,-1.5928284533074175,0.05224625
302530.53958757827,4124118.073095738,-1.591313744614041,0.05084083
302530.538373478,4124118.023110492,-1.5899169104520692,0.04943911
302530.53724316106,4124117.9731232743,-1.5886358176500437,0.04806236
302530.53619297,4124117.9231343046,-1.587473529079825,0.04669587
302530.5352180614,4124117.8731438112,-1.5864286438189772,0.04535544
302530.5343077679,4124117.823152103,-1.5854800848695942,0.04403533
302530.5334567159,4124117.7731593526,-1.5846215424270624,0.04274279
302530.53265971894,4124117.723165711,-1.5838470383326608,0.04147951
302530.53191183397,4124117.6731713098,-1.583150415505941,0.04024030
302530.5312083997,4124117.623176263,-1.5825254803373066,0.03903951
302530.53054506064,4124117.5731806676,-1.5819661391030793,0.03785684
302530.52991778,4124117.523184606,-1.5814665058054027,0.03672172
302530.52932284225,4124117.473188148,-1.58102097572542,0.03559698
302530.5287568479,4124117.423191353,-1.580624273959609,0.03452849
302530.52821670263,4124117.3731942726,-1.5802714813252439,0.03346245
302530.52769960294,4124117.3231969476,-1.579958050043381,0.03245872
302530.52720301924,4124117.273199415,-1.5796798013071887,0.03145954
302530.52672467666,4124117.2232017033,-1.5794329167593004,0.03050841
302530.5262625362,4124117.17320384,-1.5792139231771656,0.02957267
302530.52581477526,4124117.1232058452,-1.5790196729765757,0.02867127
302530.52537976945,4124117.0732077374,-1.5788473225926265,0.02779445
302530.5249560735,4124117.023209533,-1.578694306505884,0.02693930
302530.52454240544,4124116.973211244,-1.5785583163258947,0.02611613
302530.5241376301,4124116.923212883,-1.5784372741891093,0.02530328
302530.5237407449,4124116.873214458,-1.5783293108538377,0.02452800
302530.52335086634,4124116.823215978,-1.5782327442611062,0.02375927
302530.52296721813,4124116.7732174504,-1.5781460574842603,0.02302012
302530.52258912026,4124116.72321888,-1.5780678056502166,0.02229296
302530.5222159792,4124116.673220272,-1.5779967480602723,0.02158407
302530.5218472794,4124116.6232216316,-1.577931831866012,0.02089457
302530.52148257574,4124116.5732229617,-1.5778720134808086,0.02021340
302530.5211214864,4124116.523224266,-1.5778163223820112,0.01955850
302530.5207636875,4124116.473225546,-1.5777638544001522,0.01891102
302530.52040893136,4124116.4232268045,-1.5777138284807593,0.01828014
302530.5200569934,4124116.3732280433,-1.5776654245567403,0.01766461
302530.519707671,4124116.3232292635,-1.5776177695742102,0.01705770
302530.51936083194,4124116.2732304665,-1.5775700893900277,0.01647103
302530.5190163843,4124116.2232316528,-1.5775216157082563,0.01589494
302530.51867427456,4124116.173232823,-1.577471568390193,0.01532877
302530.5183344873,4124116.1232339777,-1.5774191477098658,0.01478357
302530.51799704455,4124116.0732351164,-1.5773635201334517,0.01424884
302530.5176620065,4124116.023236239,-1.5773038093722074,0.01372535
302530.51732947154,4124115.973237345,-1.5772390831296945,0.01322286
302530.5169995782,4124115.923238433,-1.5771683431350476,0.01273398
302530.51667250716,4124115.873239503,-1.5770905147894396,0.01225863
302530.5163484832,4124115.823240553,-1.5770044349089145,0.01180108
302530.516027779,4124115.7732415814,-1.576908844087945,0.01136444
302530.5157107183,4124115.723242587,-1.5768023781983973,0.01094402
302530.51539768,4124115.673243567,-1.5766835620841542,0.01054075
302530.5150891032,4124115.623244519,-1.5765508079545474,0.01015736
302530.5147854921,4124115.5732454406,-1.576402420254661,0.00979929
302530.5144874219,4124115.5232463293,-1.5762366044218685,0.00946107
302530.5141955446,4124115.473247181,-1.5760514925890348,0.00914342
302530.51391059475,4124115.4232479935,-1.575845179833301,0.00884688
302530.51363339566,4124115.373248762,-1.5756157868766798,0.00857175
302530.5133648645,4124115.3232494835,-1.5753615500028433,0.00832271
302530.51310601586,4124115.2732501538,-1.5750809542226085,0.00809398
302530.51285796484,4124115.223250769,-1.5747729281342822,0.00788407
302530.512621925,4124115.1732513267,-1.574437111505846,0.00769176
302530.5123992029,4124115.1232518232,-1.5740742341847138,0.00751561
302530.5121911853,4124115.0732522565,-1.5736866356711154,0.00735396
302530.5119993167,4124115.0232526255,-1.5732789826372928,0.00720502
302530.51182506216,4124114.9732529297,-1.5728581677009297,0.00706688
302530.5116698513,4124114.9232531716,-1.572432390450181,0.00693809
302530.5115349945,4124114.873253355,-1.5720103157869574,0.00681699
302530.5114215623,4124114.8232534844,-1.5716002731699388,0.00670074
302530.51133021404,4124114.7732535694,-1.571209410342599,0.00658784
302530.5112609575,4124114.7232536185,-1.5708427085889036,0.00647714
302530.51121315494,4124114.6732536424,-1.5705028337794937,0.00636783
302530.5111857554,4124114.623253651,-1.5701907895502076,0.00625933
302530.51117746235,4124114.5732536525,-1.5699064360218185,0.00615125
302530.5111868528,4124114.523253654,-1.5696488736913148,0.00604332
302530.5112124605,4124114.4732536613,-1.5694167192051134,0.00593538
302530.511252833,4124114.4232536783,-1.5692083082562784,0.00582731
302530.5113065693,4124114.3732537073,-1.5690218360488948,0.00571905
302530.5113723435,4124114.323253751,-1.5688554555550536,0.00561056
302530.5114489193,4124114.2732538097,-1.5687073474999522,0.00550183
302530.5115351554,4124114.2232538844,-1.5685757627502976,0.00539286
302530.51163000823,4124114.1732539744,-1.568459052067296,0.00528367
302530.51173252903,4124114.12325408,-1.5683556785013255,0.00517426
302530.5118418605,4124114.0732541992,-1.56826422682179,0.00506466
302530.51195723156,4124114.0232543326,-1.56818340365052,0.00495488
302530.51207795116,4124113.9732544785,-1.5681120357994511,0.00484496
302530.5122034017,4124113.9232546357,-1.5680490633510684,0.00473492
302530.5123330328,4124113.873254804,-1.5679935336296376,0.00462477
302530.512466355,4124113.8232549815,-1.5679445938718333,0.00451453
302530.5126029336,4124113.773255168,-1.567901481651794,0.00440424
302530.51274238375,4124113.723255363,-1.5678635183239997,0.00429390
302530.51288436435,4124113.673255564,-1.5678301000193062,0.00418354
302530.513028574,4124113.623255772,-1.567800691129243,0.00407317
302530.5131747464,4124113.573255986,-1.5677748171517676,0.00396282
302530.51332264644,4124113.5232562046,-1.5677520576843815,0.00385250
302530.51347206667,4124113.473256428,-1.5677320418700278,0.00374224
302530.51362282445,4124113.423256655,-1.5677144422353853,0.00363207
302530.5137747587,4124113.373256886,-1.5676989692304342,0.00352199
302530.5139277277,4124113.32325712,-1.567685367471549,0.00341204
302530.51408160647,4124113.2732573566,-1.567673411475806,0.00330223
302530.5142362851,4124113.223257596,-1.567662903622759,0.00319260
302530.51439166674,4124113.1732578375,-1.5676536683108366,0.00308318
302530.51454766624,4124113.123258081,-1.5676455522596937,0.00297400
302530.5147042088,4124113.073258326,-1.5676384196913022,0.00286510
302530.51486122876,4124113.0232585724,-1.5676321519418006,0.00275652
302530.5150186683,4124112.9732588204,-1.5676266448243434,0.00264831
302530.51517647645,4124112.923259069,-1.5676218052026645,0.00254052
302530.51533460856,4124112.8732593195,-1.5676175537830401,0.00243322
302530.5154930252,4124112.82325957,-1.5676138182027834,0.00232647
302530.515651692,4124112.7732598223,-1.5676105367912927,0.00222034
302530.5158105786,4124112.7232600744,-1.567607654840415,0.00211493
302530.51596965827,4124112.6732603274,-1.5676051231793622,0.00201032
302530.51612890774,4124112.6232605814,-1.5676028995310636,0.00190663
302530.516288306,4124112.5732608354,-1.567600945649585,0.00180398
302530.51644783514,4124112.52326109,-1.5675992293983163,0.00170250
302530.5166074792,4124112.4732613447,-1.5675977218858625,0.00160235
302530.51676722406,4124112.4232616,-1.5675963965996802,0.00150369
302530.5169270577,4124112.3732618554,-1.567595232864912,0.00140671
302530.5170869694,4124112.3232621113,-1.5675942112107653,0.00131163
302530.51724694954,4124112.273262367,-1.5675933133373077,0.00121866
302530.5174069898,4124112.223262623,-1.5675925246896167,0.00112807
302530.51756708283,4124112.1732628793,-1.5675918314529897,0.00104013
302530.5177272224,4124112.123263136,-1.5675912233613318,0.00095512
302530.5178874026,4124112.0732633923,-1.5675906886387123,0.00087337
302530.51804761856,4124112.023263649,-1.5675902191532576,0.00079518
302530.5182078661,4124111.973263906,-1.567589807305038,0.00072090
302530.51836814126,4124111.9232641626,-1.5675894458940947,0.00065083
302530.51852844073,4124111.87326442,-1.567589128298166,0.00058528
302530.5186887614,4124111.8232646766,-1.5675888486469811,0.00052448
302530.51884910086,4124111.773264934,-1.5675886035229896,0.00046858
302530.5190094566,4124111.723265191,-1.5675883877738546,0.00041758
302530.5191698268,4124111.6732654483,-1.567588198003732,0.00037135
302530.5193302096,4124111.6232657055,-1.5675880309187953,0.00032964
302530.51949060365,4124111.573265963,-1.5675878845063886,0.00029217
302530.5196510076,4124111.52326622,-1.5675877562649452,0.00025863
302530.51981142006,4124111.473266477,-1.5675876433139995,0.00022868
302530.5199718401,4124111.4232667345,-1.567587544209802,0.00020202
302530.5201322668,4124111.373266992,-1.5675874572354507,0.00017832
302530.52029269934,4124111.3232672494,-1.56758738099591,0.00015729
302530.520453137,4124111.2732675066,-1.5675873135923908,0.00013867
302530.52061357914,4124111.2232677643,-1.5675872541879285,0.00012218
302530.52077402524,4124111.1732680216,-1.5675872027406748,0.00010761
302530.5209344748,4124111.1232682792,-1.5675871572209807,0.00009475
302530.5210949274,4124111.0732685365,-1.567587117527364,0.00008339
302530.5212553826,4124111.023268794,-1.567587082733134,0.00007338
302530.52141584037,4124110.9732690514,-1.5675870526076325,0.00006455
302530.5215763002,4124110.923269309,-1.5675870256647406,0.00005677
302530.5217367616,4124110.8732695663,-1.567587001456773,0.00004992
302530.5218972247,4124110.823269824,-1.5675869805285132,0.00004390
302530.52205768914,4124110.7732700813,-1.5675869615980067,0.00003859
302530.52221815474,4124110.723270339,-1.5675869442514392,0.00003392
302530.52237862145,4124110.673270596,-1.5675869280805435,0.00002982
302530.5225390893,4124110.623270854,-1.5675869145536903,0.00002620
302530.52269955794,4124110.5732711116,-1.5675869028226816,0.00002303
302530.52286002727,4124110.523271369,-1.5675868926465863,0.00002024
302530.52302049735,4124110.4732716265,-1.5675868838479654,0.00001778
302530.5231809681,4124110.4232718837,-1.5675868767676624,0.00001562
302530.52334143966,4124110.3732721414,-1.5675868712525947,0.00001373
302530.52350191155,4124110.323272399,-1.5675868661891676,0.00001206
302530.52366238367,4124110.2732726564,-1.567586861138858,0.00001060
302530.523822856,4124110.223272914,-1.567586856093936,0.00000931
302530.5239833287,4124110.1732731713,-1.5675868517865774,0.00000818
302530.5241438016,4124110.123273429,-1.5675868475160963,0.00000718
302530.52430427476,4124110.0732736867,-1.5675868441738088,0.00000631
302530.52446474816,4124110.023273944,-1.5675868414214353,0.00000554
302530.5246252218,4124109.9732742016,-1.5675868394405836,0.00000487
302530.52478569566,4124109.9232744593,-1.5675868380560105,0.00000428
302530.52494616964,4124109.8732747165,-1.5675868370604327,0.00000376
302530.5251066438,4124109.8232749742,-1.567586836457684,0.00000330
302530.52526711795,4124109.7732752315,-1.5675868358745766,0.00000290
302530.52542759216,4124109.723275489,-1.5675868352924514,0.00000255
302530.5255880664,4124109.673275747,-1.5675868347151076,0.00000224
302530.52574854065,4124109.623276004,-1.567586834128538,0.00000196
302530.5259090149,4124109.573276262,-1.567586833361916,0.00000173
302530.52606948925,4124109.5232765195,-1.567586832775348,0.00000152
302530.5262299636,4124109.4732767767,-1.5675868320039934,0.00000133
302530.52639043797,4124109.4232770344,-1.5675868316015118,0.00000117
302530.52655091236,4124109.3732772917,-1.5675868310236851,0.00000103
302530.5267113868,4124109.3232775494,-1.567586830441824,0.00000090
302530.5268718613,4124109.273277807,-1.5675868302331404,0.00000079
302530.5270323358,4124109.2232780643,-1.5675868302179732,0.00000070
302530.5271928104,4124109.173278322,-1.567586830217215,0.00000061
302530.5273532849,4124109.123278579,-1.5675868300328537,0.00000054
302530.52751375944,4124109.073278837,-1.5675868300236357,0.00000047
302530.52767423406,4124109.0232790946,-1.5675868302122309,0.00000041
302530.5278347086,4124108.973279352,-1.5675868302169278,0.00000036
302530.52799518313,4124108.9232796095,-1.5675868300328395,0.00000032
302530.5281556577,4124108.873279867,-1.5675868302126912,0.00000028
302530.52831613226,4124108.8232801245,-1.5675868302169509,0.00000024
302530.5284766068,4124108.773280382,-1.5675868302171638,0.00000021
302530.5286370814,4124108.7232806394,-1.5675868302171745,0.00000019
302530.52879755595,4124108.673280897,-1.567586830217175,0.00000017
302530.5289580305,4124108.623281155,-1.5675868302219078,0.00000014
302530.529118505,4124108.573281412,-1.5675868300330884,0.00000013
302530.5292789796,4124108.5232816697,-1.5675868302079707,0.00000011
302530.52943945414,4124108.4732819274,-1.5675868302214477,0.00000010
302530.5295999287,4124108.4232821846,-1.5675868302173885,0.00000009
302530.52976040327,4124108.3732824423,-1.5675868300328624,0.00000008
302530.52992087783,4124108.3232826996,-1.5675868300236362,0.00000007
302530.5300813524,4124108.2732829573,-1.567586830207498,0.00000006
302530.5302418269,4124108.223283215,-1.5675868300371005,0.00000005
302530.53040230146,4124108.173283472,-1.5675868302081712,0.00000004
302530.530562776,4124108.12328373,-1.5675868302167248,0.00000004
302530.53072325065,4124108.0732839876,-1.5675868302218854,0.00000003
302530.5308837252,4124108.023284245,-1.5675868302174105,0.00000003
302530.5310441997,4124107.9732845025,-1.5675868300328635,0.00000003
302530.5312046743,4124107.9232847597,-1.5675868302079594,0.00000002
302530.5313651488,4124107.8732850174,-1.567586830032391,0.00000002
302530.53152562334,4124107.823285275,-1.5675868300283453,0.00000002
302530.53168609797,4124107.7732855324,-1.5675868302077336,0.00000000
302530.5318465725,4124107.72328579,-1.5675868302167029,0.00000000
302530.5320070471,4124107.6732860478,-1.5675868302218843,0.00000000
302530.5321675216,4124107.623286305,-1.5675868302174105,0.00000000
302530.53232799616,4124107.5732865627,-1.5675868302171867,0.00000000
302530.5324884707,4124107.52328682,-1.5675868302171756,0.00000000
302530.5326489453,4124107.4732870776,-1.5675868300328517,0.00000000
302530.53280941985,4124107.4232873353,-1.5675868300283682,0.00000000
302530.5329698944,4124107.3732875925,-1.5675868302077347,0.00000000
302530.5331303689,4124107.3232878502,-1.5675868300323799,0.00000000
302530.5332908435,4124107.273288108,-1.567586830212668,0.00000000
302530.53345131804,4124107.223288365,-1.5675868302169498,0.00000000
302530.53361179266,4124107.173288623,-1.5675868302171638,0.00000000
302530.5337722672,4124107.12328888,-1.5675868302171745,0.00000000
302530.53393274173,4124107.073289138,-1.567586830217175,0.00000000
302530.5340932163,4124107.0232893955,-1.5675868302219078,0.00000000
302530.5342536908,4124106.9732896527,-1.5675868300330884,0.00000000
302530.53441416536,4124106.9232899104,-1.5675868300236475,0.00000000
302530.53457464,4124106.873290168,-1.5675868302122316,0.00000000
302530.53473511455,4124106.8232904254,-1.5675868302169278,0.00000000
302530.53489558905,4124106.773290683,-1.5675868300328395,0.00000000
302530.5350560636,4124106.7232909403,-1.5675868302079583,0.00000000
302530.5352165382,4124106.673291198,-1.5675868302167142,0.00000000
302530.53537701274,4124106.6232914557,-1.567586830221885,0.00000000
302530.5355374873,4124106.573291713,-1.5675868302174105,0.00000000
302530.53569796187,4124106.5232919706,-1.5675868300328635,0.00000000
302530.53585843643,4124106.4732922283,-1.5675868302126923,0.00000000
302530.53601891093,4124106.4232924855,-1.5675868300326277,0.00000000
302530.5361793855,4124106.373292743,-1.5675868302079476,0.00000000
302530.53633986006,4124106.3232930005,-1.5675868302167135,0.00000000
302530.5365003346,4124106.273293258,-1.5675868302171518,0.00000000
302530.53666080924,4124106.223293516,-1.56758683040623,0.00000000
302530.53682128375,4124106.173293773,-1.5675868300423046,0.00000000
302530.5369817583,4124106.123294031,-1.5675868302084315,0.00000000
302530.5371422328,4124106.0732942885,-1.5675868300371474,0.00000000
302530.5373027074,4124106.0232945457,-1.5675868302081737,0.00000000
302530.53746318194,4124105.9732948034,-1.5675868302214577,0.00000000
302530.5376236565,4124105.9232950606,-1.567586830033066,0.00000000
302530.5377841311,4124105.8732953183,-1.5675868302079696,0.00000000
302530.53794460563,4124105.823295576,-1.5675868300371243,0.00000000
302530.5381050802,4124105.7732958333,-1.5675868302081724,0.00000000
302530.5382655547,4124105.723296091,-1.5675868300324016,0.00000000
302530.53842602926,4124105.673296348,-1.567586830023613,0.00000000
302530.5385865039,4124105.623296606,-1.567586830207497,0.00000000
302530.53874697845,4124105.5732968636,-1.567586830221424,0.00000000
302530.538907453,4124105.523297121,-1.5675868302173874,0.00000000
302530.5390679275,4124105.4732973785,-1.5675868300328624,0.00000000
302530.5392284021,4124105.423297636,-1.5675868302126923,0.00000000
302530.53938887664,4124105.3732978934,-1.5675868302169509,0.00000000
302530.5395493512,4124105.323298151,-1.5675868302171638,0.00000000
302530.53970982577,4124105.2732984084,-1.5675868300328513,0.00000000
302530.53987030033,4124105.223298666,-1.5675868302079587,0.00000000
302530.5400307749,4124105.1732989238,-1.567586830221447,0.00000000
302530.5401912494,4124105.123299181,-1.5675868300330653,0.00000000
302530.54035172396,4124105.0732994387,-1.5675868300141809,0.00000000
302530.5405121985,4124105.0232996964,-1.567586828935693,0.00000000
302530.54067267315,4124104.9732999536,-1.567586831065252,0.00000000
302530.54083314765,4124104.9233002113,-1.5675868300941864,0.00000000
302530.5409936222,4124104.8733004685,-1.5675868300172369,0.00000000
302530.5411540968,4124104.8233007262,-1.5675868300172369,0.00000000
