302548.5120504104,4124003.5063545518,0.05885057099395941,0.00000000
302548.56205040443,4124003.50633021,0.0024800265231766576,0.00000000
302548.61205039854,4124003.5063058673,-0.0003384992258583159,0.00000000
302548.6620503926,4124003.5062815254,-0.00047942698781422915,0.00000000
302548.7120503867,4124003.5062571834,-0.000486473376001762,0.00000000
302548.76205038076,4124003.506232841,-0.00048682569541113864,0.00000000
302548.8120503748,4124003.5062084985,-0.0004868433112918703,0.00000000
302548.8620503689,4124003.5061841565,-0.00048684271758174226,0.00000000
302548.91205036297,4124003.5061598145,-0.0004868441624004005,0.00000000
302548.9620503571,4124003.506135472,-0.0004868442347310706,0.00000000
302549.0120503511,4124003.50611113,-0.0004868442383476041,0.00000000
302549.0620503452,4124003.5060867877,-0.000486842763844792,0.00000000
302549.1120503393,4124003.506062445,-0.0004868412156154865,0.00000000
302549.16205033334,4124003.5060381037,-0.0004868440873020877,0.00000000
302549.21205032745,4124003.5060137613,-0.00048684275638225313,0.00000000
302549.2620503215,4124003.505989419,-0.00048684268983626144,0.00000000
302549.31205031555,4124003.505965077,-0.00048684416101312645,0.00000000
302549.36205030966,4124003.505940735,-0.00048684276006780505,0.00000000
302549.4120503037,4124003.505916393,-0.0004868441645247036,0.00000000
302549.4620502978,4124003.5058920505,-0.00048684423483728574,0.00000000
302549.5120502919,4124003.5058677085,-0.00048684423835291483,0.00000000
302549.5620502859,4124003.505843366,-0.0004868442384389591,0.00000000
302549.61205028003,4124003.5058190236,-0.0004868427639390967,0.00000000
302549.6620502741,4124003.505794682,-0.00048684416471826816,0.00000000
302549.7120502682,4124003.5057703396,-0.000486844234846964,0.00000000
302549.76205026224,4124003.505745997,-0.00048684423835339876,0.00000000
302549.8120502563,4124003.505721655,-0.0004868442384389833,0.00000000
302549.8620502504,4124003.5056973128,-0.00048684276393909793,0.00000000
302549.91205024446,4124003.505672971,-0.00048684416471826827,0.00000000
302549.96205023857,4124003.505648629,-0.000486844234846964,0.00000000
302550.0120502326,4124003.5056242864,-0.00048684423835339876,0.00000000
302550.06205022667,4124003.505599944,-0.0004868427638450818,0.00000000
302550.1120502208,4124003.505575602,-0.00048684269020940284,0.00000000
302550.1620502148,4124003.50555126,-0.000486842686437882,0.00000000
302550.21205020894,4124003.5055269175,-0.00048684268633904286,0.00000000
302550.262050203,4124003.5055025755,-0.0004868441609280027,0.00000000
302550.31205019704,4124003.505478233,-0.000486842759973812,0.00000000
302550.36205019115,4124003.505453891,-0.00048684269001583936,0.00000000
302550.4120501852,4124003.505429549,-0.0004868441610221053,0.00000000
302550.4620501793,4124003.505405207,-0.0004868442346621558,0.00000000
302550.51205017336,4124003.5053808647,-0.0004868442383441583,0.00000000
302550.5620501674,4124003.5053565223,-0.00048684276384461974,0.00000000
302550.6120501615,4124003.5053321803,-0.00048684269020937975,0.00000000
302550.6620501556,4124003.5053078383,-0.00048684416103178237,0.00000000
302550.7120501497,4124003.505283496,-0.00048684423466263964,0.00000000
302550.76205014373,4124003.505259154,-0.0004868442382544453,0.00000000
302550.8120501378,4124003.5052348115,-0.0004868427638401341,0.00000000
302550.8620501319,4124003.5052104695,-0.00048684416480305727,0.00000000
302550.91205012595,4124003.5051861275,-0.00048684423476146624,0.00000000
302550.96205012006,4124003.505161785,-0.00048684423834912386,0.00000000
302551.0120501141,4124003.5051374426,-0.00048684423843876955,0.00000000
302551.0620501082,4124003.5051131006,-0.00048684423853298905,0.00000000
302551.11205010227,4124003.5050887587,-0.0004868442385377,0.00000000
302551.1620500963,4124003.505064416,-0.00048684423844819836,0.00000000
302551.2120500904,4124003.5050400742,-0.00048684423853346046,0.00000000
302551.2620500845,4124003.505015732,-0.0004868427638540849,0.00000000
302551.3120500786,4124003.5049913893,-0.00048684121561595116,0.00000000
302551.36205007264,4124003.5049670474,-0.0004868426127979463,0.00000000
302551.4120500667,4124003.5049427054,-0.0004868426825673091,0.00000000
302551.4620500608,4124003.504918363,-0.00048684268614551424,0.00000000
302551.51205005485,4124003.504894021,-0.00048684416082858906,0.00000001
302551.56205004896,4124003.504869679,-0.00048684423465248,0.00000001
302551.612050043,4124003.504845337,-0.00048684423834367455,0.00000000
302551.66205003706,4124003.5048209946,-0.0004868442384384971,0.00000001
302551.7120500312,4124003.5047966526,-0.0004868442385329754,0.00000000
302551.7620500252,4124003.50477231,-0.0004868442384479621,0.00000000
302551.81205001933,4124003.5047479677,-0.00048684276393954685,0.00000001
302551.8620500134,4124003.5047236257,-0.0004868426902141261,0.00000001
302551.91205000744,4124003.5046992837,-0.00048684416103201964,0.00000001
302551.96205000154,4124003.5046749413,-0.0004868442346626515,0.00000001
302552.0120499956,4124003.5046505993,-0.00048684423825444596,0.00000001
302552.0620499897,4124003.504626257,-0.00048684276392987105,0.00000001
302552.11204998376,4124003.504601915,-0.0004868441648075441,0.00000001
302552.1620499778,4124003.504577573,-0.00048684423476169056,0.00000001
302552.2120499719,4124003.5045532305,-0.0004868442383491351,0.00000001
302552.26204996597,4124003.504528888,-0.0004868442384387701,0.00000001
302552.3120499601,4124003.504504546,-0.00048684423853298905,0.00000001
302552.3620499541,4124003.504480204,-0.0004868427639437982,0.00000001
302552.4120499482,4124003.5044558616,-0.00048684269012460175,0.00000000
302552.4620499423,4124003.5044315197,-0.00048684416111728065,0.00000001
302552.51204993634,4124003.504407177,-0.0004868427599832759,0.00000000
302552.56204993045,4124003.504382835,-0.0004868412154224107,0.00000000
302552.6120499245,4124003.504358493,-0.00048684261278826926,0.00000001
302552.66204991855,4124003.5043341513,-0.0004868441571607268,0.00000000
302552.71204991266,4124003.504309809,-0.0004868442344690869,0.00000000
302552.7620499067,4124003.5042854664,-0.0004868442382447677,0.00000001
302552.8120499008,4124003.5042611244,-0.00048684423852328896,0.00000001
302552.8620498949,4124003.5042367824,-0.000486844238537215,0.00000000
302552.9120498889,4124003.50421244,-0.00048684423844817413,0.00000001
302552.96204988303,4124003.504188098,-0.00048684423853345926,0.00000001
302553.0120498771,4124003.5041637556,-0.00048684423844798635,0.00000001
302553.0620498712,4124003.504139413,-0.0004868427639395481,0.00000001
302553.11204986525,4124003.504115071,-0.00048684269021412617,0.00000001
302553.1620498593,4124003.504090729,-0.00048684416103201964,0.00000001
302553.2120498534,4124003.5040663867,-0.0004868442346626515,0.00000001
302553.26204984746,4124003.5040420447,-0.00048684423825444596,0.00000001
302553.31204984157,4124003.5040177023,-0.00048684276392987105,0.00000001
302553.3620498356,4124003.5039933603,-0.0004868441648075441,0.00000001
302553.41204982967,4124003.5039690183,-0.00048684423476169056,0.00000001
302553.4620498238,4124003.503944676,-0.0004868427637552333,0.00000000
302553.51204981783,4124003.5039203335,-0.0004868426901151735,0.00000000
302553.56204981194,4124003.5038959915,-0.00048684268652290745,0.00000001
302553.612049806,4124003.5038716495,-0.00048684268634329413,0.00000001
302553.66204980004,4124003.503847307,-0.00048684268624457654,0.00000000
302553.71204979415,4124003.503822965,-0.00048684416092327937,0.00000001
302553.7620497882,4124003.503798623,-0.0004868442345674773,0.00000000
302553.8120497823,4124003.5037742807,-0.00048684276374552263,0.00000001
302553.86204977636,4124003.5037499387,-0.0004868441647983267,0.00000000
302553.9120497704,4124003.5037255967,-0.0004868442347612297,0.00000000
302553.9620497645,4124003.5037012543,-0.00048684423834911204,0.00000000
302554.0120497586,4124003.503676912,-0.00048684276384486743,0.00000001
302554.0620497527,4124003.50365257,-0.0004868441648032939,0.00000001
302554.11204974673,4124003.503628228,-0.00048684423485121525,0.00000001
302554.1620497408,4124003.5036038854,-0.00048684423826387413,0.00000001
302554.2120497349,4124003.5035795434,-0.00048684423852424425,0.00000001
302554.26204972895,4124003.503555201,-0.00048684276385362404,0.00000001
302554.31204972306,4124003.503530859,-0.00048684416480373175,0.00000001
302554.3620497171,4124003.5035065166,-0.00048684276025733536,0.00000001
302554.41204971116,4124003.5034821746,-0.0004868441645341801,0.00000001
302554.46204970527,4124003.503457832,-0.00048684423483775954,0.00000001
302554.5120496993,4124003.50343349,-0.0004868442382632013,0.00000001
302554.5620496934,4124003.503409148,-0.00048684423852421064,0.00000001
302554.6120496875,4124003.5033848058,-0.0004868427639433593,0.00000000
302554.66204968153,4124003.503360464,-0.0004868441647184813,0.00000001
302554.71204967564,4124003.5033361213,-0.0004868427602530728,0.00000000
302554.7620496697,4124003.503311779,-0.0004868412153461639,0.00000000
302554.8120496638,4124003.503287437,-0.00048684261278445694,0.00000001
302554.86204965785,4124003.503263095,-0.0004868426826563716,0.00000001
302554.9120496519,4124003.503238753,-0.00048684416065413193,0.00000000
302554.962049646,4124003.5032144105,-0.00048684423464375717,0.00000001
302555.01204964006,4124003.5031900685,-0.0004868442382535012,0.00000001
302555.0620496342,4124003.5031657265,-0.0004868442385237256,0.00000000
302555.1120496282,4124003.503141384,-0.00048684423853723684,0.00000000
302555.1620496223,4124003.503117042,-0.0004868442384481752,0.00000001
302555.2120496164,4124003.5030926997,-0.0004868442385334593,0.00000001
302555.26204961044,4124003.5030683572,-0.00048684276385408483,0.00000001
302555.31204960454,4124003.5030440153,-0.0004868441648037548,0.00000001
302555.3620495986,4124003.5030196733,-0.0004868442347615011,0.00000001
302555.41204959265,4124003.502995331,-0.0004868442382593884,0.00000001
302555.46204958676,4124003.502970989,-0.00048684423852402,0.00000001
302555.5120495808,4124003.5029466464,-0.0004868427638536128,0.00000001
302555.5620495749,4124003.5029223044,-0.0004868441648037312,0.00000001
302555.61204956897,4124003.502897962,-0.0004868427601675984,0.00000001
302555.6620495631,4124003.50287362,-0.00048684269002552866,0.00000000
302555.7120495571,4124003.5028492776,-0.0004868426865184252,0.00000000
302555.7620495512,4124003.5028249356,-0.0004868426862533331,0.00000001
302555.8120495453,4124003.5028005936,-0.0004868441609237172,0.00000001
302555.86204953934,4124003.502776251,-0.0004868427599735977,0.00000000
302555.91204953345,4124003.502751909,-0.0004868441646097304,0.00000001
302555.9620495275,4124003.502727567,-0.00048684423484153706,0.00000000
302556.01204952155,4124003.502703225,-0.0004868427636694887,0.00000001
302556.06204951566,4124003.502678883,-0.000486844164794525,0.00000000
302556.1120495097,4124003.5026545404,-0.0004868427601671381,0.00000001
302556.1620495038,4124003.5026301984,-0.00048684416461940746,0.00000000
302556.2120494979,4124003.502605856,-0.00048684423484202094,0.00000001
302556.2620494919,4124003.502581514,-0.0004868442382634144,0.00000001
302556.31204948603,4124003.502557172,-0.00048684423852422126,0.00000001
302556.3620494801,4124003.5025328295,-0.0004868442384475244,0.00000001
302556.4120494742,4124003.5025084876,-0.0004868442385334268,0.00000000
302556.46204946825,4124003.502484145,-0.00048684423853772186,0.00000001
302556.5120494623,4124003.5024598027,-0.00048684276385429793,0.00000001
302556.5620494564,4124003.5024354607,-0.0004868441648037654,0.00000001
302556.61204945046,4124003.5024111187,-0.00048684423476150164,0.00000001
302556.66204944457,4124003.5023867763,-0.00048684423834912565,0.00000001
302556.7120494386,4124003.5023624343,-0.00048684423852850684,0.00000001
302556.76204943267,4124003.502338092,-0.0004868427638538372,0.00000000
302556.8120494268,4124003.50231375,-0.0004868426902098406,0.00000001
302556.86204942083,4124003.5022894074,-0.0004868426864379039,0.00000000
302556.91204941494,4124003.5022650654,-0.00048684268633904395,0.00000000
302556.962049409,4124003.502240723,-0.00048684268633410096,0.00000000
302557.01204940304,4124003.502216381,-0.0004868426862441169,0.00000001
302557.06204939715,4124003.502192039,-0.0004868441609232564,0.00000001
302557.1120493912,4124003.502167697,-0.0004868442345674762,0.00000000
302557.1620493853,4124003.5021433546,-0.00048684423833942437,0.00000000
302557.21204937936,4124003.5021190126,-0.0004868442385280218,0.00000000
302557.2620493734,4124003.50209467,-0.0004868427638538129,0.00000001
302557.3120493675,4124003.502070328,-0.0004868441648037412,0.00000000
302557.3620493616,4124003.502045986,-0.0004868427601675989,0.00000001
302557.4120493557,4124003.502021644,-0.0004868441646194305,0.00000001
302557.46204934974,4124003.5019973014,-0.0004868427602481203,0.00000001
302557.5120493438,4124003.5019729594,-0.0004868441645337194,0.00000001
302557.5620493379,4124003.5019486174,-0.0004868442348377365,0.00000001
302557.61204933195,4124003.501924275,-0.0004868442382632002,0.00000001
302557.66204932606,4124003.501899933,-0.00048684423852421053,0.00000000
302557.7120493201,4124003.5018755905,-0.0004868427639433593,0.00000001
302557.76204931416,4124003.5018512486,-0.0004868441647184813,0.00000001
302557.81204930827,4124003.501826906,-0.0004868442348469746,0.00000001
302557.8620493023,4124003.501802564,-0.0004868427636697606,0.00000001
302557.9120492964,4124003.5017782217,-0.0004868426902006368,0.00000000
302557.9620492905,4124003.5017538797,-0.0004868426865271806,0.00000001
302558.01204928453,4124003.5017295377,-0.00048684416084767237,0.00000001
302558.06204927864,4124003.5017051953,-0.0004868427600595324,0.00000000
302558.1120492727,4124003.501680853,-0.00048684268993038845,0.00000000
302558.1620492668,4124003.5016565113,-0.00048684416110756994,0.00000000
302558.21204926085,4124003.501632169,-0.00048684276007252724,0.00000000
302558.2620492549,4124003.501607827,-0.00048684416452493974,0.00000000
302558.312049249,4124003.5015834845,-0.00048684423483729756,0.00000001
302558.36204924306,4124003.5015591425,-0.00048684423826317823,0.00000000
302558.4120492372,4124003.5015348,-0.00048684423852420945,0.00000000
302558.4620492312,4124003.501510458,-0.000486844238537261,0.00000001
302558.5120492253,4124003.501486116,-0.0004868442384481764,0.00000001
302558.5620492194,4124003.5014617736,-0.00048684423853345937,0.00000001
302558.61204921344,4124003.501437431,-0.00048684276385408483,0.00000001
302558.66204920755,4124003.501413089,-0.0004868441648037548,0.00000001
302558.7120492016,4124003.501388747,-0.0004868427602573365,0.00000001
302558.76204919565,4124003.501364405,-0.0004868441645341802,0.00000001
302558.81204918976,4124003.501340063,-0.00048684423483775954,0.00000001
302558.8620491838,4124003.5013157204,-0.0004868442382632013,0.00000001
302558.9120491779,4124003.5012913784,-0.00048684423852421064,0.00000000
302558.96204917197,4124003.501267036,-0.0004868427639433593,0.00000000
302559.012049166,4124003.501242694,-0.0004868426901245798,0.00000001
302559.06204916013,4124003.5012183515,-0.0004868426865233777,0.00000000
302559.1120491542,4124003.5011940096,-0.00048684416084748225,0.00000001
302559.1620491483,4124003.501169667,-0.0004868427600595229,0.00000000
302559.21204914234,4124003.501145325,-0.0004868426900201249,0.00000001
302559.2620491364,4124003.501120983,-0.0004868441610223196,0.00000001
302559.3120491305,4124003.501096641,-0.00048684423466216655,0.00000000
302559.36204912455,4124003.5010722987,-0.0004868442382544217,0.00000000
302559.41204911866,4124003.5010479563,-0.00048684276392986985,0.00000000
302559.4620491127,4124003.5010236143,-0.00048684269021364223,0.00000001
302559.51204910676,4124003.5009992723,-0.00048684416103199547,0.00000000
302559.5620491009,4124003.50097493,-0.0004868442346626503,0.00000001
302559.6120490949,4124003.500950588,-0.00048684423825444585,0.00000001
302559.66204908903,4124003.5009262455,-0.00048684423852377284,0.00000001
302559.7120490831,4124003.5009019035,-0.00048684423853723917,0.00000001
302559.76204907714,4124003.5008775615,-0.0004868442384481753,0.00000001
302559.81204907125,4124003.500853219,-0.0004868442385334593,0.00000001
302559.8620490653,4124003.5008288766,-0.00048684423844798635,0.00000001
302559.9120490594,4124003.5008045346,-0.0004868442385334499,0.00000001
302559.96204905346,4124003.500780192,-0.00048684276394382126,0.00000001
302560.0120490475,4124003.50075585,-0.0004868441647185044,0.00000001
302560.0620490416,4124003.5007315082,-0.00048684423484697575,0.00000001
302560.11204903567,4124003.500707166,-0.00048684276366976065,0.00000000
302560.1620490298,4124003.5006828234,-0.0004868426902006368,0.00000000
302560.21204902383,4124003.5006584814,-0.0004868426864374437,0.00000000
302560.2620490179,4124003.5006341394,-0.00048684268624928404,0.00000001
302560.312049012,4124003.500609797,-0.00048684268632961296,0.00000000
302560.36204900604,4124003.500585455,-0.000486844160837794,0.00000001
302560.41204900015,4124003.500561113,-0.00048684423465294026,0.00000000
302560.4620489942,4124003.5005367706,-0.0004868427636600588,0.00000001
302560.5120489883,4124003.5005124286,-0.00048684416479405346,0.00000001
302560.56204898236,4124003.5004880866,-0.0004868442348507532,0.00000000
302560.6120489764,4124003.500463744,-0.00048684423826385103,0.00000000
302560.6620489705,4124003.5004394017,-0.0004868427639303413,0.00000000
302560.7120489646,4124003.5004150597,-0.0004868426901239289,0.00000001
302560.7620489587,4124003.5003907178,-0.000486844161117247,0.00000001
302560.81204895274,4124003.5003663753,-0.0004868442346669129,0.00000001
302560.8620489468,4124003.5003420333,-0.000486844238254659,0.00000001
302560.9120489409,4124003.500317691,-0.0004868442385237835,0.00000001
302560.96204893495,4124003.500293349,-0.0004868442384475025,0.00000001
302561.01204892906,4124003.500269007,-0.00048684423853342565,0.00000001
302561.0620489231,4124003.5002446645,-0.00048684423853772186,0.00000001
302561.11204891716,4124003.500220322,-0.00048684423844819945,0.00000001
302561.16204891127,4124003.50019598,-0.0004868427639395587,0.00000000
302561.2120489053,4124003.5001716376,-0.0004868412155304882,0.00000000
302561.2620488994,4124003.5001472957,-0.00048684261279367314,0.00000000
302561.3120488935,4124003.5001229537,-0.0004868441572507342,0.00000001
302561.36204888753,4124003.500098611,-0.00048684275978994854,0.00000000
302561.41204888164,4124003.500074269,-0.00048684121541274435,0.00000000
302561.4620488757,4124003.5000499273,-0.0004868440872919506,0.00000001
302561.5120488698,4124003.5000255853,-0.00048684423097564806,0.00000000
302561.56204886385,4124003.500001243,-0.00048684423815983295,0.00000000
302561.6120488579,4124003.4999769004,-0.000486844238429305,0.00000001
302561.662048852,4124003.4999525584,-0.000486842763938614,0.00000000
302561.71204884606,4124003.4999282164,-0.00048684416471824404,0.00000000
302561.7620488402,4124003.499903874,-0.00048684423484696273,0.00000001
302561.8120488342,4124003.499879532,-0.0004868442383533987,0.00000001
302561.8620488283,4124003.4998551896,-0.0004868442384389833,0.00000001
302561.9120488224,4124003.499830847,-0.00048684276393909793,0.00000000
302561.96204881644,4124003.4998065056,-0.00048684416471826827,0.00000001
302562.01204881055,4124003.499782163,-0.000486844234846964,0.00000001
302562.0620488046,4124003.4997578207,-0.00048684423835339876,0.00000001
302562.11204879865,4124003.4997334788,-0.0004868442384389833,0.00000001
302562.16204879276,4124003.4997091363,-0.00048684276393909793,0.00000001
302562.2120487868,4124003.4996847943,-0.00048684416471826827,0.00000001
302562.2620487809,4124003.4996604524,-0.000486844234846964,0.00000001
302562.31204877497,4124003.49963611,-0.00048684276375949697,0.00000000
302562.362048769,4124003.4996117675,-0.0004868426901153867,0.00000000
302562.41204876313,4124003.4995874255,-0.0004868426865229181,0.00000001
302562.4620487572,4124003.4995630835,-0.00048684268625355775,0.00000001
302562.5120487513,4124003.499538741,-0.00048684268632982666,0.00000000
302562.56204874534,4124003.499514399,-0.00048684416092754186,0.00000001
302562.6120487394,4124003.499490057,-0.00048684423456769047,0.00000000
302562.6620487335,4124003.4994657147,-0.00048684276374553326,0.00000001
302562.71204872755,4124003.4994413727,-0.00048684416470859003,0.00000001
302562.76204872166,4124003.4994170307,-0.00048684423484648005,0.00000000
302562.8120487157,4124003.4993926883,-0.00048684423835337453,0.00000000
302562.86204870977,4124003.499368346,-0.0004868442384389821,0.00000001
302562.9120487039,4124003.499344004,-0.0004868427639390979,0.00000001
302562.9620486979,4124003.499319662,-0.00048684416471826827,0.00000001
302563.01204869204,4124003.4992953194,-0.000486844234846964,0.00000001
302563.0620486861,4124003.4992709775,-0.00048684423835339876,0.00000001
302563.11204868014,4124003.499246635,-0.0004868442384389833,0.00000001
302563.16204867425,4124003.4992222926,-0.00048684276393909793,0.00000001
302563.2120486683,4124003.499197951,-0.00048684416471826827,0.00000001
302563.2620486624,4124003.4991736086,-0.000486844234846964,0.00000001
302563.31204865646,4124003.499149266,-0.00048684423835339876,0.00000001
302563.3620486505,4124003.499124924,-0.0004868442384389833,0.00000001
302563.4120486446,4124003.4991005817,-0.0004868412893451961,0.00000000
302563.46204863867,4124003.4990762398,-0.00048684261639467166,0.00000001
302563.5120486328,4124003.499051898,-0.0004868441574307841,0.00000001
302563.56204862683,4124003.4990275553,-0.00048684275988868797,0.00000000
302563.6120486209,4124003.499003213,-0.00048684268992184624,0.00000000
302563.662048615,4124003.498978871,-0.0004868426865132411,0.00000001
302563.71204860904,4124003.4989545294,-0.0004868441608469754,0.00000000
302563.76204860315,4124003.498930187,-0.0004868442346533993,0.00000000
302563.8120485972,4124003.4989058445,-0.0004868442383437205,0.00000001
302563.86204859125,4124003.4988815025,-0.00048684423843849936,0.00000000
302563.91204858536,4124003.49885716,-0.0004868427639390737,0.00000001
302563.9620485794,4124003.498832818,-0.000486844164718267,0.00000001
302564.0120485735,4124003.498808476,-0.0004868442348469639,0.00000001
302564.0620485676,4124003.4987841337,-0.00048684423835339876,0.00000001
302564.1120485616,4124003.4987597913,-0.0004868442384389833,0.00000001
302564.16204855574,4124003.4987354493,-0.00048684276393909793,0.00000001
302564.2120485498,4124003.4987111073,-0.00048684416471826827,0.00000001
302564.2620485439,4124003.498686765,-0.000486844234846964,0.00000001
302564.31204853795,4124003.498662423,-0.00048684423835339876,0.00000001
302564.362048532,4124003.4986380804,-0.0004868442384389833,0.00000001
302564.4120485261,4124003.498613738,-0.00048684276393909793,0.00000001
302564.46204852016,4124003.4985893965,-0.00048684416471826827,0.00000001
302564.51204851427,4124003.498565054,-0.0004868427602530622,0.00000000
302564.5620485083,4124003.4985407116,-0.0004868426900298019,0.00000000
302564.6120485024,4124003.4985163696,-0.00048684416102280344,0.00000001
302564.6620484965,4124003.498492027,-0.0004868412854743871,0.00000000
302564.71204849053,4124003.498467685,-0.00048684261620113116,0.00000000
302564.76204848464,4124003.498443343,-0.00048684415742110713,0.00000001
302564.8120484787,4124003.4984190012,-0.0004868442344821059,0.00000000
302564.86204847274,4124003.498394659,-0.00048684276365151716,0.00000000
302564.91204846685,4124003.4983703163,-0.0004868426901997246,0.00000001
302564.9620484609,4124003.498345975,-0.00048684416103129957,0.00000000
302565.012048455,4124003.4983216324,-0.0004868442346626155,0.00000000
302565.06204844906,4124003.49829729,-0.0004868442382544441,0.00000001
302565.1120484431,4124003.498272948,-0.00048684423843403554,0.00000001
302565.1620484372,4124003.498248606,-0.0004868442385327523,0.00000001
302565.2120484313,4124003.4982242635,-0.00048684423844795095,0.00000001
302565.2620484254,4124003.4981999216,-0.0004868442385334481,0.00000001
302565.31204841944,4124003.498175579,-0.00048684423844798575,0.00000001
302565.36204841355,4124003.4981512367,-0.00048684276393954804,0.00000001
302565.4120484076,4124003.4981268947,-0.00048684269021412617,0.00000001
302565.46204840165,4124003.4981025527,-0.00048684416103201964,0.00000001
302565.51204839576,4124003.4980782103,-0.0004868442346626515,0.00000001
302565.5620483898,4124003.4980538683,-0.00048684423825444596,0.00000001
302565.6120483839,4124003.498029526,-0.00048684276392987105,0.00000000
302565.66204837797,4124003.498005184,-0.0004868426902136423,0.00000001
302565.712048372,4124003.497980842,-0.00048684416103199547,0.00000001
302565.76204836613,4124003.4979564995,-0.0004868427600687485,0.00000000
302565.8120483602,4124003.497932157,-0.00048684268993084924,0.00000000
302565.8620483543,4124003.497907815,-0.0004868426865136912,0.00000001
302565.91204834834,4124003.497883473,-0.0004868426863428333,0.00000001
302565.9620483424,4124003.497859131,-0.000486844160838455,0.00000000
302566.0120483365,4124003.4978347886,-0.0004868442346529733,0.00000001
302566.06204833055,4124003.4978104467,-0.000486844238253962,0.00000000
302566.11204832466,4124003.497786104,-0.00048684276392984687,0.00000001
302566.1620483187,4124003.4977617622,-0.0004868441648075429,0.00000000
302566.21204831277,4124003.4977374203,-0.0004868442347616905,0.00000001
302566.2620483069,4124003.497713078,-0.0004868442383491351,0.00000001
302566.3120483009,4124003.4976887354,-0.0004868442384387701,0.00000001
302566.36204829504,4124003.4976643934,-0.00048684423853298905,0.00000001
302566.4120482891,4124003.4976400514,-0.0004868442385377,0.00000001
302566.46204828314,4124003.497615709,-0.00048684423844819836,0.00000001
302566.51204827725,4124003.497591367,-0.00048684423853346046,0.00000001
302566.5620482713,4124003.4975670245,-0.0004868442384479864,0.00000001
302566.6120482654,4124003.497542682,-0.0004868427639395481,0.00000001
302566.66204825946,4124003.49751834,-0.00048684269021412617,0.00000001
302566.7120482535,4124003.497493998,-0.0004868426864381181,0.00000000
302566.7620482476,4124003.4974696557,-0.0004868426863390547,0.00000000
302566.81204824167,4124003.4974453137,-0.0004868441608382661,0.00000001
302566.8620482358,4124003.4974209713,-0.00048684276005906205,0.00000000
302566.91204822983,4124003.4973966293,-0.00048684269002010185,0.00000001
302566.9620482239,4124003.4973722873,-0.0004868441610223185,0.00000001
302567.012048218,4124003.4973479453,-0.0004868442346621665,0.00000000
302567.06204821204,4124003.497323603,-0.0004868442382544217,0.00000000
302567.11204820615,4124003.4972992605,-0.00048684276392986985,0.00000001
302567.1620482002,4124003.4972749185,-0.00048684269021364223,0.00000001
302567.21204819425,4124003.4972505765,-0.00048684416103199547,0.00000000
302567.26204818836,4124003.497226234,-0.0004868442346626503,0.00000001
302567.3120481824,4124003.497201892,-0.00048684423825444585,0.00000001
302567.3620481765,4124003.4971775496,-0.00048684276392987105,0.00000001
302567.4120481706,4124003.4971532077,-0.0004868441648075441,0.00000001
302567.4620481646,4124003.4971288657,-0.00048684423476169056,0.00000001
302567.51204815874,4124003.4971045232,-0.0004868442383491351,0.00000001
302567.5620481528,4124003.497080181,-0.0004868442384387701,0.00000001
302567.6120481469,4124003.497055839,-0.00048684423853298905,0.00000001
302567.66204814095,4124003.497031497,-0.0004868442385377,0.00000001
302567.712048135,4124003.4970071544,-0.00048684423844819836,0.00000001
302567.7620481291,4124003.4969828124,-0.00048684423853346046,0.00000001
302567.81204812316,4124003.49695847,-0.0004868427638540849,0.00000000
302567.86204811727,4124003.4969341275,-0.00048684121561595116,0.00000000
302567.9120481113,4124003.4969097856,-0.0004868426127979463,0.00000001
302567.9620481054,4124003.4968854436,-0.0004868426825673091,0.00000000
302568.0120480995,4124003.496861101,-0.00048684268614551424,0.00000000
302568.06204809353,4124003.496836759,-0.00048684416082858906,0.00000000
302568.11204808764,4124003.496812417,-0.00048684423465248,0.00000000
302568.1620480817,4124003.496788075,-0.00048684423834367455,0.00000001
302568.21204807574,4124003.4967637327,-0.0004868442384384971,0.00000001
302568.26204806985,4124003.496739391,-0.0004868442385329754,0.00000000
302568.3120480639,4124003.4967150483,-0.0004868442384479621,0.00000001
302568.362048058,4124003.496690706,-0.00048684276393954685,0.00000000
302568.41204805207,4124003.496666364,-0.0004868426902141261,0.00000000
302568.4620480461,4124003.496642022,-0.00048684416103201964,0.00000000
302568.5120480402,4124003.4966176795,-0.0004868442346626515,0.00000000
302568.5620480343,4124003.4965933375,-0.00048684423825444596,0.00000000
302568.6120480284,4124003.496568995,-0.00048684276392987105,0.00000000
302568.66204802244,4124003.496544653,-0.0004868441648075441,0.00000000
302568.7120480165,4124003.496520311,-0.00048684423476169056,0.00000000
302568.7620480106,4124003.4964959687,-0.0004868442383491351,0.00000001
302568.81204800465,4124003.496471626,-0.00048684276384486857,0.00000001
302568.86204799876,4124003.4964472842,-0.00048684416480329395,0.00000001
302568.9120479928,4124003.4964229423,-0.00048684276025731346,0.00000001
302568.96204798686,4124003.4963986,-0.0004868426899402775,0.00000001
302569.01204798097,4124003.496374258,-0.00048684416110806445,0.00000002
302569.062047975,4124003.4963499154,-0.00048684275998281504,0.00000002
302569.11204796913,4124003.4963255734,-0.0004868426900162895,0.00000003
302569.1620479632,4124003.496301231,-0.0004868426865179632,0.00000003
302569.21204795723,4124003.4962768895,-0.00048684416084721153,0.00000004
302569.26204795134,4124003.496252547,-0.0004868442346534111,0.00000005
302569.3120479454,4124003.4962282046,-0.0004868427636600824,0.00000006
302569.3620479395,4124003.4962038626,-0.00048684416479405465,0.00000007
302569.41204793355,4124003.4961795206,-0.00048684423485075327,0.00000008
302569.4620479276,4124003.496155178,-0.00048684423826385103,0.00000009
302569.5120479217,4124003.496130836,-0.0004868442385242431,0.00000011
302569.56204791577,4124003.4961064938,-0.000486842763853624,0.00000012
302569.6120479099,4124003.496082152,-0.00048684416480373175,0.00000014
302569.6620479039,4124003.4960578093,-0.00048684276025733536,0.00000016
302569.712047898,4124003.4960334674,-0.0004868441645341801,0.00000019
302569.7620478921,4124003.496009125,-0.00048684423483775954,0.00000022
302569.81204788614,4124003.495984783,-0.0004868442382632013,0.00000025
302569.86204788025,4124003.495960441,-0.00048684423852421064,0.00000029
302569.9120478743,4124003.4959360985,-0.0004868442384475239,0.00000033
302569.96204786835,4124003.4959117565,-0.00048684423844368955,0.00000038
302570.01204786246,4124003.495887414,-0.00048684276393933326,0.00000043
302570.0620478565,4124003.4958630716,-0.00048684121553047694,0.00000049
302570.1120478506,4124003.4958387297,-0.0004868426127936726,0.00000056
302570.1620478447,4124003.4958143877,-0.0004868426825670955,0.00000064
302570.2120478388,4124003.4957900452,-0.0004868426861455035,0.00000074
302570.26204783283,4124003.4957657033,-0.0004868441609183257,0.00000084
302570.3120478269,4124003.4957413613,-0.00048684423456722963,0.00000096
302570.362047821,4124003.4957170193,-0.000486844238339412,0.00000110
302570.41204781504,4124003.495692677,-0.00048684423843828393,0.00000125
302570.46204780915,4124003.495668335,-0.00048684423853296476,0.00000143
302570.5120478032,4124003.4956439924,-0.00048684423853769877,0.00000163
302570.56204779726,4124003.49561965,-0.0004868427638542968,0.00000186
302570.61204779136,4124003.495595308,-0.00048684416480376536,0.00000213
302570.6620477854,4124003.495570966,-0.00048684423476150164,0.00000243
302570.7120477795,4124003.4955466236,-0.00048684423834912565,0.00000277
302570.7620477736,4124003.4955222816,-0.0004868457131224087,0.00000316
302570.8120477676,4124003.495497939,-0.0004868443121774338,0.00000360
302570.86204776174,4124003.495473597,-0.00048684719140772593,0.00000411
302570.9120477558,4124003.4954492548,-0.0004868488098734043,0.00000468
302570.9620477499,4124003.495424913,-0.0004868533146681318,0.00000534
302571.01204774395,4124003.4954005703,-0.0004868564890956718,0.00000609
302571.062047738,4124003.495376228,-0.0004868625461029154,0.00000694
302571.1120477321,4124003.495351886,-0.00048686874741862553,0.00000791
302571.16204772616,4124003.495327543,-0.0004868749558600182,0.00000902
302571.21204772027,4124003.4953032,-0.000486881164657695,0.00001028
302571.2620477143,4124003.4952788567,-0.00048688737347318595,0.00001172
302571.3120477084,4124003.4952545133,-0.00048689358219982125,0.00001335
302571.3620477025,4124003.495230169,-0.00048689831650760467,0.00001521
302571.41204769653,4124003.495205825,-0.00048690887538030615,0.00001733
302571.4620476906,4124003.4951814804,-0.0004869197253915021,0.00001975
302571.5120476847,4124003.4951571357,-0.00048693648851473207,0.00002250
302571.56204767874,4124003.4951327904,-0.0004869609201733206,0.00002563
302571.61204767285,4124003.495108445,-0.000486991633634283,0.00002920
302571.6620476669,4124003.4950840995,-0.0004870270849670679,0.00003326
302571.71204766096,4124003.4950597524,-0.0004870657223812458,0.00003789
302571.76204765507,4124003.4950354043,-0.0004871059937831793,0.00004316
302571.8120476491,4124003.4950110544,-0.00048714782129882875,0.00004916
302571.86204764317,4124003.4949867018,-0.00048718972670994825,0.00005600
302571.9120476373,4124003.494962347,-0.0004872390090751564,0.00006378
302571.9620476313,4124003.494937991,-0.0004872989823555758,0.00007264
302572.0120476254,4124003.494913632,-0.0004873712869329633,0.00008273
302572.06204761943,4124003.494889272,-0.0004874589540142068,0.00009421
302572.11204761354,4124003.4948649094,-0.00048755771146781317,0.00010729
302572.1620476076,4124003.494840544,-0.0004876717692891895,0.00012217
302572.21204760164,4124003.4948161747,-0.0004878013380679523,0.00013912
302572.2620475957,4124003.4947918,-0.00048794495373967635,0.00015841
302572.31204758974,4124003.4947674195,-0.0004881054923789069,0.00018036
302572.3620475838,4124003.494743033,-0.0004882860467972553,0.00020534
302572.41204757785,4124003.4947186406,-0.0004884926701008345,0.00023377
302572.4620475719,4124003.494694241,-0.0004887256650350214,0.00026612
302572.51204756595,4124003.4946698323,-0.0004889894704287776,0.00030291
302572.56204756,4124003.4946454144,-0.0004892902065991457,0.00034477
302572.612047554,4124003.4946209854,-0.0004896281794717132,0.00039237
302572.66204754804,4124003.494596544,-0.0004900122521769029,0.00044648
302572.7120475421,4124003.4945720895,-0.0004904487659760471,0.00050798
302572.7620475361,4124003.4945476195,-0.0004909498347736203,0.00057787
302572.8120475301,4124003.4945231313,-0.0004915234372342812,0.00065725
302572.8620475241,4124003.4944986226,-0.0004921788199452965,0.00074737
302572.91204751807,4124003.4944740916,-0.0004929282418966476,0.00084964
302572.962047512,4124003.4944495345,-0.0004937811636011164,0.00096563
302573.012047506,4124003.494424948,-0.0004947542787082627,0.00109708
302573.06204749993,4124003.4944003266,-0.0004958631677485164,0.00124596
302573.11204749387,4124003.494375665,-0.0004971248302810296,0.00141440
302573.16204748774,4124003.4943509586,-0.0004985651844715514,0.00160479
302573.2120474816,4124003.4943262013,-0.0005002061704510983,0.00181970
302573.26204747544,4124003.4943013866,-0.000502079851697408,0.00206196
302573.31204746926,4124003.4942765064,-0.0005042173234472967,0.00233457
302573.362047463,4124003.49425155,-0.0005066555305306834,0.00264071
302573.4120474568,4124003.494226508,-0.0005094331852228668,0.00298370
302573.4620474504,4124003.4942013663,-0.0005125920369852236,0.00336691
302573.51204744406,4124003.4941761135,-0.0005161931572344432,0.00379362
302573.56204743765,4124003.494150733,-0.0005202971087042088,0.00426690
302573.6120474311,4124003.4941252074,-0.0005249732760635167,0.00478933
302573.6620474245,4124003.494099515,-0.0005302929601526944,0.00536270
302573.7120474178,4124003.494073634,-0.0005363540999257062,0.00598755
302573.762047411,4124003.494047539,-0.0005432589155244057,0.00666267
302573.81204740406,4124003.4940211987,-0.000551120163406537,0.00738575
302573.86204739695,4124003.493994579,-0.0005600717711629107,0.00815379
302573.9120473897,4124003.4939676416,-0.0005702605215904899,0.00896371
302573.96204738226,4124003.493940343,-0.0005818648068204355,0.00981241
302574.01204737456,4124003.493912632,-0.0005950763962042692,0.01069572
302574.06204736663,4124003.493884452,-0.0006101260673964653,0.01161033
302574.1120473584,4124003.4938557385,-0.0006272657181873361,0.01255309
302574.1620473498,4124003.4938264163,-0.0006467851672175614,0.01352108
302574.2120473408,4124003.4937964026,-0.0006690203672244595,0.01451157
302574.2620473313,4124003.4937656005,-0.0006943434932015037,0.01552209
302574.31204732123,4124003.4937339006,-0.0007231786675773814,0.01655036
302574.3620473105,4124003.4937011767,-0.0007560145431025648,0.01759431
302574.41204729903,4124003.493667288,-0.0007934064070129912,0.01865206
302574.4620472866,4124003.4936320726,-0.0008359836585263346,0.01972192
302574.51204727317,4124003.4935953454,-0.0008844605059139346,0.02080232
302574.56204725837,4124003.4935568976,-0.0009396541952837078,0.02189188
302574.612047242,4124003.4935164917,-0.0010024977202290454,0.02298930
302574.6620472238,4124003.493473854,-0.0010740404571870574,0.02409342
302574.7120472034,4124003.493428676,-0.0011554880103555871,0.02520315
302574.76204718027,4124003.4933806052,-0.0012481968332978225,0.02631752
302574.8120471538,4124003.493329242,-0.0013537226200155588,0.02743557
302574.86204712343,4124003.49327413,-0.0014738330494743802,0.02855645
302574.91204708815,4124003.49321475,-0.0016105334906536684,0.02967931
302574.9620470468,4124003.493150512,-0.0017660948322488173,0.03080334
302575.0120469981,4124003.4930807436,-0.001943087318610786,0.03192776
302575.0620469401,4124003.4930046825,-0.0021444500739305063,0.03305178
302575.1120468707,4124003.492921459,-0.002373500484852297,0.03417461
302575.16204678704,4124003.4928300837,-0.00263398480958952,0.03529544
302575.2120466855,4124003.492729432,-0.0029301485511338634,0.03641343
302575.2620465616,4124003.492618228,-0.0032667974993542998,0.03752770
302575.3120464094,4124003.492495023,-0.003649355363392214,0.03863731
302575.3620462217,4124003.4923581686,-0.004083924193705207,0.03974126
302575.4120459889,4124003.492205793,-0.004577371494929491,0.04083847
302575.46204569907,4124003.4920357764,-0.0051374186993818575,0.04192774
302575.5120453368,4124003.4918457125,-0.005772700235443758,0.04300777
302575.56204488256,4124003.491632875,-0.006492862460307784,0.04407714
302575.6120443112,4124003.491394179,-0.007308629238200599,0.04513427
302575.6620435906,4124003.4911261336,-0.008231882157618057,0.04617744
302575.71204267995,4124003.490824796,-0.009275723878373754,0.04720475
302575.76204152685,4124003.4904857157,-0.010454486221469305,0.04821409
302575.81204006466,4124003.4901038827,-0.011783745995492565,0.04920318
302575.86203820835,4124003.489673661,-0.01328024856340735,0.05016950
302575.91203585,4124003.489188732,-0.01496177844546283,0.05111032
302575.9620328525,4124003.4886420234,-0.016846889031251124,0.05202268
302576.0120290426,4124003.488025643,-0.018954487080410105,0.05290338
302576.06202420144,4124003.4873308237,-0.021303239352340655,0.05374888
302576.1120180546,4124003.486547865,-0.023910652194165036,0.05455531
302576.1620102588,4124003.4856660925,-0.02679178093873209,0.05531843
302576.212000388,4124003.484673841,-0.029957475011237106,0.05603359
302576.2619879168,4124003.4835584667,-0.03341192572313942,0.05669577
302576.31197220343,4124003.4823064096,-0.03714936909927409,0.05729957
302576.36195247277,4124003.4809033195,-0.04114967379842825,0.05783931
302576.41192780196,4124003.4793342794,-0.045372449946705265,0.05830911
302576.4618971124,4124003.4775841595,-0.04975059137880208,0.05870306
302576.51185917296,4124003.4756381344,-0.054200701702964496,0.05901543
302576.5618126246,4124003.473482443,-0.05863249225600718,0.05924106
302576.61175603664,4124003.4711054517,-0.06296075579940813,0.05937581
302576.66168801126,4124003.468499119,-0.06711151720608527,0.05941721
302576.71160735784,4124003.4656610033,-0.0710139859013582,0.05936539
302576.7615133331,4124003.462596553,-0.07463470298980536,0.05922410
302576.81140559533,4124003.459316225,-0.07796057511466152,0.05899946
302576.86128414364,4124003.455833439,-0.08099198793880434,0.05869943
302576.91114916775,4124003.452162012,-0.08373452507357541,0.05833209
302576.96100101835,4124003.4483158723,-0.08619766522207868,0.05790546
302577.01084057894,4124003.4443136943,-0.08840937651064344,0.05743020
302577.0606685957,4124003.4401703114,-0.09038940766919246,0.05691557
302577.1104858701,4124003.4358997284,-0.09215734342800354,0.05637077
302577.1602932259,4124003.4315149854,-0.09373234117349893,0.05580495
302577.21009148424,4124003.4270280963,-0.0951327057216333,0.05522718
302577.2598814455,4124003.4224500447,-0.0963756376861344,0.05464651
302577.3096638764,4124003.417790807,-0.09747707351260677,0.05407197
302577.3594395021,4124003.4130594055,-0.09845164999181685,0.05351266
302577.4092090002,4124003.408263963,-0.09931268131266799,0.05297775
302577.4589729993,4124003.4034117754,-0.10007221099557752,0.05247652
302577.5087320785,4124003.3985093785,-0.10074107376875625,0.05201841
302577.5584867678,4124003.3935626172,-0.10132896702074484,0.05161292
302577.6082375507,4124003.388576713,-0.10184453783663537,0.05126959
302577.6579848665,4124003.3835563255,-0.10229546508569722,0.05099788
302577.70772911323,4124003.3785056127,-0.10268853682684695,0.05080687
302577.7574706511,4124003.3734282865,-0.10302974411815102,0.05070500
302577.8072098057,4124003.3683276614,-0.103324332715765,0.05069948
302577.856946871,4124003.3632067,-0.10357689564702163,0.05079562
302577.9066821126,4124003.358068055,-0.10379142356966437,0.05099573
302577.95641577087,4124003.3529141066,-0.10397137516797539,0.05129860
302578.0061480637,4124003.347746998,-0.10411972810919827,0.05170061
302578.0558791891,4124003.342568664,-0.1042390272532613,0.05219673
302578.10560932796,4124003.3373808633,-0.10433147000074028,0.05278108
302578.15533864574,4124003.332185197,-0.10439891945778909,0.05344746
302578.20506729494,4124003.326983136,-0.10444297610571182,0.05418961
302578.25479541684,4124003.3217760357,-0.10446479016221602,0.05500151
302578.304523143,4124003.316565158,-0.10446573851887594,0.05587743
302578.35425059707,4124003.311351684,-0.10444712804826813,0.05681290
302578.4039778952,4124003.3061367227,-0.10441035564886116,0.05780292
302578.4537051475,4124003.300921324,-0.10435706289701928,0.05884230
302578.50343245844,4124003.2957064854,-0.1042893278234167,0.05992730
302578.553159935,4124003.2904932257,-0.10421015157650775,0.06105473
302578.60288766585,4124003.2852823925,-0.10412318789347176,0.06222180
302578.65261573397,4124003.2800747785,-0.10403354926703946,0.06342621
302578.7023442113,4124003.274871074,-0.10394746473124206,0.06466608
302578.75207315583,4124003.269671836,-0.10387185352253356,0.06593992
302578.8018026056,4124003.264477434,-0.10381391390686269,0.06724661
302578.8515325719,4124003.259287978,-0.10378074699456155,0.06858534
302578.9012630276,4124003.254103215,-0.1037789478077244,0.06995556
302578.9509938937,4124003.248922389,-0.1038141035676108,0.07135689
302579.0007250463,4124003.2437443146,-0.10389103975833121,0.07278919
302579.0504563274,4124003.238567473,-0.10401418581277422,0.07425258
302579.1001875512,4124003.2333900817,-0.1041879030831372,0.07574744
302579.14991850854,4124003.228210133,-0.10441671970991608,0.07727447
302579.1996489689,4124003.223025414,-0.10470554426850119,0.07883466
302579.24937868025,4124003.217833518,-0.10505985013090977,0.08042929
302579.2991073684,4124003.2126318314,-0.10548582767145619,0.08205992
302579.3488347341,4124003.20741752,-0.1059905332782114,0.08372834
302579.3985604502,4124003.2021875028,-0.10658203263044942,0.08543649
302579.44828415685,4124003.1969384183,-0.107269533514673,0.08718637
302579.49800545647,4124003.191666585,-0.10806354650825087,0.08897993
302579.5477239073,4124003.1863679555,-0.10898123709284135,0.09081884
302579.59743901587,4124003.181038061,-0.11003759296110939,0.09270427
302579.6471502284,4124003.1756719523,-0.11124468997879798,0.09463650
302579.69685692043,4124003.1702641295,-0.11262016895120323,0.09661445
302579.7465583855,4124003.164808473,-0.1141840517044309,0.09863612
302579.7962538208,4124003.1592981527,-0.11595873312344203,0.10069646
302579.84594212717,4124003.153723907,-0.11796393511804898,0.10278962
302579.8956222094,4124003.1480768453,-0.1202258415037965,0.10490989
302579.9452929794,4124003.1423484785,-0.12277809288199222,0.10705186
302579.9949530332,4124003.1365279816,-0.12565349964866857,0.10920824
302580.04460075364,4124003.130603256,-0.1288873445245638,0.11137231
302580.0942342739,4124003.1245607953,-0.13251729695241266,0.11353716
302580.1438514369,4124003.118385549,-0.13658295300326445,0.11569577
302580.19344974693,4124003.112060783,-0.1411250357173956,0.11784097
302580.24302631576,4124003.105567946,-0.1461841365386784,0.11996538
302580.2925778009,4124003.0988865546,-0.15179883967877617,0.12206143
302580.3421003376,4124003.091994095,-0.15800294842962403,0.12412131
302580.3915894665,4124003.0848659766,-0.1648215631620256,0.12613695
302580.4410400593,4124003.077475549,-0.1722655554983275,0.12810002
302580.49044624914,4124003.069794217,-0.18032394110394326,0.13000195
302580.53980137553,4124003.061791703,-0.18895345766420057,0.13183624
302580.589097961,4124003.053436511,-0.19806447116780332,0.13359597
302580.63832774543,4124003.0446966807,-0.20751353346753537,0.13526985
302580.6874818162,4124003.0355409263,-0.21712369400226958,0.13685004
302580.73655089195,4124003.025940315,-0.22670336876651676,0.13832976
302580.78552583756,4124003.015870644,-0.2360640377310126,0.13970407
302580.8343985212,4124003.0053157685,-0.24503837047211685,0.14097093
302580.88316314964,4124002.9942721683,-0.2535006028126292,0.14213268
302580.93181739125,4124002.982751638,-0.2613796290705276,0.14319658
302580.98036168213,4124002.970775907,-0.26864448414594316,0.14417156
302581.02879860275,4124002.958372717,-0.27530365188936,0.14506641
302581.07713232463,4124002.9455729923,-0.28137088884820616,0.14588955
302581.12536813354,4124002.9324088604,-0.28686191298461955,0.14664889
302581.1735120295,4124002.9189122785,-0.2918126896494268,0.14735174
302581.2215704026,4124002.9051141283,-0.2962638085928401,0.14800477
302581.26954977826,4124002.8910436477,-0.3002574501235674,0.14862016
302581.3174555874,4124002.8767246585,-0.3038242929518245,0.14919474
302581.3652943214,4124002.862183177,-0.30700752181583607,0.14973395
302581.41307310585,4124002.8474459522,-0.3098587961272401,0.15024405
302581.46079750237,4124002.832533561,-0.3124147161741074,0.15072907
302581.5084726661,4124002.81746452,-0.3147088005180962,0.15119261
302581.55610332737,4124002.802255399,-0.31677205886786575,0.15163797
302581.6036937906,4124002.7869209535,-0.3186331075677919,0.15206812
302581.65124794026,4124002.771474255,-0.3203182885590316,0.15248574
302581.69876925496,4124002.7559268256,-0.32185185564624474,0.15289334
302581.746260825,4124002.740288765,-0.32325615503678956,0.15329321
302581.7937253721,4124002.724568868,-0.32455183412225586,0.15368752
302581.8411652706,4124002.7087747348,-0.32575803796603353,0.15407832
302581.88858256774,4124002.6929128706,-0.32689260773338447,0.15447041
302581.935979003,4124002.6769887735,-0.32797228061242356,0.15486298
302581.98335602623,4124002.6610070104,-0.3290128463300809,0.15525784
302582.0307148131,4124002.6449712855,-0.330029327225902,0.15565694
302582.07805627945,4124002.6288844952,-0.3310360940766009,0.15606227
302582.12538109353,4124002.6127487803,-0.33204700735125026,0.15647582
302582.1726896858,4124002.596565565,-0.3330755092466839,0.15689969
302582.2199822561,4124002.580335587,-0.33413467803737673,0.15733609
302582.2672587802,4124002.5640589264,-0.3352372742432869,0.15778732
302582.3145190137,4124002.5477350242,-0.33639576054064496,0.15825588
302582.3617624951,4124002.5313627026,-0.33763578260022464,0.15874442
302582.4089885484,4124002.514940176,-0.3389587725566654,0.15925581
302582.4561962838,4124002.4984650663,-0.34037550804266337,0.15979399
302582.5033846001,4124002.481934415,-0.34189628881172324,0.16036550
302582.5505521867,4124002.4653447038,-0.34353139149101153,0.16097060
302582.5976975246,4124002.4486918626,-0.3452918654636823,0.16161311
302582.6448174618,4124002.4319672845,-0.3471767887039726,0.16229517
302582.69191122917,4124002.4151691673,-0.3492112720548055,0.16302226
302582.7389767131,4124002.39829198,-0.35141346779558974,0.16379865
302582.7860116644,4124002.381329902,-0.35380492437599714,0.16462805
302582.8330135974,4124002.364276562,-0.3564106187845244,0.16551313
302582.87997970346,4124002.3471248196,-0.3592586111417641,0.16645551
302582.9269067732,4124002.3298665853,-0.36237973923072353,0.16745471
302582.9737911247,4124002.312492665,-0.36580733672438054,0.16850777
302583.0206285331,4124002.2949926206,-0.3695769224549643,0.16960999
302583.06741416035,4124002.2773546427,-0.37372576037844896,0.17075540
302583.1141424841,4124002.259565441,-0.3783239283076331,0.17193722
302583.1608072247,4124002.2416101396,-0.3834378267753424,0.17315019
302583.20740127104,4124002.223472194,-0.38906585346393463,0.17438615
302583.25391660613,4124002.2051333277,-0.3952414161036227,0.17563495
302583.3003442358,4124002.186573498,-0.40199345183832225,0.17688871
302583.3466741261,4124002.167770909,-0.4093406275183257,0.17813950
302583.39289131074,4124002.148692863,-0.417254226352736,0.17937518
302583.4389801391,4124002.1293068742,-0.4256866291804162,0.18058430
302583.48493202374,4124002.109598721,-0.4346249853456878,0.18176413
302583.5307324627,4124002.0895414227,-0.44397420674349575,0.18290638
302583.5763663118,4124002.069108257,-0.45359411205336236,0.18400269
302583.62181824027,4124002.0482738796,-0.4633192047192416,0.18504455
302583.66707344534,4124002.027015861,-0.4729754352377204,0.18602332
302583.7121187215,4124002.005316751,-0.48239600373428043,0.18693006
302583.7569440077,4124001.9831668204,-0.4914375362399961,0.18775626
302583.8015445568,4124001.9605676476,-0.5000863416143986,0.18849666
302583.8459215434,4124001.9375323225,-0.5081878955124534,0.18915031
302583.890080415,4124001.914081273,-0.5157170707543584,0.18971928
302583.93402958376,4124001.890239221,-0.5226779177092565,0.19020885
302583.9777793893,4124001.8660329864,-0.5290914004855652,0.19062429
302584.0213412914,4124001.8414899493,-0.534989480613318,0.19097135
302584.0647132688,4124001.8166128197,-0.5403225229868588,0.19124536
302584.1079233041,4124001.791455637,-0.5452317807134645,0.19146777
302584.1509829179,4124001.7660419433,-0.5497648578855927,0.19164544
302584.1939029851,4124001.7403933136,-0.5539644698404689,0.19178457
302584.2366935995,4124001.7145292894,-0.5578721351269155,0.19189223
302584.27936398564,4124001.688467368,-0.561527810604498,0.19197546
302584.3219224485,4124001.6622230425,-0.564969474624491,0.19204128
302584.3643763507,4124001.635809871,-0.5682730493866921,0.19209672
302584.4067321126,4124001.609239568,-0.5714339559601068,0.19214885
302584.4489952297,4124001.582522109,-0.5744804981380887,0.19220482
302584.4911703023,4124001.555665844,-0.5774432720650217,0.19227189
302584.5332610769,4124001.5286776153,-0.5803522819537549,0.19235746
302584.5752704973,4124001.501562887,-0.58323741844184,0.19246910
302584.6171938233,4124001.474315231,-0.5860888803877851,0.19261348
302584.659039369,4124001.4469483076,-0.5889760618354234,0.19280268
302584.7008080954,4124001.4194643083,-0.5919346744736813,0.19304259
302584.742499844,4124001.391863698,-0.5949978815014278,0.19334051
302584.78411362116,4124001.3641456864,-0.5981997514246715,0.19370303
302584.825647552,4124001.336308186,-0.6015753397601401,0.19413544
302584.86709883227,4124001.308347775,-0.6051729993017431,0.19464109
302584.90846368176,4124001.2802596637,-0.6090765062661163,0.19522045
302584.9497372955,4124001.2520376607,-0.6132774732082515,0.19586983
302584.9909137949,4124001.223674147,-0.6178105827004048,0.19658167
302585.0319861774,4124001.1951600513,-0.6227104118205402,0.19734559
302585.07294627087,4124001.166484846,-0.6280074250764554,0.19814933
302585.1137824214,4124001.1376333497,-0.6337126776091548,0.19897767
302585.154475378,4124001.108580255,-0.6397915764901637,0.19981007
302585.19502185576,4124001.0793231777,-0.6462857026780363,0.20063780
302585.2354086304,4124001.0498461444,-0.6531695798665502,0.20144557
302585.2756215439,4124001.0201324834,-0.6603828895763896,0.20222079
302585.3156457965,4124000.9901653016,-0.6678288557834843,0.20294901
302585.3554664151,4124000.959928167,-0.6753873677859585,0.20361275
302585.39506897,4124000.929406075,-0.6829274835246326,0.20419947
302585.43444064126,4124000.898586779,-0.6903194769770705,0.20469864
302585.4735717651,4124000.8674626183,-0.6974778196894321,0.20510274
302585.5124580252,4124000.8360329783,-0.7043088898571412,0.20540870
302585.5511016424,4124000.8043053523,-0.7107278487264322,0.20561850
302585.58950947935,4124000.7722925683,-0.7167102707370582,0.20573783
302585.6276915532,4124000.7400107137,-0.722253559192513,0.20577511
302585.66565988,4124000.7074776115,-0.7273695414876461,0.20574068
302585.7034212766,4124000.6747044986,-0.7320496029739741,0.20564234
302585.7409907123,4124000.6417115494,-0.736327917758976,0.20549385
302585.77838850656,4124000.6085242266,-0.7402701103623521,0.20531304
302585.81562744745,4124000.575158784,-0.7439112309838862,0.20511391
302585.8527195793,4124000.54163022,-0.7472856394120043,0.20491089
302585.8896760461,4124000.507952178,-0.7504278029410264,0.20472277
302585.9265069887,4124000.474136897,-0.7533718412668855,0.20456577
302585.96322148567,4124000.4401952103,-0.7561512010959621,0.20445144
302585.9998275213,4124000.4061365635,-0.75879846362074,0.20439505
302586.0363319764,4124000.3719690507,-0.7613452320604341,0.20441168
302586.07274063444,4124000.3376994636,-0.7638220980293369,0.20451593
302586.10905819485,4124000.3033333384,-0.76627522585128,0.20472157
302586.14528829325,4124000.268875009,-0.7687299158354018,0.20504105
302586.18143352587,4124000.2343276595,-0.7712039323535897,0.20548471
302586.2174954718,4124000.1996933706,-0.7737238136363384,0.20605990
302586.2534747191,4124000.1649731686,-0.7763161930420913,0.20677073
302586.2893708896,4124000.13016707,-0.7790081111101015,0.20761891
302586.32517899945,4124000.0952703753,-0.7818111301170151,0.20860210
302586.3608976825,4124000.060282163,-0.784758476292404,0.20971898
302586.39652592054,4124000.025201871,-0.7878924099627851,0.21096726
302586.4320596029,4123999.990025822,-0.7912485674305153,0.21235230
302586.467493644,4123999.9547494203,-0.7948652892793311,0.21385935
302586.5028218367,4123999.9193670354,-0.7987838931083591,0.21547088
302586.5380367174,4123999.883871895,-0.8030484809814893,0.21717213
302586.57312943245,4123999.848255993,-0.8077056533675979,0.21894685
302586.60808960604,4123999.8125100066,-0.8128040685189429,0.22077789
302586.64290520805,4123999.7766232234,-0.8183937788922842,0.22264751
302586.67756242026,4123999.7405834785,-0.8245867670080064,0.22453764
302586.71204550617,4123999.7043771115,-0.8314211532633363,0.22642998
302586.74633668736,4123999.6679889453,-0.8389120464740545,0.22830611
302586.7804160375,4123999.6314022974,-0.8470959908084447,0.23014747
302586.8142614051,4123999.594599041,-0.8559978999734946,0.23193546
302586.8478483863,4123999.5575597268,-0.8656226269439895,0.23365517
302586.8811358084,4123999.5202509137,-0.8758838540100002,0.23527925
302586.9140980624,4123999.482654619,-0.8867257203386256,0.23678746
302586.94671177346,4123999.444755779,-0.8980531467741985,0.23816564
302586.97894568567,4123999.4065336226,-0.9096898007548886,0.23939693
302587.0107689388,4123999.3679691367,-0.9214280623170312,0.24046596
302587.04215278843,4123999.329046469,-0.933050987198009,0.24135964
302587.07307309256,4123999.2897547516,-0.9443522403577436,0.24206829
302587.10351381224,4123999.250090438,-0.9551568865825466,0.24258723
302587.13347183296,4123999.2100602738,-0.9653447909537095,0.24291895
302587.16295648477,4123999.1696800548,-0.9748513093526093,0.24307371
302587.1919856266,4123999.1289709616,-0.9836768050464544,0.24306656
302587.22058264003,4123999.0879569543,-0.9918423579091895,0.24291214
302587.2487741473,4123999.0466629663,-0.999322044293649,0.24262996
302587.2765883066,4123999.0051136897,-1.006152853039843,0.24224289
302587.3040535652,4123998.963332801,-1.0123823860163184,0.24176790
302587.33119776635,4123998.921342489,-1.0180629764267448,0.24122517
302587.3580410443,4123998.8791590985,-1.0232248657069192,0.24063144
302587.38460426964,4123998.8367988276,-1.0279069342163674,0.24000401
302587.41092421644,4123998.7942870334,-1.0322144382502028,0.23936759
302587.43702144123,4123998.751638182,-1.0362019173298787,0.23874156
302587.4629143753,4123998.7088650037,-1.0399205366512292,0.23814346
302587.4886193159,4123998.665978584,-1.0434206841269846,0.23758293
302587.5141504414,4123998.622988454,-1.0467525330943728,0.23707041
302587.53951983375,4123998.579902673,-1.0499666772141953,0.23661300
302587.5647374981,4123998.5367279,-1.0531147595634025,0.23621513
302587.58981136954,4123998.4934694488,-1.0562490207136297,0.23587891
302587.6147472981,4123998.450131324,-1.0594493962151759,0.23560443
302587.63954900607,4123998.406716238,-1.0627620991243796,0.23539183
302587.66421800666,4123998.3632255984,-1.0662271847439415,0.23524513
302587.68875347683,4123998.319659476,-1.0698968459251106,0.23514914
302587.71315212385,4123998.276016567,-1.0738224356020099,0.23509247
302587.7374083325,4123998.232294312,-1.0780542752016302,0.23506518
302587.7615066415,4123998.188484821,-1.0826142967897674,0.23505299
302587.7854390405,4123998.144584495,-1.0875568828726108,0.23504543
302587.8091964653,4123998.100589265,-1.0929402661542673,0.23503195
302587.83276395884,4123998.0564920395,-1.0988065891088408,0.23500367
302587.85612436995,4123998.0122848097,-1.1051926351935661,0.23494662
302587.87925836287,4123997.967958729,-1.1121280277579793,0.23484328
302587.9021444573,4123997.92350421,-1.1196320065458827,0.23468011
302587.9247591268,4123997.878911069,-1.1277092170153078,0.23444331
302587.94707698247,4123997.8341687107,-1.136344364733563,0.23411888
302587.9690710749,4123997.789266377,-1.1455664150041522,0.23369277
302587.9907133585,4123997.744193467,-1.155304876692742,0.23315382
302588.01197537215,4123997.698939942,-1.1653428115368247,0.23248679
302588.0328291969,4123997.6534968275,-1.1755027467098822,0.23167858
302588.0532487621,4123997.6078568175,-1.1855989030951157,0.23071773
302588.0732115835,4123997.5620149886,-1.1954491695924216,0.22959449
302588.0926803594,4123997.5159610333,-1.204818363098248,0.22829378
302588.1116461386,4123997.469697797,-1.2135681156533205,0.22681340
302588.13014139194,4123997.423244674,-1.2217094175622965,0.22517050
302588.1481861954,4123997.376614862,-1.2292221402621148,0.22337725
302588.1658061439,4123997.329822907,-1.236108731832692,0.22144575
302588.1830298845,4123997.282883648,-1.2423891543916172,0.21939193
302588.1998873523,4123997.2358115413,-1.248151024007921,0.21723285
302588.21640853316,4123997.188620265,-1.253382997253629,0.21498620
302588.2326226119,4123997.141322497,-1.2581143599636904,0.21266999
302588.2485573993,4123997.0939298104,-1.2623963107886562,0.21030233
302588.26423895493,4123997.046452648,-1.2662843011379497,0.20790129
302588.27969134285,4123996.9989003344,-1.2698354583363687,0.20548783
302588.29491964576,4123996.951275774,-1.2730510833332087,0.20307012
302588.3099595765,4123996.903591426,-1.276038006785002,0.20067604
302588.3248322056,4123996.855854656,-1.2788653309642586,0.19832285
302588.3395510765,4123996.8080702606,-1.2815806340294358,0.19602367
302588.3541268745,4123996.760242029,-1.284242840275702,0.19379222
302588.3685677145,4123996.712372871,-1.2869105379040457,0.19164044
302588.3828794453,4123996.6644649473,-1.2895882849564766,0.18957797
302588.39706589014,4123996.6165197645,-1.292307983061298,0.18761159
302588.41112903995,4123996.5685382597,-1.295100212219362,0.18574729
302588.4250692097,4123996.5205208645,-1.2979927986460476,0.18397930
302588.4388800324,4123996.4724660916,-1.3009935892304623,0.18229944
302588.4525527829,4123996.42437186,-1.3041038025963254,0.18069624
302588.4660928408,4123996.3762401254,-1.3073731695461808,0.17916306
302588.4794944126,4123996.3280696687,-1.3108195698798106,0.17768778
302588.4927506596,4123996.279859036,-1.3144954404204285,0.17625764
302588.50585385726,4123996.231606597,-1.3184501446750019,0.17485974
302588.51879560004,4123996.1833106126,-1.3226464869103618,0.17348171
302588.53156683047,4123996.1349692577,-1.3270955795458363,0.17211308
302588.5441577388,4123996.0865806076,-1.3318073581530698,0.17074233
302588.5565577239,4123996.038142641,-1.3367862379702022,0.16935477
302588.5687440398,4123995.9896504385,-1.3419917664429546,0.16793491
302588.5806944489,4123995.94109959,-1.3473757148569159,0.16646826
302588.59241250635,4123995.8924922165,-1.3529635433426268,0.16495231
302588.6038849836,4123995.8438263694,-1.358840247155244,0.16337795
302588.6150989841,4123995.7951003723,-1.3648506173823085,0.16173688
302588.6260424846,4123995.746312943,-1.3708661433351683,0.16002183
302588.63670498785,4123995.6974633187,-1.3767972579759622,0.15822702
302588.6470782787,4123995.6485513896,-1.3825612511974221,0.15634889
302588.6571572623,4123995.599577825,-1.388085413821459,0.15438419
302588.66690255754,4123995.550536728,-1.3931879207202342,0.15231620
302588.67635043006,4123995.5014375844,-1.3979834480913953,0.15016165
302588.6855262247,4123995.452286957,-1.402499164138527,0.14793306
302588.69444526476,4123995.4030891075,-1.4066811481273145,0.14563907
302588.7031237187,4123995.353848215,-1.4105406402698761,0.14329110
302588.7115779539,4123995.304568264,-1.4140961822357514,0.14089870
302588.71982408426,4123995.2552529816,-1.4173691795860632,0.13847164
302588.72786030755,4123995.205903016,-1.420326934783215,0.13601335
302588.7357055852,4123995.1565223695,-1.423044651617754,0.13353690
302588.74339270865,4123995.107116892,-1.4255838742888984,0.13106292
302588.75093371863,4123995.0576889054,-1.4279447417994722,0.12860278
302588.758339563,4123995.008240472,-1.4301489898462036,0.12616689
302588.76562012674,4123994.9587734146,-1.4322187231718868,0.12376651
302588.7727842648,4123994.909289335,-1.4341754171348817,0.12141279
302588.77982707665,4123994.859787832,-1.4359991363035656,0.11911099
302588.78676342656,4123994.810271313,-1.4377479163222155,0.11687491
302588.7936063418,4123994.760741806,-1.4394808261059164,0.11471714
302588.8003600321,4123994.711200057,-1.4411880578727911,0.11264558
302588.80702785496,4123994.6616466744,-1.4428856725810812,0.11066635
302588.8136123296,4123994.6120821415,-1.4445904092574429,0.10878809
302588.82011515036,4123994.56250682,-1.4463184017319086,0.10701348
302588.8265327423,4123994.512920385,-1.4480708197552483,0.10532951
302588.8328605671,4123994.463322419,-1.4498467584113266,0.10372664
302588.8391068403,4123994.413714127,-1.4516874406141134,0.10220024
302588.84526974167,4123994.3640954155,-1.4536506871410224,0.10074066
302588.85134680115,4123994.314466122,-1.4557157883356295,0.09933774
302588.8573349201,4123994.2648260198,-1.457882095426165,0.09798117
302588.86323040404,4123994.215174828,-1.460153603612652,0.09666075
302588.86902901164,4123994.165512222,-1.4625303178283462,0.09536648
302588.8747260223,4123994.115837844,-1.4650065557273129,0.09408890
302588.88030210615,4123994.066149744,-1.4675240165002945,0.09281251
302588.8857621801,4123994.016448779,-1.470091032073252,0.09153731
302588.8911030073,4123993.9667348764,-1.472685670055396,0.09025320
302588.89631961146,4123993.9170077993,-1.475313365399719,0.08895304
302588.90140779386,4123993.8672674256,-1.4778749018512205,0.08763202
302588.90636460047,4123993.817513787,-1.4803256896235544,0.08628675
302588.9111888979,4123993.767747114,-1.4826294187237865,0.08491539
302588.9158820764,4123993.7179678837,-1.4847587380161087,0.08351787
302588.9204479196,4123993.6681767893,-1.4866954970202746,0.08209583
302588.9248793866,4123993.618373557,-1.4883892919633073,0.08064721
302588.9292035715,4123993.5685609123,-1.4898988642558029,0.07918454
302588.9334299999,4123993.518739884,-1.491241091662798,0.07771463
302588.93756828044,4123993.4689114545,-1.4924321739415565,0.07624493
302588.941627863,4123993.4190765475,-1.4934789630815675,0.07477969
302588.94561784045,4123993.369236013,-1.4944043409073544,0.07332564
302588.9495467727,4123993.3193906234,-1.49523359112224,0.07188962
302588.953422513,4123993.269541065,-1.495992709254351,0.07047839
302588.9572502181,4123993.219687794,-1.4967016191149118,0.06909777
302588.9610346787,4123993.1698312215,-1.4973809220701428,0.06775362
302588.9647834564,4123993.119971955,-1.498061927323629,0.06645457
302588.9684985582,4123993.070110169,-1.498760475407277,0.06520545
302588.9721809509,4123993.0202459567,-1.4994924001291934,0.06401298
302588.97583070584,4123992.970379345,-1.5002812005036608,0.06288404
302588.97944711853,4123992.9205103046,-1.501125150611481,0.06181914
302588.983028808,4123992.870638758,-1.5020317244276669,0.06082208
302588.98657380167,4123992.8207645887,-1.5030068332254076,0.05989586
302588.9900796101,4123992.7708876487,-1.5040538664575624,0.05904234
302588.99354246136,4123992.7210077066,-1.5051703321505794,0.05826170
302588.99695527175,4123992.6711243154,-1.5063415317186863,0.05755163
302589.00031824847,4123992.621237543,-1.5075746748671761,0.05691198
302589.00362762605,4123992.571347189,-1.5088654144801328,0.05634837
302589.006879684,4123992.5214530686,-1.5102093448890768,0.05584918
302589.01007095445,4123992.471555026,-1.5116035083180557,0.05540541
302589.0131985001,4123992.4216529503,-1.5130611928645643,0.05501054
302589.01625982526,4123992.3717467687,-1.5145870511036428,0.05465814
302589.01925263123,4123992.321836431,-1.5161720931121991,0.05434191
302589.0221746325,4123992.271921897,-1.5178197835945733,0.05405611
302589.0250234253,4123992.2220031274,-1.5195335592016435,0.05379836
302589.02779640135,4123992.1720800838,-1.5213152101773058,0.05356184
302589.03048638324,4123992.122152496,-1.5231500075344382,0.05333492
302589.0330896134,4123992.0722203143,-1.5250300717600864,0.05311224
302589.0356066981,4123992.0222837226,-1.5269569859995211,0.05289075
302589.038034114,4123991.9723426993,-1.5289130760894327,0.05266593
302589.04036842467,4123991.9223972433,-1.5308712672108116,0.05243362
302589.04260650795,4123991.872447388,-1.532823642208323,0.05219300
302589.0447458562,4123991.8224932076,-1.5347136691556122,0.05193918
302589.04678496334,4123991.7725348338,-1.5364985414313794,0.05166823
302589.0487238119,4123991.722572462,-1.5381486323381335,0.05137894
302589.05056447926,4123991.6726063676,-1.5396419525646823,0.05107133
302589.0523117936,4123991.6226369105,-1.540966416704988,0.05074690
302589.05396470445,4123991.572664239,-1.5420929969782797,0.05040481
302589.05553842353,4123991.5226890175,-1.543044881135523,0.05005270
302589.05704406823,4123991.4727117014,-1.543836783255449,0.04969671
302589.0584903027,4123991.422732631,-1.5444791622542524,0.04933911
302589.05988568434,4123991.372752113,-1.5449808956881599,0.04898448
302589.06123851624,4123991.3227704223,-1.5453552000565765,0.04863754
302589.06255672587,4123991.2727878042,-1.5456232563185386,0.04830306
302589.0638477547,4123991.2228044756,-1.54580928260678,0.04798586
302589.06511844584,4123991.172820625,-1.545939120574548,0.04769071
302589.0663743974,4123991.1228364017,-1.5460374879180803,0.04742206
302589.0676215317,4123991.0728519573,-1.5461323373893905,0.04718786
302589.0688641216,4123991.0228674,-1.5462484683528774,0.04699006
302589.0701036178,4123990.9728827663,-1.5464042041909247,0.04683125
302589.07134015136,4123990.922898059,-1.5466224964604347,0.04671396
302589.07257279026,4123990.872913255,-1.5469109406005221,0.04664013
302589.07379973744,4123990.8229283113,-1.5472803782999822,0.04661109
302589.0750184811,4123990.772943167,-1.5477407803548602,0.04662745
302589.07622590626,4123990.7229577485,-1.548301376885274,0.04668891
302589.07741807034,4123990.672971963,-1.548969918536451,0.04679408
302589.07858814776,4123990.6229856554,-1.5497460571233346,0.04694238
302589.0797331705,4123990.572998769,-1.5506422307062961,0.04712676
302589.08084803825,4123990.523011202,-1.5516656180419472,0.04734238
302589.08192726184,4123990.473022855,-1.5528229490708607,0.04758370
302589.08296496875,4123990.4230336305,-1.5541394860326097,0.04784474
302589.08395491407,4123990.3730434394,-1.5556185154971913,0.04811925
302589.084890503,4123990.323052203,-1.5572551599516722,0.04840088
302589.0857648338,4123990.273059858,-1.5590529493776142,0.04868329
302589.0865707341,4123990.223066361,-1.5610133365772012,0.04896067
302589.0873007014,4123990.1730716927,-1.5631331076606683,0.04922721
302589.0879409906,4123990.1230757926,-1.5653827650391807,0.04947381
302589.0884847154,4123990.073078755,-1.567742956991737,0.04969573
302589.08892687113,4123990.0230807257,-1.570190354298343,0.04988941
302589.08925936266,4123989.973081857,-1.5726842398197016,0.05005023
302589.08947461355,4123989.923082357,-1.575179661709799,0.05017404
302589.08956615865,4123989.8730824846,-1.5776318346775675,0.05025746
302589.0895295173,4123989.8230825462,-1.580000563995412,0.05029821
302589.0893634506,4123989.7730828696,-1.5822555354763292,0.05029558
302589.0890700183,4123989.7230837736,-1.5843775664482214,0.05025070
302589.08865361824,4123989.673085544,-1.5863562092503418,0.05016655
302589.08812022983,4123989.6230884176,-1.5881876381692404,0.05004526
302589.0874768243,4123989.5730925794,-1.589878545045084,0.04989031
302589.0867309096,4123989.5230981587,-1.5914286545115317,0.04970547
302589.08589018695,4123989.4731052374,-1.5928430003079004,0.04949458
302589.08496229583,4123989.423113854,-1.5941305423082808,0.04926138
302589.08395463,4123989.373124012,-1.5953013212055553,0.04900943
302589.08287421096,4123989.3231356866,-1.5963658784375694,0.04874212
302589.081725835,4123989.273148876,-1.5973293114545113,0.04846186
302589.08051720035,4123989.223163487,-1.5982071576651014,0.04817242
302589.0792544121,4123989.173179438,-1.5990118933740436,0.04787692
302589.0779423578,4123989.123196658,-1.5997533933684265,0.04757899
302589.0765854003,4123989.073215077,-1.6004410990590592,0.04728126
302589.07518738945,4123989.0232346277,-1.601084121991676,0.04698519
302589.0737516767,4123988.9732552473,-1.6016912664522822,0.04669296
302589.07228113397,4123988.923276879,-1.6022710695382196,0.04640653
302589.07077817153,4123988.8732994753,-1.6028318537350503,0.04612757
302589.06924475555,4123988.8233229965,-1.6033817879327195,0.04585745
302589.06768242345,4123988.773347413,-1.6039289567880242,0.04559713
302589.06609229714,4123988.723372706,-1.6044814351425238,0.04534706
302589.0644750923,4123988.673398868,-1.6050473603591948,0.04510706
302589.0628311246,4123988.6234259037,-1.6056350029742434,0.04487615
302589.06116031186,4123988.5734538296,-1.606252833933087,0.04465450
302589.0594621731,4123988.5234826766,-1.6069095808890157,0.04443848
302589.05773582286,4123988.4735124907,-1.6076142696134683,0.04422521
302589.05597996217,4123988.423543333,-1.6083762433462425,0.04401217
302589.0541928661,4123988.373575283,-1.609205149740794,0.04379667
302589.05237236887,4123988.3236084394,-1.6101108815642902,0.04357589
302589.050515846,4123988.2736429214,-1.611103450325802,0.04334690
302589.0486201966,4123988.223678874,-1.6121927749734084,0.04310665
302589.04668182554,4123988.1737164655,-1.6133883384365055,0.04285201
302589.0446966292,4123988.123755897,-1.6146986701710384,0.04257992
302589.04265998746,4123988.0737974006,-1.6161305916048085,0.04228699
302589.04056676733,4123988.0238412437,-1.6176881307377586,0.04196999
302589.0384113443,4123987.973887733,-1.6193709900364293,0.04162611
302589.0361876493,4123987.9239372164,-1.6211724009665536,0.04125260
302589.0338892565,4123987.873990083,-1.6230761608278923,0.04084681
302589.0315095263,4123987.82404676,-1.6250538975995215,0.04040620
302589.029041828,4123987.7741077077,-1.6270694248564923,0.03992835
302589.0264798736,4123987.7241734024,-1.6290827737466507,0.03941117
302589.023818205,4123987.6742443135,-1.6310539213466226,0.03885309
302589.02105289325,4123987.624320857,-1.632946603819178,0.03825388
302589.0181825254,4123987.574403329,-1.6347326151132386,0.03761354
302589.0152091622,4123987.5244918275,-1.6363957285460522,0.03693411
302589.0121371421,4123987.474586299,-1.6379285318844603,0.03621873
302589.00897221215,4123987.424686575,-1.6393297757108571,0.03547123
302589.0057209022,4123987.3747924026,-1.6406023960008007,0.03469590
302589.00239008083,4123987.3249034737,-1.641752062015013,0.03389724
302588.99898664805,4123987.2750194445,-1.6427861195695828,0.03307984
302588.99551732535,4123987.225139954,-1.6437128299950838,0.03224828
302588.9919885213,4123987.1752646356,-1.6445409918426672,0.03140707
302588.98840624944,4123987.125393128,-1.6452795003752252,0.03056193
302588.98477608507,4123987.0755250836,-1.6459362139189553,0.02971686
302588.9811031479,4123987.025660171,-1.6465191198293638,0.02887527
302588.97739210504,4123986.97579808,-1.647035726292608,0.02804101
302588.9736471843,4123986.9259385215,-1.6474929817746833,0.02721766
302588.9698721473,4123986.8760812343,-1.6478970985815227,0.02640833
302588.96607033955,4123986.826225981,-1.648253626167035,0.02561551
302588.96224499744,4123986.7763725286,-1.6485683556498183,0.02484091
302588.9583988457,4123986.726520677,-1.6488460166155494,0.02408529
302588.9545343101,4123986.676670247,-1.6490908300900067,0.02334876
302588.9506535466,4123986.626821078,-1.6493065719379618,0.02263096
302588.9467584683,4123986.576973025,-1.649496611275149,0.02193119
302588.9428507698,4123986.52712596,-1.6496639470344763,0.02124854
302588.93893195037,4123986.4772797683,-1.6498112430584642,0.02058197
302588.935003336,4123986.4274343476,-1.6499408642350553,0.01993038
302588.9310660973,4123986.377589607,-1.6500549040251986,0.01929265
302588.92712126736,4123986.327745467,-1.6501552134074327,0.01866769
302588.9231697576,4123986.2779018558,-1.6502434308694716,0.01805483
302588.9192123712,4123986.2280587107,-1.6503210015656085,0.01745272
302588.9152498159,4123986.178215977,-1.6503892014765154,0.01686033
302588.91128271475,4123986.128373604,-1.6504491550722558,0.01627685
302588.9073116165,4123986.07853155,-1.6505018543816985,0.01570155
302588.9033370044,4123986.0286897756,-1.6505481739342787,0.01513380
302588.89935930306,4123985.978848248,-1.6505888818741554,0.01457304
302588.8953788865,4123985.9290069365,-1.6506246565727607,0.01401881
302588.89139608335,4123985.879165816,-1.6506560931337837,0.01347071
302588.8874111829,4123985.829324864,-1.6506837162857926,0.01292844
302588.8834244392,4123985.7794840583,-1.6507079879724493,0.01239177
302588.87943607575,4123985.7296433826,-1.650729313427629,0.01186055
302588.87544628914,4123985.6798028206,-1.650748050166378,0.01133471
302588.871455252,4123985.629962359,-1.6507645117417657,0.01081427
302588.8674631162,4123985.580121985,-1.650778974730954,0.01029930
302588.86347001523,4123985.530281689,-1.6507916816567751,0.00978997
302588.85947606596,4123985.4804414604,-1.6508028441255138,0.00928655
302588.8554813717,4123985.430601292,-1.6508126509642391,0.00878935
302588.85148602276,4123985.3807611754,-1.6508212665787247,0.00829881
302588.84749009873,4123985.3309211056,-1.650828835374619,0.00781544
302588.84349366935,4123985.281081076,-1.650835484692988,0.00733985
302588.83949679614,4123985.231241082,-1.6508413253002052,0.00687278
302588.83549953316,4123985.181401119,-1.650846456359395,0.00641503
302588.8315019276,4123985.131561184,-1.650850963460491,0.00596755
302588.827504021,4123985.081721273,-1.6508549222238713,0.00553138
302588.82350585004,4123985.0318813827,-1.6508583993059693,0.00510767
302588.8195074467,4123984.982041511,-1.650861452778627,0.00469770
302588.8155088397,4123984.9322016565,-1.6508641353372857,0.00430283
302588.81151005346,4123984.882361816,-1.6508664914807147,0.00392449
302588.8075111099,4123984.832521988,-1.6508685609813236,0.00356418
302588.8035120281,4123984.782682171,-1.6508703791220645,0.00322338
302588.799512825,4123984.732842364,-1.650871976027856,0.00290350
302588.79551351524,4123984.6830025655,-1.6508733783106646,0.00260575
302588.7915141118,4123984.633162774,-1.6508746092697386,0.00233103
302588.78751462616,4123984.5833229898,-1.6508756904122923,0.00207966
302588.78351506824,4123984.533483211,-1.6508766398873127,0.00185117
302588.77951544675,4123984.4836434377,-1.6508774729992408,0.00164462
302588.77551576955,4123984.4338036687,-1.6508782043455006,0.00145874
302588.7715160435,4123984.3839639034,-1.6508788469003393,0.00129206
302588.7675162747,4123984.334124142,-1.650879411785281,0.00114307
302588.7635164681,4123984.284284383,-1.6508799078244096,0.00101024
302588.75951662834,4123984.234444627,-1.650880343109967,0.00089207
302588.7555167595,4123984.1846048734,-1.6508807253301372,0.00078714
302588.7515168652,4123984.1347651216,-1.6508810613657703,0.00069411
302588.74751694844,4123984.0849253717,-1.6508813566396783,0.00061174
302588.7435170119,4123984.0350856236,-1.650881616016339,0.00053889
302588.7395170581,4123983.9852458765,-1.650881843164146,0.00047452
302588.7355170891,4123983.9354061307,-1.6508820421249233,0.00041770
302588.7315171068,4123983.8855663864,-1.6508822165394947,0.00036758
302588.72751711274,4123983.8357266425,-1.6508823695160744,0.00032342
302588.7235171083,4123983.7858868996,-1.650882503598608,0.00028450
302588.7195170948,4123983.7360471576,-1.6508826211326566,0.00025022
302588.7155170735,4123983.686207416,-1.6508827250959066,0.00022003
302588.7115170455,4123983.6363676754,-1.650882816753205,0.00019346
302588.70751701144,4123983.5865279348,-1.6508828979915675,0.00017007
302588.70351697196,4123983.5366881946,-1.650882968918905,0.00014949
302588.69951692777,4123983.4868484554,-1.6508830310626859,0.00013140
302588.6955168793,4123983.4370087157,-1.6508830850504834,0.00011548
302588.6915168272,4123983.387168977,-1.6508831322655753,0.00010148
302588.68751677196,4123983.337329238,-1.650883173630028,0.00008917
302588.6835167138,4123983.2874895,-1.6508832093736785,0.00007836
302588.67951665324,4123983.237649761,-1.6508832409778862,0.00006885
302588.6755165906,4123983.1878100233,-1.6508832685824832,0.00006049
302588.67151652614,4123983.137970285,-1.6508832927978674,0.00005314
302588.66751646,4123983.088130547,-1.6508833137860859,0.00004669
302588.66351639247,4123983.0382908094,-1.6508833324081444,0.00004101
302588.6595163237,4123982.988451072,-1.6508833493240578,0.00003603
302588.6555162538,4123982.938611334,-1.6508833643695353,0.00003165
302588.65151618293,4123982.888771597,-1.6508833774319505,0.00002780
302588.6475161113,4123982.8389318595,-1.6508833889253451,0.00002442
302588.64351603895,4123982.789092122,-1.6508833989883906,0.00002145
302588.6395159659,4123982.7392523848,-1.6508834073920815,0.00001884
302588.63551589206,4123982.6894126474,-1.6508834143609066,0.00001655
302588.6315158177,4123982.6395729105,-1.6508834202213516,0.00001453
302588.62751574296,4123982.589733173,-1.6508834256589102,0.00001277
302588.6235156679,4123982.539893436,-1.6508834310095613,0.00001121
302588.6195155926,4123982.490053699,-1.65088343587043,0.00000985
302588.615515517,4123982.4402139615,-1.650883440339343,0.00000865
302588.61151544115,4123982.3903742246,-1.6508834444211908,0.00000759
302588.60751536506,4123982.3405344877,-1.6508834479324856,0.00000667
302588.6035152887,4123982.2906947504,-1.6508834504308214,0.00000586
302588.59951521206,4123982.2408550135,-1.6508834523930729,0.00000514
302588.59551513527,4123982.1910152766,-1.6508834536593497,0.00000000
302588.59151505836,4123982.141175539,-1.6508834547593005,0.00000000
302588.5875149813,4123982.0913358023,-1.6508834553654985,0.00000000
302588.58351490414,4123982.0414960654,-1.650883455947009,0.00000000
302588.57951482706,4123981.9916563286,-1.6508834568947515,0.00000000
302588.57551474986,4123981.9418165917,-1.6508834574933393,0.00000000
302588.57151467266,4123981.8919768543,-1.6508834582582024,0.00000000
302588.56751459546,4123981.8421371174,-1.650883459215113,0.00000000
302588.5635145182,4123981.7922973805,-1.6508834598141586,0.00000000
302588.5595144409,4123981.7424576436,-1.6508834603953113,0.00000000
302588.5555143635,4123981.6926179067,-1.6508834606081024,0.00000000
302588.55151428614,4123981.64277817,-1.6508834611699423,0.00000000
302588.5475142087,4123981.5929384325,-1.6508834614997374,0.00000000
302588.5435141312,4123981.5430986956,-1.6508834612145242,0.00000000
302588.5395140538,4123981.4932589587,-1.6508834613839967,0.00000000
302588.5355139763,4123981.443419222,-1.6508834613924703,0.00000000
302588.53151389887,4123981.393579485,-1.6508834615766275,0.00000000
302588.5275138213,4123981.343739748,-1.650883461402102,0.00000000
302588.5235137438,4123981.293900011,-1.6508834612096424,0.00000000
302588.5195136664,4123981.2440602737,-1.6508834615017225,0.00000000
302588.5155135889,4123981.194220537,-1.6508834615163266,0.00000000
302588.5115135114,4123981.1443808,-1.6508834613990868,0.00000000
302588.5075134339,4123981.094541063,-1.6508834615769583,0.00000000
302588.50351335644,4123981.044701326,-1.6508834615858519,0.00000000
302588.499513279,4123980.9948615893,-1.6508834615862966,0.00000000
302588.4955132015,4123980.9450218524,-1.6508834615863188,0.00000000
302588.491513124,4123980.8951821155,-1.65088346158632,0.00000000
302588.48751304654,4123980.845342378,-1.6508834617042898,0.00000000
302588.483512969,4123980.7955026412,-1.650883461408485,0.00000000
302588.4795128915,4123980.7456629043,-1.6508834612099614,0.00000000
302588.47551281407,4123980.6958231675,-1.650883461567502,0.00000000
302588.4715127366,4123980.6459834306,-1.6508834615853791,0.00000000
302588.4675126591,4123980.5961436937,-1.6508834614025394,0.00000000
302588.4635125816,4123980.546303957,-1.6508834613933976,0.00000000
302588.4595125041,4123980.4964642194,-1.6508834615109103,0.00000000
302588.4555124267,4123980.4466244825,-1.6508834615825494,0.00000000
302588.45151234913,4123980.3967847456,-1.650883461402398,0.00000000
302588.44751227164,4123980.3469450087,-1.6508834613933905,0.00000000
302588.4435121942,4123980.297105272,-1.650883461760407,0.00000000
302588.4395121167,4123980.247265535,-1.6508834615950243,0.00000000
302588.4355120392,4123980.197425798,-1.6508834614030217,0.00000000
302588.43151196174,4123980.1475860607,-1.650883461695125,0.00000000
302588.42751188425,4123980.097746324,-1.6508834615917602,0.00000000
302588.42351180676,4123980.047906587,-1.6508834614028585,0.00000000
302588.4195117292,4123979.99806685,-1.65088346120968,0.00000000
302588.4155116518,4123979.948227113,-1.6508834613837546,0.00000000
302588.41151157435,4123979.898387376,-1.6508834615761918,0.00000000
302588.4075114968,4123979.8485476393,-1.6508834614020802,0.00000000
302588.4035114193,4123979.798707902,-1.6508834613276109,0.00000000
302588.3995113419,4123979.748868165,-1.650883461389651,0.00000000
302588.3955112644,4123979.699028428,-1.6508834615764865,0.00000000
302588.3915111869,4123979.6491886913,-1.6508834614020949,0.00000000
302588.3875111094,4123979.5993489544,-1.650883461209642,0.00000000
302588.3835110319,4123979.5495092175,-1.6508834613837526,0.00000000
302588.3795109545,4123979.4996694806,-1.6508834609863425,0.00000000
302588.375510877,4123979.4498297432,-1.6508834627766915,0.00000000
302588.37151079945,4123979.3999900063,-1.6508834606614078,0.00000000
302588.367510722,4123979.3501502695,-1.6508834605556437,0.00000000
302588.3635106446,4123979.3003105326,-1.6508834627551567,0.00000000
302588.35951056704,4123979.2504707957,-1.6508834627551567,0.00000000
