302469.7053471766,4123727.9398873122,1.095618738257614,0.00000000
302469.72961185744,4123727.9836048745,1.0656734503892675,0.00000000
302469.75387653825,4123728.027322437,1.0641761807351988,0.00000000
302469.7781412191,4123728.0710399994,1.0641013225131468,0.00000000
302469.8024058999,4123728.114757562,1.0640975743413927,0.00000000
302469.8266705808,4123728.1584751243,1.0640973912264715,0.00000000
302469.85093526164,4123728.202192687,1.064097378744044,0.00000000
302469.87519994244,4123728.245910249,1.0640973771529376,0.00000000
302469.8994646233,4123728.2896278114,1.064097381367049,0.00000000
302469.92372930417,4123728.333345374,1.0640973782510728,0.00000000
302469.94799398497,4123728.3770629363,1.0640973823889406,0.00000000
302469.9722586658,4123728.420780499,1.0640973773351825,0.00000000
302469.99652334664,4123728.464498061,1.0640973770824944,0.00000000
302470.0207880275,4123728.5082156234,1.0640973784625722,0.00000000
302470.04505270853,4123728.551933186,1.0640973752048943,0.00000000
302470.0693173895,4123728.5956507483,1.06409737697598,0.00000000
302470.0935820704,4123728.6393683106,1.0640973813582009,0.00000000
302470.11784675124,4123728.6830858733,1.0640973782506304,0.00000000
302470.14211143204,4123728.7268034355,1.0640973814219334,0.00000000
302470.1663761129,4123728.770520998,1.064097377286832,0.00000000
302470.19064079376,4123728.8142385604,1.064097377080077,0.00000000
302470.2149054746,4123728.8579561226,1.0640973823303908,0.00000000
302470.23917015543,4123728.9016736853,1.0640973782992398,0.00000000
302470.26343483623,4123728.9453912475,1.064097381424364,0.00000000
302470.2876995171,4123728.98910881,1.0640973772869535,0.00000000
302470.31196419796,4123729.0328263724,1.0640973823407345,0.00000000
302470.33622887876,4123729.076543935,1.0640973773327722,0.00000000
302470.3604935596,4123729.1202614973,1.064097377082374,0.00000000
302470.3847582405,4123729.1639790596,1.0640973823305055,0.00000000
302470.4090229213,4123729.2076966222,1.0640973773322606,0.00000000
302470.43328760215,4123729.2514141845,1.064097382343,0.00000000
302470.45755228295,4123729.295131747,1.0640973773328855,0.00000000
302470.4818169638,4123729.3388493094,1.064097374181425,0.00000000
302470.50608164485,4123729.3825668716,1.064097374023852,0.00000000
302470.5303463259,4123729.426284434,1.0640973812105945,0.00000000
302470.55461100675,4123729.4700019965,1.0640973782432501,0.00000000
302470.57887568756,4123729.5137195587,1.0640973814215644,0.00000000
302470.6031403684,4123729.5574371214,1.0640973772868136,0.00000000
302470.6274050493,4123729.6011546836,1.0640973823407276,0.00000000
302470.6516697301,4123729.6448722463,1.0640973773327718,0.00000000
302470.67593441095,4123729.6885898085,1.064097378049359,0.00000000
302470.70019909175,4123729.7323073708,1.06409738141187,0.00000000
302470.7244637726,4123729.7760249334,1.064097377286329,0.00000000
302470.7487284535,4123729.8197424957,1.0640973823407034,0.00000000
302470.7729931343,4123729.8634600583,1.0640973773327707,0.00000000
302470.79725781514,4123729.9071776206,1.0640973813760404,0.00000000
302470.821522496,4123729.9508951833,1.0640973782515224,0.00000000
302470.8457871768,4123729.9946127455,1.0640973780952965,0.00000000
302470.8700518576,4123730.0383303077,1.0640973814141668,0.00000000
302470.89431653847,4123730.0820478704,1.0640973772864437,0.00000000
302470.91858121933,4123730.1257654326,1.0640973751460878,0.00000000
302470.9428459003,4123730.169482995,1.064097378365752,0.00000000
302470.96711058135,4123730.2132005575,1.064097377134023,0.00000000
302470.9913752622,4123730.2569181197,1.0640973770724365,0.00000000
302471.01563994307,4123730.300635682,1.0640973823300086,0.00000000
302471.0399046239,4123730.3443532446,1.0640973773322357,0.00000000
302471.06416930474,4123730.388070807,1.0640973813760137,0.00000000
302471.0884339856,4123730.4317883695,1.064097378251521,0.00000000
302471.1126986664,4123730.475505932,1.064097381421978,0.00000000
302471.13696334726,4123730.5192234945,1.0640973782538192,0.00000000
302471.16122802807,4123730.5629410567,1.0640973771284263,0.00000000
302471.18549270893,4123730.606658619,1.0640973813658232,0.00000000
302471.2097573898,4123730.6503761816,1.0640973772840265,0.00000001
302471.23402207065,4123730.694093744,1.0640973823405881,0.00000000
302471.25828675146,4123730.7378113065,1.0640973773327649,0.00000001
302471.2825514323,4123730.7815288687,1.064097382343025,0.00000001
302471.3068161131,4123730.8252464314,1.0640973773328866,0.00000000
302471.331080794,4123730.8689639936,1.0640973780493646,0.00000000
302471.3553454748,4123730.912681556,1.0640973814118702,0.00000000
302471.37961015565,4123730.9563991185,1.064097377286329,0.00000000
302471.4038748365,4123731.0001166807,1.0640973823407034,0.00000000
302471.4281395173,4123731.0438342434,1.064097374431816,0.00000000
302471.45240419835,4123731.0875518057,1.0640973750033567,0.00000000
302471.47666887933,4123731.131269368,1.0640973759989183,0.00000000
302471.50093356025,4123731.17498693,1.064097381309348,0.00000000
302471.5251982411,4123731.218704493,1.0640973782481877,0.00000000
302471.5494629219,4123731.262422055,1.0640973823887963,0.00000001
302471.5737276027,4123731.3061396177,1.0640973773351752,0.00000000
302471.5979922836,4123731.34985718,1.0640973813761607,0.00000001
302471.62225696445,4123731.3935747426,1.0640973772845435,0.00000001
302471.6465216453,4123731.437292305,1.0640973780469476,0.00000000
302471.6707863261,4123731.481009867,1.0640973814117494,0.00000000
302471.695051007,4123731.5247274297,1.0640973782533079,0.00000000
302471.7193156878,4123731.568444992,1.0640973814220673,0.00000001
302471.74358036864,4123731.6121625546,1.0640973782538237,0.00000001
302471.76784504944,4123731.655880117,1.064097381422093,0.00000000
302471.7921097303,4123731.6995976795,1.06409737728684,0.00000001
302471.81637441117,4123731.7433152418,1.0640973770800775,0.00000000
302471.840639092,4123731.787032804,1.064097380396421,0.00000001
302471.86490377295,4123731.8307503667,1.0640973743346018,0.00000001
302471.889168454,4123731.874467929,1.0640973759654806,0.00000000
302471.9134331349,4123731.918185491,1.064097381307676,0.00000000
302471.93769781577,4123731.961903054,1.064097377281119,0.00000000
302471.9619624966,4123732.005620616,1.0640973780467764,0.00000000
302471.98622717743,4123732.0493381782,1.0640973823787256,0.00000001
302472.01049185824,4123732.093055741,1.0640973773346716,0.00000000
302472.0347565391,4123732.136773303,1.0640973823431203,0.00000000
302472.0590212199,4123732.180490866,1.0640973773328914,0.00000000
302472.08328590076,4123732.224208428,1.0640973813760466,0.00000000
302472.1075505816,4123732.2679259907,1.0640973772845377,0.00000001
302472.1318152625,4123732.311643553,1.0640973780469472,0.00000000
302472.1560799433,4123732.355361115,1.0640973814117494,0.00000001
302472.18034462415,4123732.399078678,1.0640973782533079,0.00000000
302472.20460930496,4123732.44279624,1.0640973814220673,0.00000000
302472.2288739858,4123732.486513803,1.0640973782538237,0.00000000
302472.2531386666,4123732.530231365,1.064097381422093,0.00000000
302472.2774033475,4123732.5739489277,1.06409737728684,0.00000000
302472.30166802835,4123732.61766649,1.0640973780470624,0.00000000
302472.32593270915,4123732.661384052,1.0640973794777855,0.00000000
302472.35019739013,4123732.705101615,1.0640973742886701,0.00000001
302472.37446207117,4123732.748819177,1.064097375963184,0.00000000
302472.3987267521,4123732.7925367393,1.0640973813075612,0.00000000
302472.42299143295,4123732.836254302,1.0640973782480985,0.00000000
302472.44725611375,4123732.879971864,1.0640973780951253,0.00000001
302472.47152079456,4123732.9236894264,1.064097381414158,0.00000000
302472.4957854754,4123732.967406989,1.0640973772864433,0.00000001
302472.5200501563,4123733.0111245513,1.064097381373724,0.00000001
302472.54431483714,4123733.054842114,1.0640973782514065,0.00000000
302472.56857951795,4123733.098559676,1.0640973814219723,0.00000001
302472.5928441988,4123733.142277239,1.064097378253819,0.00000001
302472.6171088796,4123733.185994801,1.0640973771284263,0.00000001
302472.6413735605,4123733.2297123633,1.0640973813658232,0.00000001
302472.66563824133,4123733.273429926,1.0640973782510115,0.00000000
302472.68990292214,4123733.3171474882,1.0640973814219525,0.00000000
302472.714167603,4123733.360865051,1.064097377286833,0.00000000
302472.73843228386,4123733.404582613,1.0640973823407285,0.00000000
302472.76269696467,4123733.448300176,1.0640973782997567,0.00000001
302472.78696164547,4123733.492017738,1.0640973751967535,0.00000000
302472.81122632645,4123733.5357353003,1.0640973740746185,0.00000000
302472.8354910075,4123733.5794528625,1.0640973792791633,0.00000000
302472.85975568846,4123733.623170425,1.0640973781466785,0.00000000
302472.88402036927,4123733.6668879874,1.0640973823837208,0.00000000
302472.90828505007,4123733.71060555,1.0640973773349214,0.00000000
302472.93254973093,4123733.7543231123,1.0640973770824815,0.00000000
302472.9568144118,4123733.7980406745,1.0640973823305109,0.00000000
302472.9810790926,4123733.841758237,1.0640973773322608,0.00000000
302473.00534377346,4123733.8854757994,1.064097381376015,0.00000001
302473.0296084543,4123733.929193362,1.064097378251521,0.00000000
302473.0538731351,4123733.9729109243,1.064097381421978,0.00000001
302473.078137816,4123734.016628487,1.0640973782538192,0.00000000
302473.1024024968,4123734.0603460493,1.0640973771284263,0.00000000
302473.12666717765,4123734.1040636115,1.0640973823328082,0.00000000
302473.15093185846,4123734.147781174,1.0640973773323759,0.00000000
302473.1751965393,4123734.1914987364,1.0640973813760208,0.00000001
302473.1994612202,4123734.235216299,1.0640973782515213,0.00000001
302473.223725901,4123734.2789338613,1.0640973751943419,0.00000000
302473.24799058196,4123734.3226514235,1.0640973783681646,0.00000000
302473.272255263,4123734.366368986,1.0640973761671586,0.00000001
302473.2965199439,4123734.4100865484,1.0640973779910783,0.00000001
302473.3207846247,4123734.4538041106,1.0640973814089558,0.00000000
302473.3450493056,4123734.4975216733,1.0640973772861833,0.00000000
302473.36931398645,4123734.5412392356,1.0640973813737111,0.00000000
302473.3935786673,4123734.5849567982,1.0640973782514058,0.00000000
302473.4178433481,4123734.6286743605,1.0640973771283058,0.00000000
302473.442108029,4123734.6723919227,1.0640973823328022,0.00000000
302473.4663727098,4123734.7161094854,1.0640973782993604,0.00000001
302473.4906373906,4123734.7598270476,1.06409738142437,0.00000000
302473.51490207145,4123734.8035446103,1.064097377286954,0.00000001
302473.5391667523,4123734.8472621725,1.0640973813737495,0.00000001
302473.56343143317,4123734.890979735,1.0640973782514078,0.00000000
302473.587696114,4123734.9346972974,1.0640973771283058,0.00000000
302473.61196079483,4123734.9784148596,1.0640973823328022,0.00000001
302473.63622547564,4123735.0221324223,1.0640973773323754,0.00000000
302473.6604901565,4123735.0658499845,1.0640973823430055,0.00000000
302473.6847548373,4123735.109567547,1.0640973773328857,0.00000000
302473.70901951817,4123735.1532851094,1.0640973770823796,0.00000000
302473.733284199,4123735.1970026717,1.0640973803965361,0.00000000
302473.75754887995,4123735.2407202343,1.0640973743346076,0.00000000
302473.781813561,4123735.2844377966,1.0640973759654808,0.00000000
302473.8060782419,4123735.328155359,1.064097381307676,0.00000001
302473.83034292277,4123735.3718729215,1.064097377281119,0.00000000
302473.85460760363,4123735.4155904837,1.0640973823404427,0.00000000
302473.87887228443,4123735.4593080464,1.0640973773327576,0.00000000
302473.9031369653,4123735.5030256086,1.0640973780493581,0.00000001
302473.9274016461,4123735.546743171,1.06409738141187,0.00000001
302473.95166632696,4123735.5904607335,1.064097377286329,0.00000001
302473.9759310078,4123735.6341782957,1.0640973823407034,0.00000000
302474.0001956886,4123735.6778958584,1.0640973773327707,0.00000000
302474.0244603695,4123735.7216134206,1.0640973813760404,0.00000000
302474.04872505035,4123735.7653309833,1.0640973782515224,0.00000000
302474.07298973115,4123735.8090485455,1.0640973771283115,0.00000001
302474.097254412,4123735.852766108,1.0640973823328024,0.00000001
302474.1215190928,4123735.8964836705,1.0640973773323754,0.00000000
302474.1457837737,4123735.9402012327,1.064097380409036,0.00000000
302474.1700484546,4123735.9839187954,1.0640973753022176,0.00000000
302474.1943131356,4123736.0276363576,1.0640973750468765,0.00000000
302474.21857781656,4123736.07135392,1.0640973769680793,0.00000001
302474.2428424974,4123736.115071482,1.0640973813578058,0.00000000
302474.2671071783,4123736.1587890447,1.0640973772836257,0.00000000
302474.29137185914,4123736.202506607,1.0640973823405682,0.00000000
302474.31563653995,4123736.2462241696,1.0640973773327638,0.00000000
302474.3399012208,4123736.289941732,1.064097382343025,0.00000000
302474.3641659016,4123736.3336592945,1.0640973782998715,0.00000001
302474.3884305824,4123736.3773768567,1.064097377130729,0.00000000
302474.4126952633,4123736.421094419,1.0640973813659385,0.00000000
302474.43695994414,4123736.4648119817,1.0640973772840323,0.00000001
302474.461224625,4123736.508529544,1.0640973823405884,0.00000000
302474.4854893058,4123736.5522471066,1.0640973773327649,0.00000000
302474.50975398667,4123736.595964669,1.064097382343025,0.00000001
302474.5340186675,4123736.6396822315,1.0640973773328866,0.00000000
302474.55828334833,4123736.6833997937,1.0640973780493646,0.00000000
302474.58254802914,4123736.727117356,1.0640973814118702,0.00000000
302474.60681271,4123736.7708349186,1.064097377286329,0.00000000
302474.63107739086,4123736.814552481,1.0640973813737185,0.00000000
302474.6553420717,4123736.8582700435,1.0640973743834667,0.00000001
302474.67960675276,4123736.9019876057,1.064097375000939,0.00000000
302474.70387143374,4123736.945705168,1.0640973769657824,0.00000000
302474.7281361146,4123736.98942273,1.064097381357691,0.00000000
302474.75240079546,4123737.033140293,1.06409737728362,0.00000000
302474.7766654763,4123737.076857855,1.064097382340568,0.00000000
302474.80093015713,4123737.1205754178,1.0640973782997487,0.00000001
302474.82519483793,4123737.16429298,1.0640973814243893,0.00000000
302474.8494595188,4123737.2080105427,1.0640973772869549,0.00000000
302474.87372419966,4123737.251728105,1.0640973780470682,0.00000000
302474.89798888046,4123737.295445667,1.0640973814117554,0.00000000
302474.9222535613,4123737.33916323,1.0640973772863231,0.00000001
302474.9465182422,4123737.382880792,1.064097382340703,0.00000000
302474.970782923,4123737.4265983547,1.0640973773327707,0.00000001
302474.99504760385,4123737.470315917,1.0640973823430253,0.00000000
302475.01931228465,4123737.5140334796,1.0640973773328866,0.00000000
302475.0435769655,4123737.557751042,1.0640973770823798,0.00000000
302475.0678416464,4123737.601468604,1.0640973823305058,0.00000001
302475.0921063272,4123737.6451861667,1.064097373464321,0.00000000
302475.1163710083,4123737.688903729,1.0640973749549818,0.00000000
302475.14063568925,4123737.732621291,1.064097381257151,0.00000000
302475.1649003701,4123737.776338854,1.0640973772785929,0.00000000
302475.189165051,4123737.820056416,1.06409737804665,0.00000000
302475.2134297318,4123737.8637739783,1.0640973814117345,0.00000000
302475.23769441264,4123737.907491541,1.064097378253307,0.00000000
302475.26195909345,4123737.951209103,1.0640973823890523,0.00000001
302475.28622377425,4123737.994926666,1.064097377335188,0.00000000
302475.3104884551,4123738.038644228,1.0640973813761614,0.00000000
302475.334753136,4123738.082361791,1.0640973772845435,0.00000000
302475.35901781684,4123738.126079353,1.0640973780469476,0.00000000
302475.38328249764,4123738.1697969153,1.0640973814117494,0.00000000
302475.4075471785,4123738.213514478,1.0640973782533079,0.00000000
302475.4318118593,4123738.25723204,1.0640973814220673,0.00000000
302475.45607654017,4123738.300949603,1.0640973782538237,0.00000000
302475.480341221,4123738.344667165,1.064097381422093,0.00000000
302475.50460590184,4123738.3883847278,1.06409737728684,0.00000000
302475.5288705827,4123738.43210229,1.0640973770800775,0.00000000
302475.55313526356,4123738.475819852,1.0640973813634058,0.00000000
302475.5773999444,4123738.519537415,1.064097375349936,0.00000000
302475.6016646254,4123738.563254977,1.0640973740822777,0.00000000
302475.62592930644,4123738.6069725393,1.0640973812135157,0.00000001
302475.6501939873,4123738.650690102,1.064097378243396,0.00000000
302475.6744586681,4123738.6944076642,1.0640973771279052,0.00000001
302475.69872334896,4123738.7381252265,1.0640973823327822,0.00000001
302475.72298802977,4123738.781842789,1.0640973773323745,0.00000000
302475.74725271063,4123738.8255603514,1.0640973813760206,0.00000000
302475.7715173915,4123738.869277914,1.0640973782515213,0.00000001
302475.7957820723,4123738.9129954763,1.064097381421978,0.00000001
302475.82004675316,4123738.956713039,1.0640973782538192,0.00000001
302475.84431143396,4123739.000430601,1.0640973771284263,0.00000001
302475.8685761148,4123739.0441481634,1.0640973813658232,0.00000002
302475.8928407957,4123739.087865726,1.0640973782510115,0.00000002
302475.9171054765,4123739.1315832883,1.0640973814219525,0.00000003
302475.94137015735,4123739.175300851,1.064097377286833,0.00000003
302475.9656348382,4123739.219018413,1.0640973823407285,0.00000004
302475.989899519,4123739.262735976,1.0640973782997567,0.00000004
302476.0141641998,4123739.306453538,1.0640973771307232,0.00000005
302476.0384288807,4123739.3501711003,1.0640973774979987,0.00000006
302476.0626935618,4123739.393888663,1.0640973741896806,0.00000006
302476.0869582428,4123739.4376062253,1.0640973778922043,0.00000007
302476.1112229236,4123739.4813237875,1.0640973823709972,0.00000009
302476.1354876044,4123739.52504135,1.0640973773342852,0.00000010
302476.1597522853,4123739.5687589124,1.0640973780494345,0.00000012
302476.1840169661,4123739.6124764746,1.0640973814118737,0.00000013
302476.20828164695,4123739.6561940373,1.0640973772863291,0.00000015
302476.2325463278,4123739.6999115995,1.0640973813737185,0.00000018
302476.2568110087,4123739.743629162,1.0640973782514063,0.00000020
302476.2810756895,4123739.7873467244,1.0640973823889572,0.00000023
302476.3053403703,4123739.831064287,1.0640973773351832,0.00000027
302476.32960505114,4123739.8747818493,1.0640973770824946,0.00000031
302476.353869732,4123739.9184994115,1.0640973813635266,0.00000035
302476.37813441287,4123739.9622169742,1.0640973772839117,0.00000041
302476.4023990937,4123740.0059345365,1.0640973823405824,0.00000047
302476.42666377453,4123740.049652099,1.0640973782997494,0.00000054
302476.45092845534,4123740.0933696614,1.064097377130723,0.00000061
302476.4751931362,4123740.1370872236,1.0640973784649836,0.00000070
302476.49945781723,4123740.1808047863,1.06409737423803,0.00000081
302476.52372249827,4123740.2245223485,1.064097376927637,0.00000092
302476.54798717913,4123740.2682399107,1.0640973813557837,0.00000106
302476.57225186,4123740.3119574734,1.0640973763165396,0.00000121
302476.5965165409,4123740.3556750356,1.0640973760645775,0.00000138
302476.62078122183,4123740.399392598,1.0640973803456462,0.00000158
302476.64504590275,4123740.4431101605,1.0640973752990481,0.00000181
302476.66931058373,4123740.4868277228,1.0640973740797333,0.00000207
302476.69357526477,4123740.530545285,1.0640973740187674,0.00000236
302476.7178399458,4123740.574262847,1.0640973730487342,0.00000270
302476.7421046269,4123740.6179804094,1.0640973772938993,0.00000308
302476.766369308,4123740.661697972,1.0640973732124908,0.00000352
302476.7906339891,4123740.7054155343,1.0640973720414357,0.00000402
302476.81489867024,4123740.7491330965,1.064097371015898,0.00000459
302476.83916335145,4123740.7928506588,1.0640973690306514,0.00000523
302476.8634280328,4123740.836568221,1.0640973627037524,0.00000597
302476.8876927142,4123740.8802857827,1.0640973637801194,0.00000682
302476.91195739585,4123740.924003345,1.064097355672332,0.00000778
302476.9362220777,4123740.9677209067,1.0640973523659878,0.00000887
302476.9604867597,4123741.0114384685,1.0640973483327312,0.00001012
302476.984751442,4123741.05515603,1.0640973380354923,0.00001155
302477.0090161246,4123741.0988735915,1.064097333652691,0.00001317
302477.03328080743,4123741.142591153,1.0640973324665661,0.00001502
302477.05754549033,4123741.186308714,1.0640973285393205,0.00001712
302477.08181017346,4123741.2300262754,1.0640973153464277,0.00001952
302477.1060748571,4123741.273743836,1.0640972997562825,0.00002226
302477.1303395414,4123741.3174613966,1.0640972912408966,0.00002537
302477.1546042262,4123741.361178957,1.0640972739506573,0.00002892
302477.1788689117,4123741.404896517,1.0640972591226296,0.00003296
302477.2031335978,4123741.4486140762,1.0640972376488191,0.00003757
302477.2273982849,4123741.492331635,1.064097208648097,0.00004281
302477.25166297314,4123741.5360491932,1.064097189792335,0.00004879
302477.27592766244,4123741.5797667513,1.064097152760908,0.00005559
302477.30019235314,4123741.623484308,1.0640971224410494,0.00006335
302477.3244570453,4123741.667201864,1.0640970862291312,0.00007218
302477.348721739,4123741.7109194193,1.064097041019748,0.00008223
302477.37298643484,4123741.7546369736,1.0640969891328527,0.00009369
302477.3972511329,4123741.7983545265,1.0640969349781124,0.00010673
302477.42151583324,4123741.842072078,1.0640968729741027,0.00012158
302477.4457805364,4123741.885789628,1.0640968004820517,0.00013850
302477.4700452427,4123741.9295071764,1.064096707700174,0.00015776
302477.49430995306,4123741.9732247223,1.0640966071349136,0.00017969
302477.5185746679,4123742.016942266,1.0640964801874182,0.00020467
302477.5428393883,4123742.0606598062,1.0640963393500147,0.00023310
302477.567104115,4123742.1043773433,1.064096182887614,0.00026548
302477.5913688486,4123742.1480948767,1.0640959977169269,0.00030234
302477.61563359026,4123742.1918124054,1.0640957952133374,0.00034430
302477.63989834074,4123742.235529929,1.0640955672427588,0.00039207
302477.66416310123,4123742.279247447,1.0640953186591544,0.00044644
302477.6884278729,4123742.3229649593,1.0640950117980872,0.00050832
302477.7126926579,4123742.366682464,1.064094652822462,0.00057875
302477.73695745866,4123742.4103999594,1.0640942521360224,0.00065889
302477.7612222773,4123742.4541174457,1.0640937911502264,0.00075008
302477.785487116,4123742.4978349204,1.0640932731138726,0.00085382
302477.80975197756,4123742.5415523825,1.0640926987306243,0.00097183
302477.83401686436,4123742.5852698307,1.0640920164752605,0.00110604
302477.8582817812,4123742.628987262,1.064091240635989,0.00125865
302477.8825467321,4123742.6727046743,1.064090371386031,0.00143214
302477.90681172133,4123742.7164220656,1.064089364483702,0.00162931
302477.9310767549,4123742.7601394323,1.0640882210436526,0.00185333
302477.9553418387,4123742.803856771,1.0640869333857859,0.00210776
302477.9796069793,4123742.8475740785,1.0640854520407947,0.00239663
302478.003872185,4123742.8912913497,1.0640837590635368,0.00272445
302478.0281374652,4123742.9350085794,1.0640818169268642,0.00309626
302478.0524028308,4123742.9787257616,1.0640796276223252,0.00351772
302478.07666829263,4123743.0224428903,1.064077136247089,0.00399513
302478.10093386425,4123743.0661599585,1.064074277007044,0.00453549
302478.1251995617,4123743.109876957,1.0640710051476825,0.00514654
302478.14946540305,4123743.153593875,1.0640672990918636,0.00583680
302478.1737314075,4123743.197310703,1.0640630648504654,0.00661562
302478.19799759804,4123743.241027427,1.0640582416399615,0.00749313
302478.22226400103,4123743.2847440336,1.064052739853476,0.00848030
302478.246530646,4123743.3284605057,1.0640464777683203,0.00958885
302478.27079756657,4123743.372176825,1.0640393477512369,0.01083117
302478.2950648008,4123743.4158929703,1.0640312089637312,0.01222022
302478.3193323932,4123743.4596089167,1.0640219343782844,0.01376930
302478.34360039345,4123743.5033246363,1.0640113864810674,0.01549183
302478.3678688578,4123743.5470400983,1.0639993661181217,0.01740496
302478.39213785116,4123743.590755267,1.0639856778217756,0.01953244
302478.4164074467,4123743.6344701014,1.063970059276913,0.02187623
302478.4406777293,4123743.678184554,1.0639522673793338,0.02444716
302478.46494879475,4123743.721898572,1.063932026369583,0.02725394
302478.4892207508,4123743.765612096,1.0639089591735877,0.03030276
302478.5134937215,4123743.809325056,1.063882687722481,0.03359793
302478.537767848,4123743.8530373746,1.0638527618288087,0.03714247
302478.56204329105,4123743.896748962,1.063818684728415,0.04093841
302478.5863202332,4123743.9404597166,1.063779862369829,0.04498690
302478.6105988832,4123743.9841695228,1.0637356578116786,0.04933991
302478.6348794776,4123744.0278782486,1.0636853219701734,0.05395339
302478.6591622864,4123744.0715857446,1.063627989943512,0.05881967
302478.68344761705,4123744.1152918395,1.0635626936083318,0.06393417
302478.7077358197,4123744.158996338,1.0634883444218426,0.06929183
302478.7320272925,4123744.202699019,1.0634036758416598,0.07489878
302478.7563224893,4123744.2463996303,1.0633072625721431,0.08079674
302478.7806219263,4123744.290097884,1.0631974915609215,0.08691817
302478.8049261905,4123744.3337934525,1.0630725084605324,0.09325466
302478.82923595095,4123744.377485964,1.0629301892396568,0.09979782
302478.8535519691,4123744.421174993,1.0627681590166578,0.10656701
302478.8778751113,4123744.464860056,1.0625836816451002,0.11356461
302478.9022063634,4123744.5085406024,1.0623736692039063,0.12073550
302478.9265468473,4123744.5522160055,1.0621345826683515,0.12806903
302478.9508978392,4123744.59588555,1.0618624235528913,0.13556222
302478.9752607915,4123744.6395484237,1.0615526443519396,0.14324556
302478.99963735475,4123744.6832036995,1.0612000612720707,0.15104663
302479.02402940666,4123744.7268503224,1.0607987902188531,0.15895246
302479.0484390826,4123744.7704870915,1.0603421651403728,0.16696009
302479.0728688086,4123744.8141126386,1.0598225872747649,0.17507350
302479.0973213424,4123744.857725405,1.0592314665336464,0.18323608
302479.1217998162,4123744.901323617,1.0585590701100542,0.19143431
302479.146307786,4123744.9449052545,1.0577943191438732,0.19966742
302479.1708492889,4123744.9884680165,1.0569247003491258,0.20790345
302479.1954289052,4123745.0320092835,1.0559360435520082,0.21611617
302479.2200518286,4123745.0755260726,1.0548123556390887,0.22429316
302479.24472394405,4123745.119014989,1.0535355368688,0.23241049
302479.2694519157,4123745.1624721666,1.0520852125214681,0.24044677
302479.29424328316,4123745.2058932055,1.050438432063879,0.24839096
302479.3191065682,4123745.2492730985,1.0485694141700876,0.25620333
302479.3440513916,4123745.2926061493,1.0464492382464188,0.26388013
302479.3690886008,4123745.3358858777,1.0440455611200707,0.27141385
302479.3942304085,4123745.379104917,1.041322270775935,0.27875338
302479.41949054046,4123745.422254892,1.0382392710018051,0.28590531
302479.44488439104,4123745.465326291,1.0347521700647837,0.29286998
302479.47042918525,4123745.508308317,1.03081204324145,0.29958580
302479.496144145,4123745.5511887255,1.0263652941572838,0.30607061
302479.5220506524,4123745.593953645,1.021353661439444,0.31232978
302479.54817240266,4123745.6365873837,1.0157142962721832,0.31828971
302479.5745355416,4123745.679072223,1.009380115930905,0.32398439
302479.6011687727,4123745.721388199,1.0022804057746473,0.32941795
302479.62810342066,4123745.7635128773,0.9943418700743177,0.33450489
302479.6553734302,4123745.8054211363,0.9854900991021714,0.33929696
302479.68301528104,4123745.847084964,0.9756515677983172,0.34379127
302479.7110677941,4123745.8884732886,0.9647563718971326,0.34789687
302479.7395718008,4123745.9295518664,0.9527416366269171,0.35167511
302479.7685696492,4123745.9702832582,0.9395556838400221,0.35511631
302479.79810452583,4123746.0106269293,0.9251628727968704,0.35813555
302479.8282195783,4123746.0505395145,0.9095487563711006,0.36078728
302479.858956845,4123746.0899752835,0.8923914108112881,0.36306195
302479.8903695823,4123746.1288756686,0.8730967980294037,0.36488742
302479.92253119044,4123746.1671590055,0.8535113866036237,0.36627566
302479.95543641335,4123746.2048040205,0.8329647861679801,0.36724163
302479.9891093294,4123746.2417626255,0.8116017345383989,0.36774595
302480.0235649174,4123746.2779912897,0.7896530381956467,0.36777619
302480.05880782736,4123746.3134533633,0.7672943778848225,0.36735450
302480.0948351813,4123746.3481175755,0.7446512409132463,0.36647275
302480.1316388059,4123746.381956795,0.7218233812132946,0.36508217
302480.16920647264,4123746.414947549,0.6988996459479091,0.36321297
302480.207522596,4123746.4470699686,0.671373951418101,0.36086296
302480.2467160009,4123746.4781163377,0.6475111602457242,0.35794371
302480.2866309439,4123746.508224667,0.6245382608203893,0.35447324
302480.32722408394,4123746.53740898,0.6020502628362602,0.35048930
302480.3684623239,4123746.5656740777,0.5800734046521423,0.34598932
302480.410312493,4123746.593028239,0.5575997907017192,0.34096782
302480.4527701392,4123746.6194355916,0.531343286240343,0.33537902
302480.4959108486,4123746.6447102283,0.510980469325538,0.32914300
302480.5395470941,4123746.6691133147,0.491681540406249,0.32237155
302480.58364445734,4123746.6926720524,0.4731861703140805,0.31506393
302480.6281707385,4123746.7154139713,0.4529419017368095,0.30721959
302480.6731522057,4123746.7372466903,0.43231193554596187,0.29876486
302480.7185736607,4123746.75814537,0.4165623328040901,0.28969744
302480.76431204664,4123746.7783372565,0.4018935783026132,0.28010712
302480.8103413427,4123746.797859011,0.38737561328925474,0.26999963
302480.85665094334,4123746.816711621,0.3698978719198387,0.25936745
302480.90328546043,4123746.834744623,0.3585379829287238,0.24812259
302480.95011500677,4123746.8522613514,0.34833347152257327,0.23639554
302480.9971203418,4123746.869302349,0.3380819606654945,0.22421139
302481.04429891147,4123746.885860808,0.3270556084579874,0.21156646
302481.0916576003,4123746.90189605,0.3205661295014418,0.19844424
302481.13911528996,4123746.917634855,0.31497012117197665,0.18493673
302481.18665995623,4123746.9331101985,0.3089130352486302,0.17105456
302481.23429802957,4123746.9482961777,0.3050346738340919,0.15681355
302481.28199281887,4123746.9633027227,0.30290811692336816,0.14227162
302481.32971810526,4123746.9782122294,0.301259577655533,0.12747717
302481.37746756733,4123746.993044251,0.30100102715216187,0.11245247
302481.4252197783,4123747.00786742,0.30192624115349687,0.09723116
302481.4729573032,4123747.0227377303,0.30310914634624214,0.08185767
302481.5206770115,4123747.037665149,0.3069760041416488,0.06636420
302481.56833652116,4123747.052783719,0.31052050652633195,0.05083043
302481.6159421818,4123747.0680702436,0.31392116464069636,0.03526419
302481.6634957906,4123747.0835182397,0.32096555043489766,0.01968082
302481.7109365012,4123747.099309977,0.32685112009032535,0.00418481
302481.75828390627,4123747.1153775905,0.3318745882869277,0.01124334
302481.8055509806,4123747.131680787,0.3414658258116479,0.02660007
302481.8526557635,4123747.148448,0.34897675732352296,0.04174774
302481.8996343074,4123747.165563085,0.3551292585624768,0.05671933
302481.94650841097,4123747.182963716,0.36696644242934295,0.07152304
302481.99316822743,4123747.200932064,0.37530790704714834,0.08600255
302482.0396787631,4123747.2192799817,0.3822691539953739,0.10022643
302482.08606268896,4123747.23794821,0.39608744892174536,0.11420304
302482.1321775252,4123747.257272337,0.4047136644535152,0.12775296
302482.1781279565,4123747.2769803866,0.4123861602426784,0.14098757
302482.2239280682,4123747.2970386487,0.4275591251480285,0.15390612
302482.26941052574,4123747.317807521,0.4363967776286734,0.16632208
302482.31471322995,4123747.338961736,0.4447080663959214,0.17837515
302482.35984043183,4123747.360491101,0.460082258901857,0.19005716
302482.4046232517,4123747.382728436,0.4694245956850949,0.20120037
302482.4492021241,4123747.405368289,0.47814428184884494,0.21193765
302482.49358358496,4123747.4283950226,0.49224230550075004,0.22226726
302482.5376298069,4123747.4520578696,0.502635300060509,0.23206352
302482.5814312124,4123747.4761679918,0.5115998989743719,0.24139815
302482.62501688075,4123747.5006667026,0.5233854175767149,0.25030141
302482.6683079741,4123747.5256843213,0.5356821134393803,0.25871039
302482.7112867324,4123747.551233084,0.5449734319232338,0.26661818
302482.7540299351,4123747.577173048,0.5543332821970515,0.27408915
302482.7965293369,4123747.6035126867,0.5683135820017797,0.28112158
302482.8386500157,4123747.630454261,0.578756761313477,0.28762772
302482.88049114565,4123747.65782579,0.588631292621938,0.29368843
302482.9220607259,4123747.685607852,0.5987213909183712,0.29931647
302482.96334850247,4123747.713809052,0.6132677395192261,0.30446797
302483.004215042,4123747.7426174874,0.6242868159350582,0.30909951
302483.0447661222,4123747.7718662466,0.6350755711715248,0.31329516
302483.0849994558,4123747.801550159,0.6460836850142808,0.31706392
302483.1249038717,4123747.83167609,0.6595952981314351,0.32040923
302483.1643940874,4123747.8623440354,0.6728376368590618,0.32328167
302483.2034745604,4123747.8935311716,0.6842813671902513,0.32565267
302483.2421980593,4123747.925159392,0.6956527310521825,0.32761707
302483.2805596848,4123747.9572258815,0.7069986541285285,0.32918275
302483.3185557804,4123747.989726104,0.7209156523006532,0.33035756
302483.3560916784,4123748.022757246,0.732908732638052,0.33107475
302483.3932315196,4123748.0562318615,0.7438388541984581,0.33136716
302483.4300048395,4123748.0901080566,0.7546047810709324,0.33130143
302483.4664117622,4123748.124377996,0.7652366796923793,0.33088639
302483.50245304045,4123748.1590333087,0.7776410350344678,0.33012304
302483.53805865877,4123748.1941365837,0.7889423097821732,0.32894401
302483.57326696004,4123748.229637549,0.7989743370019685,0.32743482
302483.6081194504,4123748.265487302,0.8088185997303163,0.32562443
302483.64261773514,4123748.301678105,0.8185364420060949,0.32351134
302483.67676324357,4123748.3382025366,0.8288994457314582,0.32108653
302483.7105275088,4123748.375080367,0.8400696894208483,0.31838460
302483.7438760096,4123748.412334294,0.8493425135809599,0.31539555
302483.7768810692,4123748.4498921963,0.858433464540014,0.31214803
302483.8095436163,4123748.487748186,0.8674464973473671,0.30866567
302483.84186390846,4123748.5258970177,0.8764065004890336,0.30496594
302483.87384145823,4123748.5643341234,0.8864151211144085,0.30105237
302483.90543073084,4123748.603091289,0.8961931224493084,0.29691792
302483.9366398326,4123748.642154881,0.9050194881329304,0.29257868
302483.9675047062,4123748.6814906127,0.9138305189739403,0.28805385
302483.99802176206,4123748.721096653,0.9226896462851149,0.28337138
302484.0281866841,4123748.7609716128,0.9316074500660567,0.27852421
302484.05799480673,4123748.801114237,0.940574273955065,0.27350880
302484.087441852,4123748.8415228403,0.9501746570448159,0.26836423
302484.11649834603,4123748.8822133816,0.9594791570227683,0.26306183
302484.1451755329,4123748.923171942,0.9678877743760426,0.25759831
302484.173509142,4123748.9643686977,0.9759458806851451,0.25204302
302484.2015105911,4123749.0057918527,0.9836250041828439,0.24637605
302484.2291939556,4123749.04742826,0.9908809896707993,0.24059057
302484.2565754363,4123749.089263866,0.9976822419234498,0.23476020
302484.28367279045,4123749.131284135,1.0040104682384206,0.22885165
302484.31050477485,4123749.1734744254,1.009859367303192,0.22286119
302484.33709063457,4123749.21582031,1.0152328414179377,0.21687787
302484.36344965664,4123749.2583078244,1.0201430365245971,0.21084940
302484.3896007995,4123749.3009236497,1.0246084421873718,0.20477821
302484.41556240147,4123749.3436552435,1.0286520605162224,0.19876062
302484.44135196385,4123749.386490913,1.03229996368448,0.19273010
302484.46698599687,4123749.429419855,1.035579893900143,0.18669363
302484.4924799268,4123749.4724321594,1.0385203358647452,0.18074128
302484.517848045,4123749.515518794,1.0411496053378673,0.17480858
302484.5431034984,4123749.5586715695,1.0435314279278984,0.16889967
302484.568256661,4123749.6018840494,1.045616721853299,0.16308307
302484.5933203323,4123749.645148494,1.047461973985828,0.15732103
302484.61830467393,4123749.688458797,1.04910063393489,0.15160560
302484.64321848226,4123749.7318097115,1.0505541729188912,0.14597560
302484.6680696748,4123749.7751965513,1.0518419085317392,0.14044053
302484.69286535506,4123749.818615141,1.052981468213259,0.13497027
302484.71761188033,4123749.862061766,1.0539888985237602,0.12957157
302484.7423149258,4123749.9055331275,1.054878794128207,0.12430131
302484.76697954594,4123749.949026303,1.0556642959845446,0.11911973
302484.7916102338,4123749.992538704,1.056357151702919,0.11402541
302484.8162109802,4123750.0360680404,1.056967951520889,0.10902389
302484.8407853226,4123750.079612289,1.0575061618395138,0.10416877
302484.8653363919,4123750.123169664,1.0579801965279987,0.09941916
302484.88986695814,4123750.1667385893,1.0583975231263347,0.09477636
302484.9143794698,4123750.210317675,1.058764828265412,0.09024470
302484.9388760877,4123750.253905697,1.0590879941237017,0.08585436
302484.9633587196,4123750.297501576,1.0593722727257608,0.08160216
302484.9878290464,4123750.3411043636,1.0596222662092263,0.07746867
302485.01228855085,4123750.384713223,1.0598420830075084,0.07345507
302485.0367385379,4123750.4283274193,1.060035333053281,0.06956195
302485.0611801571,4123750.4719463056,1.0602051994465318,0.06581973
302485.0856144203,4123750.515569313,1.0603544800484535,0.06220542
302485.11004221835,4123750.559195941,1.0604856526980928,0.05870841
302485.13446433534,4123750.6028257497,1.0606009103631422,0.05532786
302485.15888145997,4123750.6464583525,1.0607021796418943,0.05206272
302485.18329419795,4123750.6900934097,1.0607911420391534,0.04893391
302485.20770308207,4123750.7337306226,1.060869288893853,0.04592799
302485.23210858105,4123750.7773697292,1.060937933465165,0.04303113
302485.25651110616,4123750.821010499,1.0609982253129366,0.04024212
302485.28091101913,4123750.8646527287,1.061051187742159,0.03755975
302485.30530863756,4123750.9082962414,1.0610976917359964,0.03499172
302485.3297042413,4123750.9519408806,1.0611385481314135,0.03254716
302485.3540980749,4123750.9955865094,1.061174414889908,0.03020372
302485.3784903542,4123751.039233006,1.0612059147304551,0.02796045
302485.402881269,4123751.082880266,1.061233582060234,0.02581663
302485.4272709848,4123751.1265281956,1.0612578724768178,0.02377173
302485.45165964816,4123751.1701767133,1.061279188571061,0.02183802
302485.47604738787,4123751.213825747,1.0612979244327219,0.02001228
302485.50043431594,4123751.2574752346,1.061314356743524,0.01828359
302485.5248205317,4123751.3011251194,1.0613287864628584,0.01665238
302485.54920612246,4123751.344775354,1.0613414586420071,0.01511922
302485.5735911639,4123751.388425895,1.0613525989456056,0.01368480
302485.5979757228,4123751.432076706,1.061362376820574,0.01234968
302485.62235985795,4123751.4757277537,1.0613709486757856,0.01112124
302485.64674362156,4123751.5193790086,1.061378478444649,0.00999571
302485.67112705903,4123751.563030446,1.06138508041049,0.00896282
302485.6955102104,4123751.606682043,1.061390887495078,0.00801905
302485.71989311016,4123751.650333781,1.0613959892587952,0.00716017
302485.7442757888,4123751.693985642,1.061400464856637,0.00638151
302485.76865827356,4123751.7376376116,1.0614043867384881,0.00567800
302485.7930405882,4123751.7812896757,1.0614078331429089,0.00504440
302485.8174227537,4123751.8249418237,1.0614108500131318,0.00447541
302485.84180478833,4123751.8685940444,1.0614135104000666,0.00396576
302485.8661867078,4123751.9122463297,1.0614158416424795,0.00351032
302485.8905685262,4123751.9558986714,1.0614178783269133,0.00310417
302485.91495025647,4123751.9995510625,1.0614196732953547,0.00274265
302485.9393319088,4123752.043203497,1.0614212523018114,0.00242139
302485.96371349273,4123752.0868559694,1.0614226354315017,0.00213631
302485.98809501674,4123752.1305084755,1.0614238453828506,0.00188368
302486.01247648837,4123752.174161011,1.0614249127093285,0.00166004
302486.0368579136,4123752.217813572,1.0614258427395244,0.00146271
302486.0612392987,4123752.2614661558,1.0614266473877234,0.00128834
302486.0856206488,4123752.3051187587,1.0614273772742193,0.00113432
302486.11000196746,4123752.34877138,1.0614280085307428,0.00099838
302486.1343832586,4123752.392424016,1.0614285572210984,0.00087845
302486.1587645261,4123752.4360766653,1.0614290367619557,0.00077273
302486.18314577255,4123752.479729326,1.061429463150227,0.00067957
302486.20752700075,4123752.5233819974,1.0614298261739759,0.00059752
302486.2319082133,4123752.5670346776,1.0614301551932805,0.00052528
302486.2562894115,4123752.6106873658,1.0614304458828467,0.00046170
302486.2806705971,4123752.654340061,1.061430690815479,0.00040576
302486.3050517719,4123752.6979927616,1.0614309054593076,0.00035655
302486.32943293767,4123752.741645468,1.061431082472651,0.00031327
302486.3538140957,4123752.7852981784,1.0614312436346893,0.00027522
302486.3781952467,4123752.8289508927,1.0614314005940335,0.00024177
302486.402576391,4123752.872603611,1.0614315337793623,0.00021237
302486.42695752933,4123752.9162563323,1.0614316546414533,0.00018653
302486.4513386626,4123752.959909057,1.0614317517755751,0.00016382
302486.47571979166,4123753.0035617836,1.0614318356846204,0.00014387
302486.500100917,4123753.0472145122,1.0614319083113528,0.00012634
302486.52448203927,4123753.090867243,1.0614319664041896,0.00011095
302486.548863159,4123753.1345199747,1.0614320175249596,0.00009742
302486.5732442764,4123753.1781727076,1.061432072097912,0.00008554
302486.5976253917,4123753.2218254423,1.061432111969562,0.00007510
302486.622006505,4123753.2654781775,1.061432157803584,0.00006594
302486.6463876164,4123753.309130914,1.0614321957592512,0.00005789
302486.6707687262,4123753.3527836516,1.0614322304243475,0.00005082
302486.69514983456,4123753.39643639,1.0614322577139939,0.00004462
302486.7195309416,4123753.440089129,1.0614322827037657,0.00003917
302486.74391204753,4123753.4837418683,1.0614323060995055,0.00003438
302486.7682931526,4123753.5273946086,1.0614323217525585,0.00003018
302486.79267425684,4123753.571047349,1.0614323384360922,0.00002649
302486.81705536036,4123753.6147000897,1.0614323594854174,0.00002325
302486.8414364632,4123753.6583528314,1.0614323629824738,0.00002041
302486.8658175656,4123753.7020055726,1.0614323795102707,0.00001791
302486.89019866753,4123753.745658315,1.0614323837468018,0.00001572
302486.914579769,4123753.7893110565,1.061432399346021,0.00001379
302486.9389608701,4123753.832963799,1.0614324025705728,0.00001210
302486.96334197075,4123753.8766165413,1.0614324080116184,0.00001062
302486.98772307136,4123753.920269284,1.0614324111803244,0.00000932
302487.0121041718,4123753.9639220266,1.0614324195152312,0.00000818
302487.036485272,4123754.0075747697,1.0614324214110162,0.00000717
302487.06086637184,4123754.0512275123,1.0614324277511749,0.00000629
302487.0852474716,4123754.0948802554,1.0614324299992852,0.00000552
302487.1096285712,4123754.1385329985,1.0614324382881621,0.00000484
302487.1340096706,4123754.182185742,1.0614324392160948,0.00000425
302487.1583907697,4123754.225838485,1.0614324435767584,0.00000373
302487.1827718688,4123754.2694912287,1.0614324447603427,0.00000327
302487.2071529678,4123754.3131439723,1.0614324467506244,0.00000287
302487.2315340667,4123754.356796716,1.0614324487812405,0.00000251
302487.25591516553,4123754.4004494594,1.0614324436029534,0.00000220
302487.2802962644,4123754.4441022025,1.0614324457272037,0.00000193
302487.30467736337,4123754.487754946,1.0614324477645183,0.00000169
302487.32905846223,4123754.5314076897,1.0614324507630377,0.00000149
302487.3534395609,4123754.5750604332,1.0614324489818612,0.00000130
302487.3778206597,4123754.618713177,1.0614324479272512,0.00000114
302487.4022017586,4123754.6623659204,1.0614324507711743,0.00000100
302487.42658285727,4123754.706018664,1.0614324561931885,0.00000088
302487.4509639559,4123754.749671408,1.0614324521500225,0.00000077
302487.4753450545,4123754.7933241515,1.0614324500167618,0.00000067
302487.49972615327,4123754.836976895,1.061432451841201,0.00000059
302487.5241072519,4123754.8806296387,1.061432459143343,0.00000052
302487.54848835035,4123754.9242823827,1.06143245229753,0.00000045
302487.572869449,4123754.9679351263,1.0614324509896882,0.00000040
302487.59725054767,4123755.01158787,1.0614324518898475,0.00000035
302487.6216316463,4123755.0552406134,1.0614324538659576,0.00000031
302487.6460127448,4123755.098893357,1.0614324563479276,0.00000027
302487.67039384344,4123755.142546101,1.061432450226657,0.00000024
302487.6947749422,4123755.1861988446,1.061432452817247,0.00000021
302487.71915604075,4123755.229851588,1.0614324539123277,0.00000018
302487.74353713926,4123755.2735043317,1.0614324573157972,0.00000016
302487.76791823783,4123755.3171570757,1.0614324502750505,0.00000014
302487.7922993366,4123755.3608098193,1.0614324518541154,0.00000012
302487.8166804352,4123755.404462563,1.061432453864171,0.00000011
302487.8410615337,4123755.4481153064,1.0614324573133895,0.00000009
302487.8654426323,4123755.4917680505,1.0614324502749302,0.00000008
302487.88982373103,4123755.535420794,1.0614324518541094,0.00000007
302487.91420482966,4123755.5790735376,1.0614324538641708,0.00000006
302487.9385859282,4123755.622726281,1.0614324573133895,0.00000006
302487.96296702675,4123755.666379025,1.0614324512404814,0.00000005
302487.98734812543,4123755.710031769,1.061432451902387,0.00000004
302488.01172922406,4123755.7536845123,1.0614324538665847,0.00000004
302488.0361103226,4123755.797337256,1.061432456347959,0.00000003
302488.0604914212,4123755.84099,1.0614324511922097,0.00000003
302488.0848725199,4123755.8846427435,1.0614324509344222,0.00000002
302488.1092536186,4123755.928295487,1.0614324538181865,0.00000002
302488.1336347171,4123755.9719482306,1.0614324529968235,0.00000002
302488.15801581566,4123756.015600974,1.0614324553389198,0.00000001
302488.18239691434,4123756.0592537182,1.0614324521073089,0.00000001
302488.206778013,4123756.102906462,1.0614324538768307,0.00000001
302488.2311591115,4123756.1465592054,1.0614324529997556,0.00000001
302488.25554021006,4123756.190211949,1.0614324543735154,0.00000001
302488.2799213088,4123756.233864693,1.0614324520590388,0.00000001
302488.3043024074,4123756.2775174365,1.0614324538744173,0.00000000
302488.32868350594,4123756.32117018,1.0614324520340839,0.00000000
302488.35306460457,4123756.3648229237,1.061432450976516,0.00000001
302488.37744570326,4123756.4084756672,1.0614324571690066,0.00000000
302488.4018268018,4123756.4521284113,1.0614324541299156,0.00000000
302488.42620790034,4123756.495781155,1.06143245301241,0.00000000
302488.4505889989,4123756.5394338984,1.061432450059881,0.00000000
302488.47497009765,4123756.583086642,1.0614324561576238,0.00000000
302488.4993511963,4123756.626739386,1.0614324531137953,0.00000001
302488.52373229485,4123756.6703921296,1.061432452961604,0.00000001
302488.5481133934,4123756.714044873,1.061432451022892,0.00000001
302488.5724944921,4123756.7576976167,1.0614324552402232,0.00000000
302488.5968755908,4123756.8013503607,1.0614324549990277,0.00000000
302488.62125668925,4123756.8450031043,1.0614324530558656,0.00000000
302488.6456377878,4123756.888655848,1.061432451027605,0.00000000
302488.6700188865,4123756.9323085914,1.061432455240459,0.00000001
302488.6943999852,4123756.9759613355,1.0614324540334883,0.00000001
302488.7187810837,4123757.019614079,1.0614324530075885,0.00000001
302488.7431621823,4123757.0632668226,1.06143245005964,0.00000001
302488.767543281,4123757.106919566,1.061432451843345,0.00000001
302488.79192437965,4123757.1505723097,1.061432458177899,0.00000001
302488.81630547816,4123757.194225054,1.0614324541803604,0.00000002
302488.8406865767,4123757.2378777973,1.0614324501182786,0.00000002
302488.8650676754,4123757.281530541,1.061432451846277,0.00000003
302488.88944877405,4123757.3251832845,1.0614324572124947,0.00000003
302488.9138298726,4123757.3688360285,1.061432453166539,0.00000004
302488.9382109712,4123757.412488772,1.0614324510331388,0.00000004
302488.9625920699,4123757.4561415156,1.0614324509264688,0.00000005
302488.98697316856,4123757.499794259,1.0614324581320553,0.00000005
302489.0113542671,4123757.5434470032,1.0614324541780682,0.00000007
302489.0357353656,4123757.587099747,1.0614324510837152,0.00000008
302489.0601164643,4123757.6307524904,1.0614324509289976,0.00000009
302489.08449756296,4123757.674405234,1.0614324581321817,0.00000010
302489.1088786615,4123757.718057978,1.0614324532125232,0.00000012
302489.13325976004,4123757.7617107215,1.0614324500698868,0.00000014
302489.1576408588,4123757.805363465,1.0614324518438574,0.00000016
302489.1820219574,4123757.8490162087,1.0614324581779246,0.00000018
302489.2064030559,4123757.8926689527,1.0614324532148105,0.00000021
302489.2307841545,4123757.9363216963,1.0614324510355524,0.00000024
302489.2551652532,4123757.97997444,1.0614324518921405,0.00000027
302489.2795463518,4123758.0236271834,1.061432458180339,0.00000031
302489.3039274503,4123758.0672799274,1.061432453214931,0.00000036
302489.3283085489,4123758.110932671,1.0614324500700072,0.00000041
302489.35268964764,4123758.1545854146,1.0614324508783122,0.00000047
302489.3770707463,4123758.198238158,1.061432453815381,0.00000054
302489.40145184484,4123758.2418909017,1.061432458276501,0.00000061
302489.42583294335,4123758.2855436457,1.0614324532197392,0.00000070
302489.4502140419,4123758.3291963893,1.0614324510357986,0.00000080
302489.4745951406,4123758.372849133,1.061432451892153,0.00000092
302489.49897623924,4123758.4165018764,1.0614324581803396,0.00000105
302489.52335733775,4123758.4601546205,1.061432453214931,0.00000120
302489.5477384363,4123758.503807364,1.0614324510355584,0.00000137
302489.572119535,4123758.5474601076,1.0614324509265898,0.00000157
302489.5965006337,4123758.591112851,1.0614324581320613,0.00000179
302489.6208817322,4123758.634765595,1.0614324551436196,0.00000204
302489.64526283066,4123758.6784183388,1.061432452097544,0.00000234
302489.6696439293,4123758.7220710823,1.0614324572250582,0.00000267
302489.69402502786,4123758.7657238264,1.0614324560638204,0.00000304
302489.71840612625,4123758.80937657,1.0614324612855766,0.00000348
302489.7427872246,4123758.853029314,1.0614324543357443,0.00000397
302489.7671683231,4123758.8966820575,1.0614324592680702,0.00000453
302489.79154942156,4123758.9403348016,1.061432458097073,0.00000517
302489.81593051984,4123758.983987545,1.0614324633183414,0.00000589
302489.84031161806,4123759.027640289,1.0614324645449562,0.00000672
302489.8646927162,4123759.071293033,1.0614324684684915,0.00000767
302489.88907381415,4123759.114945777,1.0614324696302193,0.00000875
302489.913454912,4123759.1585985213,1.0614324735505105,0.00000997
302489.93783600966,4123759.2022512653,1.06143248481965,0.00001137
302489.9622171069,4123759.24590401,1.0614324882797606,0.00001297
302489.98659820395,4123759.2895567543,1.0614324995258906,0.00001478
302490.0109793006,4123759.3332094993,1.0614325058815044,0.00001685
302490.0353603969,4123759.376862244,1.0614325110270408,0.00001921
302490.0597414929,4123759.420514989,1.0614325204263402,0.00002190
302490.0841225886,4123759.4641677346,1.06143252475851,0.00002496
302490.1085036841,4123759.50782048,1.0614325336650792,0.00002844
302490.1328847791,4123759.5514732255,1.0614325601188617,0.00003241
302490.157265873,4123759.595125972,1.061432589381107,0.00003694
302490.18164696574,4123759.638778719,1.0614326130518978,0.00004209
302490.20602805715,4123759.6824314664,1.061432650351464,0.00004796
302490.23040914716,4123759.726084215,1.0614326806694891,0.00005464
302490.2547902357,4123759.7697369643,1.0614327231291725,0.00006225
302490.2791713226,4123759.813389715,1.061432756601858,0.00007092
302490.30355240783,4123759.857042466,1.061432803081479,0.00008079
302490.32793349115,4123759.9006952182,1.0614328396518165,0.00009203
302490.35231457266,4123759.944347971,1.0614328992905457,0.00010483
302490.37669565174,4123759.988000726,1.0614329793937225,0.00011941
302490.4010767272,4123760.0316534825,1.0614330754554506,0.00013600
302490.4254577984,4123760.0753062414,1.0614331804915738,0.00015490
302490.44983886514,4123760.118959003,1.0614332763823435,0.00017641
302490.47421992745,4123760.1626117667,1.0614333924830393,0.00020090
302490.49860098487,4123760.2062645336,1.0614335130043848,0.00022878
302490.5229820369,4123760.249917303,1.0614336703762814,0.00026051
302490.54736308195,4123760.2935700766,1.0614338517369455,0.00029663
302490.5717441191,4123760.3372228546,1.0614340439525665,0.00033773
302490.59612514783,4123760.3808756373,1.0614342805513624,0.00038450
302490.62050616625,4123760.424528426,1.0614345367492555,0.00043770
302490.6448871733,4123760.468181221,1.061434844526397,0.00049823
302490.66926816676,4123760.511834023,1.0614351837875995,0.00056706
302490.69364914537,4123760.5554868337,1.061435566532317,0.00064533
302490.7180301074,4123760.599139654,1.061436009836415,0.00073431
302490.74241104955,4123760.6427924847,1.0614365245382553,0.00083544
302490.7667919693,4123760.6864453284,1.061437107892564,0.00095033
302490.7911728635,4123760.7300981865,1.0614377636243033,0.00108083
302490.8155537288,4123760.7737510605,1.0614385203112693,0.00122898
302490.8399345608,4123760.817403953,1.0614393818270083,0.00139711
302490.8643153549,4123760.8610568666,1.0614403719289378,0.00158780
302490.8886961057,4123760.904709805,1.0614414894834168,0.00180395
302490.91307680716,4123760.94836277,1.0614427704881084,0.00204879
302490.93745745247,4123760.992015767,1.0614442327053746,0.00232593
302490.9618380335,4123761.0356687997,1.0614459020661753,0.00263935
302490.9862185412,4123761.0793218734,1.0614477957679163,0.00299343
302491.0105989658,4123761.1229749937,1.0614499498825254,0.00339299
302491.0349792956,4123761.1666281666,1.0614524235100042,0.00384331
302491.0593595169,4123761.2102814005,1.0614552403958237,0.00435009
302491.0837396143,4123761.2539347033,1.0614584291530265,0.00491945
302491.10811957164,4123761.2975880844,1.061462081851475,0.00555796
302491.13249936834,4123761.341241555,1.0614662348342905,0.00627250
302491.1568789829,4123761.3848951277,1.0614709763059835,0.00707027
302491.1812583889,4123761.4285488166,1.0614763872221724,0.00795866
302491.20563755714,4123761.472202638,1.061482558859234,0.00894513
302491.2300164544,4123761.5158566115,1.06148955609838,0.01003703
302491.2543950442,4123761.5595107563,1.0614975565786022,0.01124149
302491.2787732825,4123761.6031650975,1.0615066516452467,0.01256515
302491.3031511212,4123761.646819662,1.0615170203230335,0.01402590
302491.32752850425,4123761.6904744804,1.0615288291541465,0.01562290
302491.35190536844,4123761.7341295886,1.0615422816516347,0.01735681
302491.37628164166,4123761.777785027,1.0615576217376983,0.01923057
302491.40065724106,4123761.821440842,1.0615750684459384,0.02124678
302491.4250320737,4123761.8650970845,1.061594956986899,0.02340785
302491.4494060325,4123761.908753815,1.0616176164697506,0.02571600
302491.4737789958,4123761.9524111017,1.0616434118134814,0.02817322
302491.4981508258,4123761.996069021,1.0616727825372207,0.03079351
302491.522521365,4123762.0397276604,1.061706235359843,0.03358625
302491.54689043463,4123762.0833871206,1.0617443355370717,0.03653229
302491.57125782996,4123762.127047515,1.0617877233447701,0.03963053
302491.5956233188,4123762.1707089734,1.0618371205153945,0.04287978
302491.61998663703,4123762.214371643,1.0618933959587993,0.04627894
302491.64434748224,4123762.2580356924,1.0619574943733496,0.04982825
302491.66870551073,4123762.3017013134,1.062030455856395,0.05356110
302491.69306033297,4123762.345368723,1.0621135200161058,0.05744098
302491.7174115045,4123762.389038168,1.0622081035348505,0.06146609
302491.74175851914,4123762.432709931,1.062315796970468,0.06563452
302491.7661008003,4123762.4763843324,1.0624384110287637,0.06994430
302491.7904376919,4123762.5200617374,1.0625779713816346,0.07439914
302491.81476844853,4123762.56374256,1.0627368473734264,0.07902046
302491.8390922208,4123762.6074272725,1.062917695641001,0.08377545
302491.86340804177,4123762.651116411,1.0631235147517282,0.08866117
302491.8877148127,4123762.6948105856,1.0633577460527492,0.09367395
302491.9120112831,4123762.7385104885,1.063624248769271,0.09880937
302491.93629603216,4123762.782216906,1.0639274567777988,0.10407144
302491.9605674435,4123762.825930732,1.064272381290719,0.10946378
302491.98482367944,4123762.86965298,1.064664688022038,0.11495876
302492.00906265195,4123762.9133848012,1.0651107788609842,0.12054989
302492.03328198957,4123762.957127499,1.0656179372665049,0.12623025
302492.0574789991,4123763.000882552,1.0661943435748342,0.13199245
302492.08165062405,4123763.0446516327,1.066849297246052,0.13783633
302492.10579339595,4123763.0884366347,1.0675932243424764,0.14375521
302492.12990338315,4123763.132239698,1.0684378825498457,0.14972503
302492.1539761302,4123763.176063237,1.0693964783549785,0.15573559
302492.178006594,4123763.2199099753,1.0704838429749282,0.16177634
302492.2019890682,4123763.263782979,1.0717165400670614,0.16783642
302492.2259171055,4123763.307685694,1.0731130495771026,0.17390852
302492.24978342897,4123763.351621986,1.0746939492717318,0.17998089
302492.2735798357,4123763.3955961815,1.0764819920609714,0.18603458
302492.29729709495,4123763.439613111,1.078502278633244,0.19205781
302492.3209248381,4123763.4836781505,1.0807823591439436,0.19803849
302492.34445144143,4123763.527797264,1.0833522393979735,0.20396417
302492.36786390835,4123763.5719770417,1.08624437853894,0.20982235
302492.39114774717,4123763.6162247304,1.0894936037272032,0.21559879
302492.41428685264,4123763.6605482614,1.0931368079898733,0.22127775
302492.43726339476,4123763.7049562563,1.0972126351568008,0.22684538
302492.4600577222,4123763.7494580266,1.1017608192189874,0.23228736
302492.48264828837,4123763.794063541,1.106821378998432,0.23758901
302492.5050116131,4123763.8387833713,1.112433504106126,0.24273526
302492.5271222897,4123763.8836285993,1.1186341510540563,0.24770678
302492.54895305523,4123763.9286106895,1.1254562385707987,0.25248805
302492.57047493994,4123763.9737413097,1.132926588877817,0.25706535
302492.59165751335,4123764.01903211,1.1410635258880848,0.26142305
302492.6124692436,4123764.064494451,1.1498743256569155,0.26554560
302492.6328779818,4123764.1101390924,1.1593526586050684,0.26941781
302492.6528515757,4123764.1559758494,1.16947629826414,0.27302511
302492.6723586031,4123764.202013234,1.1802054800203599,0.27634919
302492.69136920164,4123764.248258113,1.1925036090783396,0.27937538
302492.70980584435,4123764.2947348836,1.2048131960286108,0.28207994
302492.7276688484,4123764.3414347763,1.217182782707234,0.28446617
302492.7449525465,4123764.3883517026,1.2298127399851924,0.28653541
302492.76164155133,4123764.435483047,1.2426824617148426,0.28828541
302492.7777219428,4123764.4828252224,1.255772678409328,0.28971460
302492.7931806828,4123764.5303739486,1.2690668888025403,0.29082165
302492.80800550635,4123764.578124352,1.2825453843349632,0.29160087
302492.82218511024,4123764.626070961,1.2972436802558516,0.29205004
302492.83565554884,4123764.6742222565,1.31282317714022,0.29215284
302492.84837185644,4123764.7225777307,1.3267904507634896,0.29189443
302492.86041546,4123764.7711042296,1.3405813306135808,0.29130786
302492.8717890698,4123764.8197916728,1.354262697609356,0.29039565
302492.88249581883,4123764.868630155,1.3678438522886103,0.28916024
302492.89253869385,4123764.9176100595,1.3893682098444868,0.28760365
302492.90191457496,4123764.9667231212,1.404705151945477,0.28572514
302492.91047006694,4123765.015985671,1.4180775290573948,0.28346507
302492.9183672548,4123765.0653569093,1.4312062021576053,0.28088012
302492.9256123312,4123765.11482754,1.4441759047432199,0.27797676
302492.9322118086,4123765.164388514,1.4572436061286609,0.27475524
302492.9381722739,4123765.214031037,1.477776234495275,0.27121530
302492.94347400434,4123765.263749159,1.4913799379408352,0.26734606
302492.9480152489,4123765.3135423013,1.5091315674360481,0.26310446
302492.95194277033,4123765.3633867037,1.5270627214592314,0.25854278
302492.95526608167,4123765.4132747124,1.5441187350752523,0.25366060
302492.95799761184,4123765.4631988294,1.555285487544884,0.24845881
302492.96015254984,4123765.5131517737,1.5657244002510418,0.24293990
302492.9617063461,4123765.563127625,1.5756552849711607,0.23709153
302492.9626352957,4123765.613118733,1.5849631490665284,0.23089740
302492.96305876947,4123765.663116159,1.5937219045039746,0.22440806
302492.9629976553,4123765.7131152367,1.6019095149604088,0.21763134
302492.96247358003,4123765.7631118027,1.6095018036897368,0.21057538
302492.96150908794,4123765.813102204,1.6164782463331602,0.20324903
302492.9600920845,4123765.8630821207,1.6227661862797345,0.19564723
302492.9582390103,4123765.913047614,1.62832217697105,0.18777671
302492.95604425966,4123765.9629990617,1.63325312643338,0.17967700
302492.9535369427,4123766.012935805,1.6375769056548979,0.17136134
302492.95074602,4123766.0628576195,1.6413081334437667,0.16284332
302492.9477001385,4123766.1127646756,1.6444616991895817,0.15413684
302492.9444098128,4123766.1626562956,1.6470002991984578,0.14524849
302492.94090395083,4123766.212533195,1.648924023922803,0.13619060
302492.93724234664,4123766.2623988693,1.6503179234871255,0.12699142
302492.93345005927,4123766.3122547925,1.6511942112361706,0.11766759
302492.9295516198,4123766.3621025556,1.6515598393303814,0.10823377
302492.9255711125,4123766.4119438534,1.6514202013403216,0.09870510
302492.9215309461,4123766.4617803562,1.6507755943253906,0.08909679
302492.91745930666,4123766.511614298,1.6495861593226704,0.07942762
302492.91338912037,4123766.5614483585,1.6478841464213998,0.06971935
302492.9093428993,4123766.6112843663,1.6457014743189837,0.05998976
302492.9053431507,4123766.6611241167,1.6430417529871344,0.05025704
302492.90141235763,4123766.7109693447,1.6399068501157181,0.04053953
302492.89757292136,4123766.7608217024,1.6362986557340338,0.03085163
302492.8938656071,4123766.810684071,1.6322786543228731,0.02121928
302492.890312609,4123766.860557644,1.6277839379540942,0.01166425
302492.8869269484,4123766.910442801,1.622754446272475,0.00220003
302492.8837305605,4123766.960340389,1.6173073478971212,0.00715626
302492.88074546686,4123767.010251028,1.6114951882291773,0.01638785
302492.87799357896,4123767.060175077,1.6053783754383484,0.02547845
302492.87549640506,4123767.1101125926,1.5990243417516223,0.03441243
302492.8732970273,4123767.1600641967,1.592574202821105,0.04316497
302492.8714265008,4123767.210029122,1.5861372145076345,0.05171707
302492.8698689073,4123767.2600046257,1.5796049161104049,0.06006896
302492.8686315751,4123767.309988984,1.5729852999449283,0.06821428
302492.8677181988,4123767.3599802805,1.566383358592795,0.07615072
302492.86712995375,4123767.4099764936,1.5598127617217523,0.08387807
302492.86686642375,4123767.4599755635,1.553280065804722,0.09139774
302492.866926339,4123767.5099754315,1.5467940434693328,0.09871215
302492.8673296723,4123767.5599738043,1.5404356449264323,0.10581482
302492.8680794412,4123767.609968108,1.534238032526706,0.11270686
302492.8691462281,4123767.659956522,1.5281294583362002,0.11939149
302492.870528469,4123767.7099371296,1.5249094608406728,0.12586252
302492.872223814,4123767.759908066,1.519070389883554,0.13213887
302492.8742282517,4123767.8098675744,1.5159442373980168,0.13822126
302492.87653625995,4123767.8598140283,1.510141115730157,0.14411475
302492.87914160854,4123767.9097459284,1.504307777202376,0.14981292
302492.88203801605,4123767.9596618814,1.5012184036951215,0.15531298
302492.8852257617,4123768.009560161,1.4956309461902089,0.16057762
302492.88872055284,4123768.059437857,1.490133223488625,0.16562988
302492.89249048894,4123768.1092954245,1.4846480809317952,0.17047984
302492.8965338055,4123768.159131506,1.4791508552110582,0.17512493
302492.90085000306,4123768.208944655,1.4736248201549897,0.17956226
302492.9054397089,4123768.2587333256,1.4707177741833395,0.18378314
302492.910304407,4123768.308495874,1.4652670435698147,0.18776147
302492.9154460055,4123768.3582305866,1.4596641137605664,0.19152372
302492.9208662018,4123768.4079357386,1.4540610844358726,0.19506779
302492.92656559084,4123768.457609701,1.4485250769214177,0.19839291
302492.9325424482,4123768.5072511085,1.4429010933065032,0.20150014
302492.9387911349,4123768.556859106,1.4374390045113405,0.20438399
302492.94532643683,4123768.606430164,1.4323989114514726,0.20703083
302492.95211581513,4123768.655967003,1.4275658844650772,0.20947720
302492.95914824883,4123768.7054698793,1.422898031108425,0.21173004
302492.9664150402,4123768.7549388707,1.4183724168082716,0.21379566
302492.97390843986,4123768.804374031,1.4139622049168787,0.21568035
302492.9816219405,4123768.8537753234,1.4096370588234477,0.21738264
302492.98955048237,4123768.9031425626,1.4053644486526429,0.21890667
302492.9976905849,4123768.9524753685,1.4011108252794071,0.22027273
302493.00604041736,4123769.001773124,1.3968426872561508,0.22148668
302493.0145998141,4123769.051034947,1.3925275755533202,0.22255377
302493.02337024035,4123769.1002596663,1.3880270119991438,0.22347863
302493.0323547092,4123769.14944581,1.3832912070283065,0.22426148
302493.04156882374,4123769.1985894777,1.3785071345551076,0.22490142
302493.05101997027,4123769.2476880834,1.3736848625045595,0.22540760
302493.06070410315,4123769.2967412123,1.368716801492675,0.22578654
302493.0706285128,4123769.345746242,1.3660693734461158,0.22604001
302493.08080028975,4123769.3947004806,1.361013955928087,0.22616986
302493.0912256109,4123769.44360132,1.3557479189732793,0.22617796
302493.1019088388,4123769.4924464514,1.3504085045600143,0.22606822
302493.1128529075,4123769.541233809,1.3450106381505633,0.22584619
302493.12406031933,4123769.5899613746,1.3395491664292676,0.22551537
302493.13553386164,4123769.6386270165,1.3340081289541803,0.22507916
302493.1472771066,4123769.6872283635,1.328023043072465,0.22454065
302493.1593121696,4123769.735758326,1.3218424400143403,0.22389519
302493.17164743016,4123769.7842127974,1.3158175776499612,0.22314775
302493.18427397375,4123769.8325920743,1.3096079312719007,0.22230651
302493.19720113627,4123769.8808917985,1.3031750342089365,0.22137005
302493.2104392835,4123769.929107139,1.2965022360208769,0.22033843
302493.2239994599,4123769.977232855,1.2895833691388026,0.21921137
302493.23789290455,4123770.025263412,1.2824253986694514,0.21798846
302493.2521304077,4123770.0731931548,1.2750525495163227,0.21666931
302493.2667214725,4123770.1210165652,1.267508717159032,0.21525867
302493.2816733716,4123770.168728574,1.259064315834947,0.21375956
302493.29702990275,4123770.216311943,1.2509166922238792,0.21214923
302493.31277281966,4123770.2637687083,1.2428230174018526,0.21043624
302493.3288991256,4123770.3110963833,1.2345199329879846,0.20862191
302493.34541831154,4123770.3582882183,1.225963796095186,0.20670159
302493.36234126147,4123770.4053366706,1.2171288601948738,0.20466956
302493.37967988505,4123770.4522334705,1.2080053639778905,0.20251938
302493.3974463528,4123770.49896986,1.1986108621463578,0.20024893
302493.4156517783,4123770.545537071,1.1890072903784183,0.19785275
302493.4343041195,4123770.5919271945,1.1793250970282756,0.19531964
302493.45340498694,4123770.6381346127,1.1697793758407307,0.19264708
302493.4729457926,4123770.6841578847,1.1605363853025277,0.18983692
302493.49291047716,4123770.7299990277,1.151283654046999,0.18689401
302493.51329848415,4123770.7756534815,1.1430191035297346,0.18381593
302493.5340606998,4123770.8211388756,1.1353597415065906,0.18062227
302493.55516922486,4123770.8664645334,1.1282649361090231,0.17732331
302493.5765974406,4123770.911639907,1.1217360188309509,0.17393041
302493.5983188022,4123770.956675062,1.1157640236625896,0.17045848
302493.62030741316,4123771.001580349,1.1103302114200508,0.16691198
302493.64253844443,4123771.0463661375,1.1054087487395212,0.16330162
302493.66498842137,4123771.091042598,1.1009691475125396,0.15963802
302493.6876354005,4123771.135619541,1.0969781620865147,0.15593146
302493.7104590628,4123771.1801063013,1.0934013200845183,0.15219184
302493.73344074,4123771.224511655,1.0902040913890265,0.14842853
302493.75656339416,4123771.2688437784,1.087352746286478,0.14465020
302493.7798115599,4123771.3131102244,1.0848149476334068,0.14086461
302493.8031712648,4123771.3573179226,1.0825601369841522,0.13707843
302493.82662993623,4123771.401473193,1.0805597743009983,0.13329681
302493.8501762992,4123771.4455817696,1.0787874650368738,0.12952890
302493.87380027265,4123771.4896488334,1.0772190102178851,0.12577280
302493.89749286365,4123771.5336790476,1.07583233837014,0.12203086
302493.92124606785,4123771.5776765957,1.074607428645315,0.11830550
302493.94505277387,4123771.6216452196,1.0735262336157176,0.11459892
302493.9689066733,4123771.6655882606,1.072572503893394,0.11091322
302493.9928021776,4123771.709508693,1.0717316949572375,0.10725047
302494.0167343418,4123771.753409161,1.070990799440079,0.10361278
302494.04069879476,4123771.797292013,1.0703382251096178,0.10000233
302494.0646916758,4123771.8411593293,1.0697636658623777,0.09642144
302494.0887095776,4123771.885012952,1.0692579436580603,0.09287254
302494.1127494953,4123771.92885451,1.068812947099042,0.08935821
302494.1368087802,4123771.9726854437,1.0684214823019338,0.08588367
302494.16088509787,4123772.016507023,1.0680771941506133,0.08245212
302494.18497639283,4123772.060320371,1.0677744378036764,0.07906405
302494.2090808558,4123772.1041264758,1.067508244869809,0.07572233
302494.2331968945,4123772.147926209,1.0672742422712922,0.07242970
302494.25732310774,4123772.191720339,1.0670685564834324,0.06918854
302494.2814582629,4123772.2355095414,1.0668877868882967,0.06600075
302494.30560127617,4123772.279294412,1.0667289107542186,0.06286780
302494.329751195,4123772.3230754742,1.0665893031901545,0.05979100
302494.3539071815,4123772.366853189,1.0664666256314623,0.05677161
302494.37806849915,4123772.4106279616,1.0663588556561943,0.05381105
302494.4022345001,4123772.454400149,1.0662641697260862,0.05091486
302494.4264046153,4123772.4981700648,1.0661809847581365,0.04808545
302494.45057834504,4123772.5419379845,1.066107905012055,0.04532122
302494.47475524986,4123772.58570415,1.0660437254191142,0.04262470
302494.4989349433,4123772.629468776,1.065987332885002,0.03999861
302494.5231170865,4123772.6732320474,1.0659377967581065,0.03744582
302494.5473013817,4123772.7169941296,1.0658942983729327,0.03496920
302494.57148756675,4123772.760755168,1.0658560893631666,0.03257152
302494.5956754117,4123772.8045152887,1.065822518310952,0.03025525
302494.6198647148,4123772.848274603,1.0657930377387272,0.02802235
302494.6440552986,4123772.8920332096,1.0657671427064341,0.02588323
302494.66824700736,4123772.9357911944,1.0657443916359788,0.02383399
302494.69243970426,4123772.9795486326,1.0657244138303152,0.02187422
302494.71663326904,4123773.023305591,1.065706875602878,0.02000642
302494.74082759576,4123773.067062129,1.0656914823048707,0.01823344
302494.7650225908,4123773.110818296,1.065677959184373,0.01655839
302494.7892181734,4123773.154574139,1.0656660868315915,0.01498450
302494.8134142718,4123773.198329697,1.065655643206369,0.01351476
302494.8376108238,4123773.2420850038,1.065646474968215,0.01215148
302494.861807774,4123773.2858400904,1.0656384337370381,0.01089547
302494.8860050734,4123773.3295949837,1.0656313746946606,0.00974513
302494.9102026794,4123773.3733497076,1.0656251754606174,0.00869704
302494.93440055463,4123773.4171042824,1.065619732460823,0.00775150
302494.9585986665,4123773.460858727,1.0656149505397683,0.00689703
302494.98279698595,4123773.5046130563,1.0656107540259052,0.00612713
302495.00699548755,4123773.5483672847,1.06560707112543,0.00543559
302495.0311941491,4123773.5921214246,1.0656038379808626,0.00481615
302495.0553929513,4123773.6358754872,1.065600982156629,0.00426263
302495.0795918774,4123773.679629481,1.065598487303571,0.00376910
302495.103790912,4123773.723383415,1.0655962940071193,0.00332987
302495.1279900417,4123773.767137296,1.065594380762575,0.00293964
302495.1521892546,4123773.8108911314,1.0655926999218674,0.00259343
302495.1763885404,4123773.8546449263,1.065591229746837,0.00228668
302495.20058789005,4123773.8983986857,1.0655899267138798,0.00201520
302495.2247872964,4123773.942152414,1.0655887742758765,0.00177517
302495.24898675265,4123773.9859061143,1.065587772427442,0.00156312
302495.27318625257,4123774.029659791,1.06558690154744,0.00137594
302495.29738579027,4123774.0734134465,1.0655861234680326,0.00121082
302495.32158536185,4123774.1171670835,1.0655854407087253,0.00106523
302495.3457849629,4123774.160920704,1.0655848633385951,0.00093694
302495.3699845891,4123774.2046743105,1.0655843510946885,0.00082394
302495.39418423746,4123774.2484279047,1.065583881083679,0.00072444
302495.41838390636,4123774.2921814877,1.0655834734521028,0.00063686
302495.44258359296,4123774.335935061,1.0655831296183265,0.00055979
302495.4667832946,4123774.379688626,1.0655828189756573,0.00049199
302495.4909830096,4123774.4234421835,1.0655825509047028,0.00043236
302495.5151827361,4123774.4671957344,1.0655823070756134,0.00037992
302495.5393824734,4123774.5109492796,1.0655821078630767,0.00033382
302495.56358221936,4123774.5547028203,1.0655819143414353,0.00029329
302495.58778197353,4123774.5984563557,1.0655817474997993,0.00025766
302495.6119817351,4123774.6422098875,1.0655816124044162,0.00022635
302495.6361815025,4123774.685963416,1.0655814918885498,0.00019883
302495.6603812752,4123774.7297169417,1.065581380811682,0.00017464
302495.6845810526,4123774.7734704646,1.065581275456727,0.00015340
302495.7087808348,4123774.817223985,1.0655811829690107,0.00013473
302495.73298062093,4123774.8609775035,1.0655811079879813,0.00011832
302495.75718041026,4123774.90473102,1.0655810517133926,0.00010391
302495.781380202,4123774.948484535,1.0655809983096853,0.00009125
302495.80557999597,4123774.9922380485,1.0655809551383877,0.00008013
302495.8297797919,4123775.035991561,1.0655809124787108,0.00007036
302495.8539795897,4123775.079745073,1.065580874683515,0.00006177
302495.87817938917,4123775.1234985837,1.0655808342282032,0.00005423
302495.90237919043,4123775.1672520936,1.0655808004143454,0.00004760
302495.9265789931,4123775.2110056025,1.0655807731503069,0.00004178
302495.95077879704,4123775.254759111,1.0655807428993527,0.00003666
302495.9749786022,4123775.2985126185,1.065580720652359,0.00003216
302495.99917840835,4123775.3422661256,1.0655807046122432,0.00002821
302496.02337821515,4123775.386019632,1.0655806999391177,0.00002473
302496.0475780222,4123775.429773139,1.065580693898782,0.00002168
302496.07177782955,4123775.4735266455,1.0655806825401186,0.00001899
302496.09597763733,4123775.5172801516,1.065580678101066,0.00001662
302496.12017744535,4123775.5610336578,1.0655806677902464,0.00001453
302496.1443772537,4123775.6047871634,1.0655806595324662,0.00001269
302496.16857706255,4123775.648540669,1.06558065193405,0.00001107
302496.19277687155,4123775.6922941743,1.0655806490618576,0.00000963
302496.21697668097,4123775.73604768,1.0655806355149735,0.00000835
302496.2411764907,4123775.779801185,1.0655806362164773,0.00000722
302496.26537630055,4123775.82355469,1.0655806280982452,0.00000621
302496.28957611066,4123775.8673081947,1.0655806267245536,0.00000531
302496.31377592083,4123775.9110616995,1.0655806309380567,0.00000449
302496.337975731,4123775.9548152047,1.0655806258987646,0.00000375
302496.36217554123,4123775.9985687095,1.0655806256468,0.00000308
302496.38637535146,4123776.042322214,1.0655806246664214,0.00000246
302496.41057516175,4123776.086075719,1.0655806246174027,0.00000188
302496.43477497203,4123776.1298292237,1.0655806236471719,0.00000133
302496.4589747824,4123776.1735827285,1.0655806235986602,0.00000081
302496.4831745927,4123776.2173362332,1.0655806226284548,0.00000029
302496.5073744031,4123776.261089738,1.0655806235477243,0.00000021
302496.53157421347,4123776.3048432427,1.065580623593688,0.00000072
302496.5557740238,4123776.3485967475,1.0655806235959862,0.00000124
302496.57997383416,4123776.3923502523,1.0655806245638808,0.00000179
302496.60417364445,4123776.436103757,1.0655806288944631,0.00000236
302496.62837345473,4123776.479857262,1.0655806257965847,0.00000297
302496.65257326496,4123776.523610767,1.0655806256416909,0.00000364
302496.6767730752,4123776.5673642717,1.0655806295050656,0.00000436
302496.7009728852,4123776.6111177765,1.065580633980422,0.00000516
302496.7251726952,4123776.6548712817,1.0655806390430893,0.00000605
302496.7493725049,4123776.698624787,1.0655806421995622,0.00000704
302496.7735723144,4123776.742378292,1.0655806433251658,0.00000814
302496.7977721239,4123776.7861317974,1.0655806491881252,0.00000939
302496.821971933,4123776.8298853026,1.0655806595701403,0.00001079
302496.8461717418,4123776.8736388083,1.0655806629925808,0.00001238
302496.8703715504,4123776.917392314,1.0655806742203493,0.00001418
302496.89457135857,4123776.96114582,1.065580680588417,0.00001621
302496.9187711664,4123777.0048993262,1.0655806857457202,0.00001852
302496.94297097396,4123777.0486528324,1.0655806879391452,0.00002115
302496.9671707814,4123777.0924063385,1.065580699105463,0.00002413
302496.9913705884,4123777.136159845,1.065580714591545,0.00002752
302497.0155703948,4123777.1799133522,1.065580732229175,0.00003137
302497.03977020044,4123777.22366686,1.0655807615877422,0.00003575
302497.0639700046,4123777.267420368,1.0655807958145425,0.00004074
302497.08816980734,4123777.3111738767,1.0655808302847545,0.00004641
302497.1123696086,4123777.3549273866,1.065580864767137,0.00005286
302497.1365694084,4123777.3986808974,1.0655808959357222,0.00006020
302497.1607692067,4123777.4424344087,1.0655809341241436,0.00006856
302497.1849690033,4123777.486187921,1.0655809769457416,0.00007806
302497.20916879823,4123777.5299414345,1.065581016273529,0.00008888
302497.2333685912,4123777.5736949486,1.065581097717647,0.00010119
302497.2575683806,4123777.617448465,1.0655811789209575,0.00011520
302497.28176816646,4123777.661201983,1.0655812711688721,0.00013113
302497.3059679483,4123777.704955504,1.0655813639690168,0.00014926
302497.3301677261,4123777.7487090267,1.0655814635712346,0.00016988
302497.3543674995,4123777.792462552,1.0655815842480039,0.00019333
302497.37856726744,4123777.83621608,1.0655817300273474,0.00022000
302497.40276702907,4123777.8799696118,1.0655818877074044,0.00025033
302497.4269667837,4123777.9237231473,1.065582059942481,0.00028479
302497.4511665308,4123777.967476687,1.065582263728616,0.00032396
302497.47536626895,4123778.0112302317,1.06558248885897,0.00036845
302497.4995659973,4123778.054983782,1.0655827464365732,0.00041899
302497.52376571414,4123778.0987373386,1.0655830484842648,0.00047636
302497.54796541773,4123778.1424909024,1.0655833841355042,0.00054146
302497.5721651064,4123778.1862444743,1.0655837715001513,0.00061529
302497.59636477823,4123778.229998056,1.0655842092828038,0.00069897
302497.62056443054,4123778.2737516477,1.0655847126117743,0.00079375
302497.64476406085,4123778.317505252,1.065585280453627,0.00090103
302497.66896366625,4123778.3612588705,1.0655859422011933,0.00102232
302497.6931632423,4123778.4050125047,1.0655866861861796,0.00115932
302497.71736278565,4123778.448766157,1.065587537398526,0.00131388
302497.74156229163,4123778.4925198304,1.0655885024834344,0.00148798
302497.765761755,4123778.536273527,1.065589595176353,0.00168379
302497.78996117023,4123778.58002725,1.0655908508584655,0.00190359
302497.8141605302,4123778.623781004,1.0655922838800325,0.00214978
302497.8383598271,4123778.667534793,1.0655938988297264,0.00242483
302497.8625590528,4123778.7112886207,1.0655957440345034,0.00273122
302497.8867581974,4123778.755042494,1.0655978528799093,0.00307135
302497.910957249,4123778.798796418,1.0656002664225948,0.00344744
302497.9351561945,4123778.8425504016,1.0656029955715354,0.00386137
302497.9593550197,4123778.886304451,1.065606101961791,0.00431445
302497.98355370795,4123778.930058576,1.0656096652492506,0.00480755
302498.0077522394,4123778.9738127883,1.065613709740339,0.00534110
302498.03195059294,4123779.017567099,1.0656183094996716,0.00591207
302498.0561487438,4123779.0613215216,1.0656235558611498,0.00651850
302498.0803466635,4123779.105076072,1.0656295319010523,0.00715829
302498.10454432014,4123779.1488307677,1.065636331485782,0.00782934
302498.1287416775,4123779.1925856294,1.065644055796183,0.00852962
302498.1529386945,4123779.2363406788,1.065652870634661,0.00925727
302498.1771353236,4123779.2800959432,1.0656628944754267,0.01001062
302498.20133151097,4123779.3238514513,1.065674310290774,0.01078818
302498.2255271959,4123779.367607238,1.0656873077706215,0.01158873
302498.2497223083,4123779.4113633404,1.065702114506195,0.01241124
302498.27391676884,4123779.455119804,1.0657189623629961,0.01325493
302498.29811048723,4123779.4988766774,1.065738154300115,0.01411922
302498.32230336056,4123779.542634018,1.065759998653934,0.01500376
302498.3464952719,4123779.586391891,1.0657848626233368,0.01590839
302498.3706860883,4123779.630150369,1.0658131872649936,0.01683313
302498.3948756573,4123779.6739095366,1.0658454312879049,0.01777909
302498.41906380636,4123779.7176694893,1.0658821151120088,0.01874662
302498.44325033977,4123779.7614303348,1.0659238772295432,0.01973539
302498.46743503393,4123779.8051921967,1.065971420520286,0.02074594
302498.4916176342,4123779.848955216,1.0660255315273521,0.02177879
302498.51579785126,4123779.892719552,1.0660871027166325,0.02283438
302498.53997535637,4123779.936485386,1.0661571782143495,0.02391296
302498.5641497751,4123779.9802529253,1.066236922837809,0.02501443
302498.58832068095,4123780.024022404,1.066327668411802,0.02613816
302498.61248758977,4123780.0677940906,1.0664308916191954,0.02728295
302498.6366499513,4123780.111568287,1.0665483313479156,0.02844728
302498.66080713907,4123780.155345339,1.066681909514291,0.02962934
302498.6849584418,4123780.1991256378,1.0668337986753307,0.03082722
302498.7091030522,4123780.2429096275,1.0670065033395155,0.03203888
302498.73324005253,4123780.286697813,1.0672028382213015,0.03326311
302498.7573684009,4123780.3304907666,1.0674259692110726,0.03449712
302498.7814869153,4123780.374289137,1.0676794922085089,0.03573843
302498.80559425475,4123780.4180936585,1.0679674593325579,0.03698498
302498.8296888995,4123780.461905164,1.0682944137601162,0.03823470
302498.8537691288,4123780.505724595,1.068665445962846,0.03948551
302498.877832996,4123780.5495530125,1.0690863154977006,0.04073530
302498.9018783,4123780.593391617,1.069563437784307,0.04198192
302498.92590255477,4123780.6372417593,1.0701039593902888,0.04322314
302498.94990295754,4123780.681104961,1.0707158419384195,0.04445670
302498.9738763518,4123780.7249829294,1.0714078582772715,0.04568019
302498.9978191904,4123780.7688775775,1.0721897036893955,0.04689115
302499.0217274947,4123780.812791044,1.0730719637398758,0.04808694
302499.045596814,4123780.856725712,1.0740661332855643,0.04926488
302499.0694221834,4123780.9006842272,1.075184586560492,0.05042208
302499.0931980838,4123780.9446695168,1.0764404744862892,0.05155544
302499.11691840563,4123780.9886848014,1.0778475757984904,0.05266187
302499.1405764182,4123781.0327336052,1.0794200519152903,0.05373822
302499.16416475066,4123781.076819759,1.081172070870976,0.05478118
302499.18767538865,4123781.1209473913,1.083117262550426,0.05578730
302499.21109969483,4123781.165120908,1.0852679824597717,0.05675296
302499.23442846176,4123781.2093449505,1.0876343831749018,0.05767438
302499.25765200745,4123781.253624335,1.0902230283400693,0.05854765
302499.2807603317,4123781.297963956,1.0930352257609952,0.05936884
302499.3037433497,4123781.3423686554,1.096064840203677,0.06013406
302499.32659122476,4123781.386843043,1.0992954564533142,0.06083967
302499.3492948314,4123781.431391254,1.1026969350902074,0.06148337
302499.3718463792,4123781.4760166425,1.1062209611867868,0.06206231
302499.39424024324,4123781.520721381,1.109824175848833,0.06257516
302499.41647270025,4123781.5655066227,1.11347158698198,0.06302178
302499.4385415539,4123781.610372706,1.1168606702647013,0.06340284
302499.4604588312,4123781.655313014,1.1200714355265564,0.06372608
302499.48223212105,4123781.7003232483,1.1230946824378596,0.06399704
302499.5038696763,4123781.745398883,1.1259294065921273,0.06422160
302499.5253798142,4123781.790535456,1.1285833768164972,0.06440559
302499.546770515,4123781.8357287534,1.13107017144662,0.06455454
302499.5680491617,4123781.8809749186,1.1334070171400543,0.06467345
302499.5892223752,4123781.9262705194,1.1356132622361652,0.06476654
302499.61029591697,4123781.971612581,1.1377093182579674,0.06483707
302499.63127463753,4123782.0169985956,1.1397160201913576,0.06488957
302499.65216245473,4123782.0624265214,1.141654120913489,0.06492365
302499.67296235444,4123782.1078947727,1.1435439599354316,0.06494045
302499.6936764067,4123782.1534022023,1.1454051943891561,0.06494078
302499.7143057933,4123782.1989480793,1.1472565896419449,0.06492509
302499.73485084693,4123782.2445320655,1.1491157442871947,0.06489355
302499.7553111013,4123782.2901541833,1.1510779910968698,0.06484613
302499.7756815482,4123782.335816475,1.1530812126786911,0.06478078
302499.7959603823,4123782.3815195216,1.1550681015896929,0.06469724
302499.81614840584,4123782.4272627453,1.1571100319380618,0.06459669
302499.8362428474,4123782.473047148,1.1592114101174391,0.06447885
302499.85624088807,4123782.5188737316,1.1613664897124658,0.06434363
302499.8761399906,4123782.5647433572,1.1635598754030292,0.06419126
302499.8959383416,4123782.6106565557,1.1657635151945085,0.06402255
302499.9156354436,4123782.6566132815,1.167932519001175,0.06384055
302499.935232904,4123782.702612589,1.1700207277010701,0.06364781
302499.9547344635,4123782.748652642,1.1719973644932864,0.06344684
302499.9741452538,4123782.794731045,1.1738437493808564,0.06324177
302499.9934712514,4123782.8408450834,1.1755500360338043,0.06303675
302500.0127188798,4123782.886991894,1.1771126901508915,0.06283550
302500.03189472435,4123782.9331685854,1.1786045398016807,0.06264136
302500.0510018317,4123782.9793737633,1.1799007803685135,0.06245580
302500.070049505,4123783.0256034713,1.1810280214571336,0.06228321
302500.0890454649,4123783.0718544507,1.1820296263094392,0.06212731
302500.1079953956,4123783.118124307,1.1829150684666179,0.06199108
302500.1269046329,4123783.1644108095,1.1836922357237125,0.06187756
302500.14577815623,4123783.2107118866,1.184368904676455,0.06178999
302500.1646205901,4123783.2570256256,1.1849527053520796,0.06173178
302500.1834362095,4123783.3033502656,1.1854511183260195,0.06170660
302500.20222894615,4123783.3496841937,1.1858715094720969,0.06171839
302500.22100239334,4123783.3960259417,1.1862212547502948,0.06177437
302500.23975980404,4123783.4423741833,1.186507898354575,0.06187660
302500.25850408257,4123783.4887277377,1.1867394137470917,0.06202959
302500.27723776357,4123783.535085576,1.1869301526101523,0.06223830
302500.2959627016,4123783.581446947,1.1870830390528802,0.06250763
302500.31468064367,4123783.6278111427,1.187206898309076,0.06284254
302500.3333929137,4123783.6741776275,1.1873259884642253,0.06324778
302500.35209967365,4123783.7205463364,1.1874606286884588,0.06372723
302500.37080015225,4123783.7669175784,1.1876275252425599,0.06428367
302500.3894928126,4123783.8132919725,1.1878402939302222,0.06491834
302500.4081754935,4123783.8596703876,1.1881103667823605,0.06563105
302500.42684550805,4123783.9060539026,1.1884476701184206,0.06642062
302500.44549971214,4123783.9524437785,1.1888611379147964,0.06728535
302500.4641345477,4123783.9988414375,1.1893591765321607,0.06822325
302500.4827460665,4123784.0452484544,1.1899499250439427,0.06923223
302500.5013299407,4123784.0916665485,1.1906414805471828,0.07031015
302500.519881464,4123784.1380975833,1.1915161077382446,0.07145509
302500.53839192283,4123784.1845450043,1.1924730571201205,0.07266572
302500.55685772334,4123784.231010196,1.193546049347139,0.07393765
302500.5752733713,4123784.2774952836,1.1947544910556913,0.07526848
302500.5936324985,4123784.3240027195,1.1961062141147654,0.07665530
302500.61192839127,4123784.370535063,1.1976072727190663,0.07809507
302500.6301540479,4123784.417094956,1.1992616605644026,0.07958150
302500.6483022739,4123784.46368508,1.2010702286275452,0.08110973
302500.6663658291,4123784.510308093,1.2030291729771334,0.08267506
302500.68433764804,4123784.5569665427,1.2051279529185344,0.08427319
302500.7022111584,4123784.6036627414,1.2073465339613256,0.08590039
302500.7199807327,4123784.6503985957,1.2096517399087752,0.08755371
302500.7376423141,4123784.6971753775,1.2119926248389548,0.08923119
302500.75519426435,4123784.7439934188,1.214517544252509,0.09093214
302500.7726274933,4123784.7908557975,1.216850027180338,0.09265237
302500.78995184036,4123784.8377585253,1.2191419480116137,0.09439624
302500.8071687419,4123784.884700791,1.2214093286039769,0.09616556
302500.82427922153,4123784.9316819445,1.223660411883393,0.09796012
302500.84128393827,4123784.9787014774,1.225906877208035,0.09977667
302500.85818299465,4123785.0257590846,1.2281634410491231,0.10161443
302500.8749757938,4123785.0728547126,1.2304470621166912,0.10347269
302500.89166093315,4123785.1199885886,1.232776236368829,0.10535175
302500.90823613113,4123785.167161239,1.23517035350172,0.10725105
302500.92469818366,4123785.2143734936,1.2376490860404026,0.10916941
302500.94104294974,4123785.261626484,1.2402316587847941,0.11110645
302500.95726537035,4123785.3089216216,1.2429360685091653,0.11306183
302500.97335952555,4123785.3562605698,1.2457780832531322,0.11503517
302500.98931873916,4123785.403645195,1.2488995681116466,0.11702597
302501.00512926956,4123785.4510796457,1.252172749448725,0.11903055
302501.0207840714,4123785.4985657074,1.2555025551572951,0.12104968
302501.03628051945,4123785.54610366,1.258962802285293,0.12308733
302501.05161204893,4123785.593695035,1.2625235537760453,0.12513816
302501.06677376316,4123785.641340764,1.2661267911944016,0.12720117
302501.0817635901,4123785.689040836,1.269729931623259,0.12927595
302501.0965814484,4123785.7367946026,1.273310455690954,0.13136175
302501.1112282847,4123785.784601099,1.2768614594586347,0.13345736
302501.1257053428,4123785.8324592835,1.2803878147509948,0.13555866
302501.14001360943,4123785.8803682067,1.2839032567880846,0.13766076
302501.1541533963,4123785.9283271316,1.2874280882449787,0.13975831
302501.16812402714,4123785.9763356135,1.2909874429978812,0.14184523
302501.1819236062,4123786.024393553,1.294609887823511,0.14391487
302501.19554885186,4123786.0725012235,1.29832628073199,0.14596006
302501.2089949838,4123786.1206592834,1.3021687037800278,0.14797315
302501.2222556604,4123786.168868766,1.3064290783442263,0.14994611
302501.23530976573,4123786.2171345963,1.3106836059413058,0.15186678
302501.2481584125,4123786.265455496,1.3151303935861258,0.15372875
302501.26079156215,4123786.313833148,1.3198211655151701,0.15552319
302501.2731970143,4123786.362269652,1.3247712923561286,0.15724099
302501.2853618773,4123786.4107671,1.3299828532226954,0.15887316
302501.29727315175,4123786.459327414,1.3354408886759035,0.16041095
302501.3089185676,4123786.5079521355,1.341106704411382,0.16184625
302501.320287761,4123786.556642156,1.3469088804939071,0.16317226
302501.33137390437,4123786.6053973925,1.3527313498130975,0.16438411
302501.3421759356,4123786.6542163724,1.3584542322611477,0.16547969
302501.3526986677,4123786.7030963404,1.36399996553461,0.16645970
302501.3629506272,4123786.75203385,1.3717341202048599,0.16732660
302501.372942439,4123786.8010251755,1.3768254307154828,0.00000000
302501.38268562744,4123786.8500665897,1.3815625713897397,0.00000000
302501.3921917399,4123786.8991545453,1.3860860484989583,0.00000000
302501.4014717105,4123786.948285789,1.3905376782742287,0.00000000
302501.41053446115,4123786.997457596,1.3948190775567275,0.00000000
302501.4193770185,4123787.0466694743,1.3988511901583565,0.00000000
302501.42801927106,4123787.0959168957,1.4027938336906078,0.00000000
302501.43646597455,4123787.145198212,1.4066898057481025,0.00000000
302501.44472009054,4123787.194512133,1.4105756360648134,0.00000000
302501.45278278156,4123787.243857698,1.4144862985852782,0.00000000
302501.4606534495,4123787.293234242,1.4184545628721505,0.00000000
302501.46832981735,4123787.3426413545,1.422509937313838,0.00000000
302501.47580806015,4123787.3920788323,1.4266773485754565,0.00000000
302501.4830829948,4123787.441546628,1.430975483496834,0.00000000
302501.4901483444,4123787.4910447877,1.4354146953359084,0.00000000
302501.4969970949,4123787.540573382,1.439994315371238,0.00000000
302501.50362197135,4123787.590132426,1.4446992484909358,0.00000000
302501.5100160671,4123787.639721792,1.4494956477999967,0.00000000
302501.51617366483,4123787.689341111,1.4544096463935174,0.00000000
302501.52209130384,4123787.738989664,1.4594039962055492,0.00000000
302501.52776034665,4123787.788667244,1.4642563263381831,0.00000000
302501.5331813542,4123787.838372479,1.4689319958465235,0.00000000
302501.53836877015,4123787.888102592,1.4757198244572562,0.00000000
302501.54332565464,4123787.9378561787,1.480409035716473,0.00000000
302501.54805419163,4123787.9876319617,1.4850051407204383,0.00000000
302501.55255528836,4123788.037428808,1.4896413182065922,0.00000000
302501.5568282932,4123788.087245733,1.4943592987763505,0.00000000
302501.5608708079,4123788.137081884,1.4991970999463777,0.00000000
302501.5646785737,4123788.18693652,1.5066946100285967,0.00000000
302501.568245424,4123788.236808978,1.5121527577557732,0.00000000
302501.571563304,4123788.286698635,1.517833836107589,0.00000000
302501.5746223628,4123788.336604863,1.5267847843850653,0.00000000
302501.5774111351,4123788.3865269753,1.536363572484928,0.00000000
302501.5799098252,4123788.436464502,1.5430485153902922,0.00000000
302501.5820908978,4123788.486416886,1.5496006126825679,0.00000000
302501.5839595075,4123788.53638185,1.5561234377605748,0.00000000
302501.58550359315,4123788.5863578147,1.562523774059854,0.00000000
302501.5867140821,4123788.6363429036,1.568702851231377,0.00000000
302501.5875871082,4123788.6863349797,1.574575965490864,0.00000000
302501.588127036,4123788.7363317544,1.5800852079189531,0.00000000
302501.5883452732,4123788.786330989,1.58519784418933,0.00000000
302501.588257943,4123788.8363306634,1.5898998671025617,0.00000000
302501.58788412286,4123788.886329066,1.5942206823036529,0.00000000
302501.587244529,4123788.936324826,1.5981361009256072,0.00000000
302501.58636055025,4123788.9863169095,1.6016564345116693,0.00000000
302501.5852535559,4123789.036304593,1.6048012051454656,0.00000000
302501.58394441556,4123789.0862874244,1.6075921102580264,0.00000000
302501.58245318104,4123789.1362651796,1.6100514189170052,0.00000000
302501.5807894357,4123789.1862374917,1.6121710283002961,0.00000000
302501.5789819907,4123789.236204799,1.614004682437491,0.00000000
302501.57704858395,4123789.2861673837,1.6155762532281528,0.00000000
302501.57500456634,4123789.3361255643,1.616902316780962,0.00000000
302501.5728642459,4123789.386079714,1.617997186023588,0.00000000
302501.57064096694,4123789.436030244,1.618873057496241,0.00000000
302501.5683472011,4123789.4859775905,1.6179151554128022,0.00000000
302501.5659946497,4123789.535922207,1.6187755025514572,0.00000000
302501.56359435,4123789.585864554,1.6195273741927023,0.00000000
302501.56115678576,4123789.635805099,1.620082810548872,0.00000000
302501.5586919993,4123789.6857443093,1.6204436668552062,0.00000000
302501.5562097035,4123789.7356826533,1.6204436668552062,0.00000000
