302564.15767531097,4123913.3186292253,-1.9163574374482133,0.00000000
302564.1336493614,4123913.2747800094,-2.0642584658503895,0.00000000
302564.1096234121,4123913.230930793,-2.0716535175937976,0.00000000
302564.0855974627,4123913.187081577,-2.072023270727889,0.00000000
302564.0615715133,4123913.143232361,-2.072041757999322,0.00000000
302564.03754556377,4123913.0993831446,-2.0720426832331134,0.00000000
302564.01351961424,4123913.055533929,-2.072042728301284,0.00000000
302563.9894936649,4123913.0116847125,-2.0720427305546925,0.00000000
302563.96546771546,4123912.967835496,-2.0720427312142844,0.00000000
302563.94144176616,4123912.9239862803,-2.072042731185291,0.00000000
302563.9174158166,4123912.880137064,-2.072042731892412,0.00000000
302563.89338986704,4123912.836287848,-2.0720427305725995,0.00000000
302563.8693639177,4123912.792438632,-2.072042731376829,0.00000000
302563.8453379683,4123912.7485894156,-2.072042731901989,0.00000000
302563.82131201896,4123912.7047401997,-2.0720427324131956,0.00000000
302563.7972860694,4123912.6608909834,-2.072042731953807,0.00000000
302563.7732601199,4123912.6170417676,-2.072042730737319,0.00000000
302563.74923417054,4123912.5731925513,-2.072042731385065,0.00000000
302563.7252082211,4123912.5293433354,-2.0720427310321807,0.00000000
302563.7011822716,4123912.485494119,-2.072042731723107,0.00000000
302563.67715632205,4123912.4416449033,-2.0720427305641342,0.00000000
302563.6531303727,4123912.397795687,-2.0720427306678353,0.00000000
302563.62910442334,4123912.3539464707,-2.072042731381591,0.00000000
302563.605078474,4123912.310097255,-2.0720427311936565,0.00000000
302563.58105252445,4123912.2662480385,-2.07204273189283,0.00000000
302563.5570265749,4123912.2223988227,-2.0720427308959195,0.00000000
302563.53300062555,4123912.1785496064,-2.0720427315546446,0.00000000
302563.50897467614,4123912.13470039,-2.072042731264282,0.00000000
302563.4849487268,4123912.090851174,-2.072042731187791,0.00000000
302563.46092277725,4123912.047001958,-2.072042731892537,0.00000000
302563.4368968277,4123912.003152742,-2.072042730734255,0.00000000
302563.4128708783,4123911.9593035257,-2.0720427312232625,0.00000000
302563.38884492894,4123911.91545431,-2.0720427307007916,0.00000000
302563.36481897964,4123911.8716050936,-2.0720427311596166,0.00000000
302563.34079303005,4123911.8277558773,-2.072042731729479,0.00000000
302563.3167670805,4123911.7839066614,-2.0720427307261025,0.00000000
302563.29274113115,4123911.740057445,-2.0720427313845042,0.00000000
302563.2687151818,4123911.6962082293,-2.072042731193802,0.00000000
302563.2446892324,4123911.652359013,-2.0720427322161363,0.00000000
302563.2206632829,4123911.6085097967,-2.072042731943954,0.00000000
302563.19663733337,4123911.564660581,-2.072042730736826,0.00000000
302563.17261138395,4123911.5208113645,-2.072042731223391,0.00000000
302563.1485854346,4123911.4769621487,-2.0720427311857463,0.00000000
302563.12455948506,4123911.4331129324,-2.072042731892435,0.00000000
302563.10053353553,4123911.3892637165,-2.07204273073425,0.00000000
302563.0765075862,4123911.3454145,-2.0720427313849115,0.00000000
302563.0524816368,4123911.301565284,-2.072042731902393,0.00000000
302563.02845568745,4123911.257716068,-2.0720427324132156,0.00000000
302563.00442973786,4123911.2138668518,-2.0720427319538084,0.00000000
302562.98040378833,4123911.170017636,-2.072042730737319,0.00000000
302562.956377839,4123911.1261684196,-2.072042731385065,0.00000000
302562.9323518896,4123911.0823192038,-2.07204273119383,0.00000000
302562.9083259401,4123911.0384699875,-2.072042731892839,0.00000000
302562.88429999055,4123910.9946207716,-2.07204273089592,0.00000000
302562.86027404113,4123910.9507715553,-2.0720427306844242,0.00000000
302562.8362480918,4123910.906922339,-2.07204273138242,0.00000000
302562.8122221424,4123910.863073123,-2.0720427310320484,0.00000000
302562.7881961929,4123910.819223907,-2.0720427317231005,0.00000000
302562.76417024335,4123910.775374691,-2.0720427307257836,0.00000000
302562.74014429393,4123910.7315254747,-2.072042731222839,0.00000000
302562.7161183446,4123910.6876762584,-2.072042731247692,0.00000001
302562.6920923952,4123910.6438270425,-2.072042731025312,0.00000000
302562.66806644574,4123910.5999778262,-2.0720427320460626,0.00000000
302562.6440404962,4123910.5561286104,-2.0720427309035814,0.00000000
302562.6200145468,4123910.512279394,-2.072042731393378,0.00000000
302562.59598859743,4123910.4684301782,-2.0720427311942458,0.00000000
302562.5719626481,4123910.424580962,-2.0720427323778083,0.00000000
302562.54793669854,4123910.3807317456,-2.072042731952038,0.00000000
302562.52391074895,4123910.33688253,-2.0720427307372304,0.00000000
302562.4998847996,4123910.2930333135,-2.0720427313850607,0.00000000
302562.47585885023,4123910.2491840976,-2.0720427310321807,0.00000000
302562.4518329007,4123910.2053348813,-2.072042731723107,0.00000000
302562.42780695116,4123910.1614856655,-2.0720427308874334,0.00000000
302562.4037810018,4123910.117636449,-2.07204273155422,0.00000001
302562.3797550524,4123910.073787233,-2.072042731749209,0.00000000
302562.35572910303,4123910.029938017,-2.0720427322439066,0.00000000
302562.33170315356,4123909.9860888007,-2.072042732106992,0.00000000
302562.307677204,4123909.942239585,-2.072042730906628,0.00000000
302562.28365125455,4123909.8983903686,-2.072042731231881,0.00000000
302562.2596253052,4123909.8545411527,-2.072042730862872,0.00000000
302562.2355993557,4123909.8106919364,-2.0720427317146415,0.00000000
302562.2115734062,4123909.7668427206,-2.07204273088701,0.00000001
302562.18754745676,4123909.7229935043,-2.072042730683979,0.00000001
302562.1635215074,4123909.679144288,-2.072042731382398,0.00000000
302562.13949555805,4123909.635295072,-2.0720427310320475,0.00000000
302562.1154696086,4123909.591445856,-2.072042732046399,0.00000000
302562.09144365904,4123909.54759664,-2.0720427309035983,0.00000001
302562.06741770956,4123909.5037474236,-2.0720427312317296,0.00000000
302562.0433917602,4123909.4598982073,-2.0720427312481364,0.00000000
302562.01936581085,4123909.4160489915,-2.072042731025334,0.00000000
302561.9953398614,4123909.372199775,-2.072042731884414,0.00000000
302561.9713139118,4123909.3283505593,-2.072042730733849,0.00000000
302561.9472879624,4123909.284501343,-2.0720427313848915,0.00000000
302561.92326201306,4123909.240652127,-2.0720427311938217,0.00000000
302561.8992360637,4123909.196802911,-2.072042732377787,0.00000000
302561.8752101142,4123909.1529536946,-2.0720427321136863,0.00000000
302561.85118416464,4123909.1091044787,-2.0720427309069627,0.00000000
302561.8271582152,4123909.0652552624,-2.072042731231898,0.00000000
302561.80313226586,4123909.0214060466,-2.0720427310245224,0.00000000
302561.77910631633,4123908.9775568303,-2.0720427317227244,0.00000000
302561.7550803668,4123908.9337076144,-2.0720427307257645,0.00000001
302561.7310544174,4123908.889858398,-2.072042731222838,0.00000000
302561.707028468,4123908.846009182,-2.0720427312476914,0.00000000
302561.6830025187,4123908.802159966,-2.072042731025312,0.00000000
302561.6589765692,4123908.7583107497,-2.0720427318844132,0.00000000
302561.63495061966,4123908.714461534,-2.072042730895499,0.00000000
302561.61092467024,4123908.6706123175,-2.072042731392974,0.00000000
302561.5868987209,4123908.6267631017,-2.0720427310325764,0.00000000
302561.5628727715,4123908.5829138854,-2.0720427323697246,0.00000000
302561.53884682205,4123908.539064669,-2.0720427322749324,0.00000000
302561.51482087246,4123908.495215453,-2.072042730753375,0.00000000
302561.49079492304,4123908.451366237,-2.072042731385868,0.00000000
302561.4667689737,4123908.407517021,-2.072042731032221,0.00000000
302561.4427430242,4123908.3636678047,-2.0720427318847583,0.00000000
302561.4187170746,4123908.319818589,-2.0720427307338665,0.00000001
302561.3946911252,4123908.2759693726,-2.0720427313848924,0.00000000
302561.3706651759,4123908.2321201563,-2.072042731579093,0.00000000
302561.3466392265,4123908.1882709404,-2.072042730880233,0.00000000
302561.322613277,4123908.144421724,-2.072042731877159,0.00000000
302561.2985873275,4123908.1005725083,-2.072042730895136,0.00000000
302561.27456137806,4123908.056723292,-2.0720427313929557,0.00000000
302561.25053542864,4123908.012874076,-2.0720427305476266,0.00000000
302561.2265094793,4123907.96902486,-2.0720427308286595,0.00000000
302561.20248352987,4123907.9251756435,-2.07204273187458,0.00000000
302561.1784575803,4123907.8813264277,-2.0720427307333575,0.00000000
302561.15443163086,4123907.8374772114,-2.072042731384867,0.00000000
302561.1304056815,4123907.7936279955,-2.072042731032171,0.00000000
302561.10637973214,4123907.749778779,-2.072042732208055,0.00000001
302561.08235378267,4123907.705929563,-2.0720427321051993,0.00000000
302561.05832783313,4123907.662080347,-2.072042730906538,0.00000000
302561.0343018837,4123907.6182311308,-2.072042731393526,0.00000000
302561.0102759343,4123907.574381915,-2.0720427308709546,0.00000000
302560.9862499848,4123907.5305326986,-2.0720427317150456,0.00000000
302560.9622240353,4123907.486683483,-2.0720427308870306,0.00000000
302560.9381980859,4123907.4428342665,-2.0720427313925507,0.00000000
302560.9141721365,4123907.39898505,-2.0720427314178265,0.00000000
302560.89014618716,4123907.3551358343,-2.072042731033819,0.00000000
302560.8661202377,4123907.311286618,-2.0720427318848382,0.00000000
302560.84209428815,4123907.267437402,-2.0720427310571696,0.00000000
302560.8180683387,4123907.223588186,-2.0720427314010577,0.00000000
302560.7940423893,4123907.17973897,-2.072042730548032,0.00000000
302560.77001643996,4123907.1358897537,-2.07204273082868,0.00000000
302560.7459904905,4123907.0920405374,-2.0720427318745815,0.00000000
302560.72196454095,4123907.0481913215,-2.0720427308950073,0.00000000
302560.6979385915,4123907.0043421052,-2.0720427312313,0.00000000
302560.6739126421,4123906.9604928894,-2.0720427308628433,0.00000000
302560.6498866928,4123906.916643673,-2.072042732361238,0.00000000
302560.62586074334,4123906.872794457,-2.072042732274508,0.00000001
302560.60183479375,4123906.828945241,-2.072042731623574,0.00000000
302560.57780884433,4123906.7850960246,-2.0720427314293777,0.00000000
302560.553782895,4123906.741246809,-2.0720427310343963,0.00000000
302560.5297569455,4123906.6973975925,-2.072042731884867,0.00000000
302560.5057309959,4123906.6535483766,-2.0720427308955216,0.00000000
302560.4817050465,4123906.6096991603,-2.072042731231326,0.00000000
302560.45767909713,4123906.5658499445,-2.0720427308628446,0.00000000
302560.4336531478,4123906.522000728,-2.0720427321995882,0.00000001
302560.4096271983,4123906.478151512,-2.0720427322664254,0.00000000
302560.38560124877,4123906.434302296,-2.0720427309145992,0.00000000
302560.3615752993,4123906.3904530797,-2.0720427312322798,0.00000000
302560.33754935,4123906.346603864,-2.0720427310245415,0.00000000
302560.3135234005,4123906.3027546476,-2.0720427318843746,0.00000000
302560.2894974509,4123906.2589054317,-2.0720427308954967,0.00000000
302560.26547150145,4123906.2150562154,-2.0720427312313245,0.00000000
302560.24144555215,4123906.171206999,-2.0720427314097654,0.00000000
302560.2174196028,4123906.1273577833,-2.0720427308717664,0.00000000
302560.1933936533,4123906.083508567,-2.072042731876736,0.00000000
302560.1693677038,4123906.039659351,-2.072042731056764,0.00000000
302560.1453417543,4123905.995810135,-2.0720427314010372,0.00000000
302560.12131580495,4123905.951960919,-2.07204273070968,0.00000000
302560.0972898556,4123905.9081117027,-2.0720427308367624,0.00000000
302560.0732639062,4123905.8642624863,-2.0720427318749857,0.00000000
302560.0492379566,4123905.8204132705,-2.0720427308950273,0.00000000
302560.0252120071,4123905.776564054,-2.072042731231301,0.00000000
302560.00118605775,4123905.7327148383,-2.0720427308628433,0.00000000
302559.9771601084,4123905.688865622,-2.072042732037939,0.00000001
302559.953134159,4123905.6450164057,-2.072042732258343,0.00000001
302559.92910820944,4123905.60116719,-2.072042731784415,0.00000000
302559.90508225997,4123905.5573179736,-2.0720427314374197,0.00000000
302559.8810563106,4123905.5134687577,-2.0720427308731493,0.00000000
302559.85703036113,4123905.4696195414,-2.072042731876805,0.00000000
302559.8330044116,4123905.4257703256,-2.0720427310567677,0.00000000
302559.8089784621,4123905.3819211093,-2.0720427314010377,0.00000000
302559.78495251277,4123905.3380718934,-2.07204273087133,0.00000000
302559.7609265634,4123905.294222677,-2.0720427320383634,0.00000000
302559.736900614,4123905.250373461,-2.0720427322583643,0.00000000
302559.7128746644,4123905.206524245,-2.072042731075846,0.00000000
302559.6888487149,4123905.1626750287,-2.0720427314019916,0.00000000
302559.66482276557,4123905.118825813,-2.072042730871378,0.00000000
302559.64079681615,4123905.0749765965,-2.0720427318767163,0.00000001
302559.6167708666,4123905.0311273807,-2.0720427310567633,0.00000000
302559.59274491714,4123904.9872781644,-2.0720427306924667,0.00000000
302559.5687189677,4123904.943428948,-2.072042731221173,0.00000000
302559.54469301837,4123904.899579732,-2.0720427307006872,0.00000000
302559.52066706895,4123904.855730516,-2.0720427317065324,0.00000000
302559.4966411194,4123904.8118813,-2.0720427308866047,0.00000000
302559.47261516994,4123904.7680320838,-2.0720427313925294,0.00000000
302559.4485892206,4123904.7241828674,-2.0720427314178256,0.00000000
302559.4245632712,4123904.6803336516,-2.0720427308721696,0.00000000
302559.4005373218,4123904.6364844353,-2.072042731876756,0.00000000
302559.3765113723,4123904.5926352195,-2.072042731218415,0.00000000
302559.3524854228,4123904.548786003,-2.0720427314091197,0.00000000
302559.3284594734,4123904.5049367873,-2.072042730710084,0.00000000
302559.304433524,4123904.461087571,-2.072042732030301,0.00000000
302559.2804075746,4123904.4172383547,-2.072042732257961,0.00000000
302559.2563816251,4123904.373389139,-2.0720427310758254,0.00000000
302559.23235567554,4123904.3295399225,-2.072042731240341,0.00000000
302559.20832972624,4123904.2856907067,-2.0720427310249447,0.00000000
302559.1843037768,4123904.2418414904,-2.072042732046044,0.00000001
302559.16027782724,4123904.1979922745,-2.07204273106523,0.00000000
302559.13625187776,4123904.154143058,-2.0720427314014604,0.00000001
302559.1122259284,4123904.110293842,-2.0720427314182723,0.00000000
302559.08819997904,4123904.066444626,-2.072042730872192,0.00000000
302559.06417402957,4123904.02259541,-2.0720427317151078,0.00000000
302559.04014808004,4123903.978746194,-2.0720427308870337,0.00000000
302559.01612213056,4123903.9348969776,-2.0720427312309013,0.00000000
302558.9920961812,4123903.891047762,-2.0720427307011735,0.00000000
302558.96807023184,4123903.8471985455,-2.072042730836337,0.00000000
302558.9440442824,4123903.803349329,-2.0720427318749643,0.00000000
302558.9200183329,4123903.7595001133,-2.072042731056676,0.00000000
302558.8959923834,4123903.715650897,-2.072042731401033,0.00000000
302558.87196643406,4123903.671801681,-2.07204273070968,0.00000000
302558.84794048464,4123903.627952465,-2.072042730675112,0.00000000
302558.8239145352,4123903.5841032485,-2.0720427317052534,0.00000001
302558.7998885857,4123903.5402540327,-2.0720427317567607,0.00000000
302558.7758626362,4123903.4964048164,-2.072042731274388,0.00000000
302558.75183668686,4123903.4525556006,-2.0720427308649976,0.00000000
302558.7278107375,4123903.4087063842,-2.072042732038047,0.00000001
302558.7037847881,4123903.364857168,-2.072042732419998,0.00000001
302558.67975883855,4123903.321007952,-2.072042731792498,0.00000000
302558.655732889,4123903.2771587363,-2.0720427307292533,0.00000000
302558.6317069397,4123903.23330952,-2.0720427308377407,0.00000000
302558.60768099024,4123903.1894603036,-2.072042731713385,0.00000000
302558.5836550407,4123903.145611088,-2.072042731048597,0.00000000
302558.5596290912,4123903.1017618715,-2.0720427312389798,0.00000000
302558.5356031419,4123903.0579126556,-2.072042730863227,0.00000000
302558.51157719246,4123903.0140634393,-2.0720427318763086,0.00000000
302558.4875512431,4123902.970214223,-2.0720427324119113,0.00000000
302558.46352529357,4123902.926365007,-2.072042731953743,0.00000000
302558.43949934404,4123902.882515791,-2.0720427314458862,0.00000000
302558.4154733947,4123902.838666575,-2.0720427308735725,0.00000000
302558.39144744526,4123902.7948173587,-2.072042731876826,0.00000000
302558.3674214957,4123902.750968143,-2.0720427310567686,0.00000000
302558.3433955462,4123902.7071189266,-2.0720427314010377,0.00000000
302558.31936959684,4123902.6632697107,-2.0720427305480307,0.00000000
302558.2953436475,4123902.6194204944,-2.0720427306670297,0.00000001
302558.27131769806,4123902.575571278,-2.0720427318664987,0.00000000
302558.2472917485,4123902.5317220623,-2.072042731217902,0.00000000
302558.22326579905,4123902.487872846,-2.0720427314090943,0.00000000
302558.19923984964,4123902.44402363,-2.072042730548434,0.00000000
302558.17521390034,4123902.400174414,-2.0720427308287,0.00000001
302558.1511879509,4123902.3563251975,-2.0720427318745824,0.00000001
302558.1271620013,4123902.3124759817,-2.0720427310566567,0.00000000
302558.1031360518,4123902.2686267653,-2.0720427312393825,0.00000000
302558.0791101025,4123902.2247775495,-2.0720427307015976,0.00000000
302558.05508415314,4123902.180928333,-2.072042731868227,0.00000001
302558.0310582037,4123902.137079117,-2.072042732411507,0.00000001
302558.0070322542,4123902.093229901,-2.0720427319537227,0.00000001
302557.98300630465,4123902.0493806847,-2.0720427314458854,0.00000000
302557.9589803553,4123902.005531469,-2.0720427307119227,0.00000000
302557.93495440594,4123901.9616822526,-2.072042732030393,0.00000000
302557.9109284564,4123901.9178330367,-2.0720427312260967,0.00000000
302557.8869025068,4123901.8739838204,-2.0720427312478544,0.00000000
302557.86287655745,4123901.8301346046,-2.0720427307020213,0.00000000
302557.8388506081,4123901.7862853883,-2.0720427318682484,0.00000001
302557.81482465874,4123901.742436172,-2.0720427324115085,0.00000001
302557.79079870915,4123901.698586956,-2.072042731083503,0.00000000
302557.76677275967,4123901.65473774,-2.0720427314023744,0.00000000
302557.7427468103,4123901.610888524,-2.072042730709747,0.00000001
302557.7187208609,4123901.5670393077,-2.0720427318686347,0.00000001
302557.69469491136,4123901.523190092,-2.0720427312180085,0.00000001
302557.67066896183,4123901.4793408755,-2.0720427314090997,0.00000002
302557.6466430125,4123901.435491659,-2.072042731257005,0.00000002
302557.6226170631,4123901.3916424434,-2.0720427307024787,0.00000002
302557.59859111375,4123901.347793227,-2.0720427318682715,0.00000003
302557.57456516416,4123901.303944011,-2.072042731056341,0.00000003
302557.55053921463,4123901.260094795,-2.072042731239367,0.00000004
302557.5265132653,4123901.216245579,-2.0720427307015967,0.00000005
302557.502487316,4123901.1723963628,-2.072042730836358,0.00000005
302557.47846136655,4123901.1285471465,-2.0720427318749652,0.00000007
302557.454435417,4123901.0846979306,-2.072042731218325,0.00000008
302557.4304094675,4123901.0408487143,-2.072042731409115,0.00000009
302557.40638351813,4123900.9969994985,-2.072042730710084,0.00000011
302557.3823575687,4123900.953150282,-2.0720427318686516,0.00000013
302557.35833161935,4123900.909301066,-2.0720427322498787,0.00000015
302557.3343056698,4123900.86545185,-2.072042731783992,0.00000017
302557.3102797203,4123900.8216026337,-2.072042731437399,0.00000020
302557.28625377093,4123900.777753418,-2.072042730711498,0.00000023
302557.2622278216,4123900.7339042015,-2.0720427318687222,0.00000027
302557.238201872,4123900.6900549857,-2.0720427310563636,0.00000032
302557.2141759225,4123900.6462057694,-2.0720427315626666,0.00000037
302557.19014997315,4123900.6023565535,-2.0720427307177616,0.00000043
302557.16612402373,4123900.5585073372,-2.072042730513867,0.00000050
302557.1420980744,4123900.514658121,-2.072042731858841,0.00000058
302557.11807212484,4123900.470808905,-2.072042731217519,0.00000067
302557.0940461753,4123900.426959689,-2.0720427314090752,0.00000077
302557.0700202259,4123900.383110473,-2.0720427305484326,0.00000090
302557.0459942766,4123900.3392612566,-2.0720427308287,0.00000103
302557.02196832723,4123900.2954120403,-2.072042732036232,0.00000119
302556.99794237764,4123900.2515628245,-2.0720427317733097,0.00000138
302556.9739164281,4123900.207713608,-2.0720427311135654,0.00000159
302556.94989047875,4123900.1638643923,-2.072042730210358,0.00000183
302556.9258645294,4123900.120015176,-2.072042730488497,0.00000211
302556.90183858,4123900.0761659597,-2.0720427312109746,0.00000243
302556.87781263044,4123900.032316744,-2.0720427297302804,0.00000280
302556.85378668096,4123899.988467528,-2.072042727977778,0.00000322
302556.82976073166,4123899.9446183117,-2.0720427275668545,0.00000370
302556.80573478236,4123899.9007690954,-2.0720427282548783,0.00000425
302556.7817088329,4123899.856919879,-2.072042727642682,0.00000488
302556.7576828835,4123899.8130706633,-2.0720427257719547,0.00000560
302556.73365693423,4123899.769221447,-2.072042725031821,0.00000642
302556.7096309851,4123899.7253722306,-2.0720427229930474,0.00000736
302556.6856050359,4123899.6815230143,-2.0720427200810954,0.00000844
302556.6615790866,4123899.6376737985,-2.0720427151237173,0.00000967
302556.6375531374,4123899.593824582,-2.0720427102876906,0.00001107
302556.61352718837,4123899.549975366,-2.072042704264212,0.00001268
302556.58950123936,4123899.5061261496,-2.0720426978580626,0.00001451
302556.5654752907,4123899.462276933,-2.072042690624531,0.00001660
302556.5414493423,4123899.418427716,-2.072042683187982,0.00001899
302556.5174233942,4123899.3745784992,-2.0720426739011644,0.00002171
302556.49339744635,4123899.3307292825,-2.0720426625200674,0.00002482
302556.4693714989,4123899.286880065,-2.072042650387659,0.00002836
302556.4453455516,4123899.243030848,-2.0720426366011893,0.00003240
302556.4213196049,4123899.1991816303,-2.072042618566835,0.00003701
302556.3972936585,4123899.1553324126,-2.0720425955702786,0.00004226
302556.3732677129,4123899.1114831944,-2.0720425678371313,0.00004825
302556.34924176795,4123899.0676339758,-2.072042535278996,0.00005507
302556.32521582366,4123899.0237847567,-2.072042496051336,0.00006285
302556.30118988006,4123898.9799355376,-2.0720424496766534,0.00007172
302556.2771639381,4123898.936086317,-2.07204239987328,0.00008181
302556.2531379979,4123898.892237096,-2.0720423441167943,0.00009331
302556.2291120595,4123898.8483878737,-2.072042277630846,0.00010641
302556.20508612326,4123898.8045386504,-2.0720421991070426,0.00012133
302556.18106018944,4123898.7606894257,-2.072042106577875,0.00013831
302556.157034258,4123898.7168401997,-2.0720419986517737,0.00015765
302556.1330083293,4123898.672990972,-2.0720418745128826,0.00017966
302556.10898240394,4123898.6291417433,-2.072041726051374,0.00020470
302556.08495648316,4123898.585292511,-2.0720415566039607,0.00023319
302556.06093056785,4123898.5414432767,-2.0720413648206613,0.00026560
302556.03690465854,4123898.4975940385,-2.0720411450759197,0.00030244
302556.01287875563,4123898.4537447966,-2.0720408914064605,0.00034433
302555.98885286,4123898.4098955514,-2.0720405972474945,0.00039193
302555.96482697385,4123898.3660463006,-2.0720402576826227,0.00044599
302555.9408010979,4123898.322197044,-2.0720398677162155,0.00050738
302555.9167752333,4123898.2783477814,-2.0720394174129666,0.00057703
302555.8927493823,4123898.2344985115,-2.0720389015882694,0.00065601
302555.8687235466,4123898.190649233,-2.072038306803041,0.00074552
302555.84469772887,4123898.146799945,-2.0720376210833087,0.00084686
302555.82067193266,4123898.1029506447,-2.072036837625713,0.00096149
302555.79664616013,4123898.0591013315,-2.0720359376135074,0.00109100
302555.7726204147,4123898.0152520034,-2.0720349014056647,0.00123714
302555.74859470024,4123897.9714026586,-2.0720337115453193,0.00140177
302555.72456902225,4123897.9275532938,-2.0720323477131495,0.00158690
302555.7005433861,4123897.883703906,-2.0720307854431863,0.00179463
302555.6765177974,4123897.8398544923,-2.072028995150665,0.00202713
302555.6524922634,4123897.796005049,-2.072026945316419,0.00228655
302555.62846679246,4123897.7521555703,-2.0720246030933023,0.00257499
302555.60444139317,4123897.7083060527,-2.0720219223017855,0.00289429
302555.5804160764,4123897.66445649,-2.0720188588921413,0.00324591
302555.556390854,4123897.6206068755,-2.0720153544616675,0.00363065
302555.53236573946,4123897.576757202,-2.072011347850492,0.00404830
302555.5083407483,4123897.532907461,-2.0720067682612084,0.00449775
302555.48431589786,4123897.489057643,-2.0720015367308364,0.00497727
302555.4602912084,4123897.445207736,-2.071995562063381,0.00548485
302555.43626670307,4123897.401357729,-2.0719887397941537,0.00601830
302555.4122424088,4123897.357507606,-2.0719809547106207,0.00657539
302555.3882183552,4123897.313657351,-2.071972075296442,0.00715394
302555.36419457686,4123897.269806945,-2.0719619459457728,0.00775188
302555.34017111186,4123897.2259563683,-2.0719503901643135,0.00836722
302555.3161480048,4123897.182105595,-2.071937213515227,0.00899815
302555.29212530603,4123897.138254598,-2.0719221871822446,0.00964298
302555.26810307323,4123897.094403345,-2.071905056295816,0.01030017
302555.24408137135,4123897.0505518024,-2.0718855237653075,0.01096831
302555.22006027534,4123897.006699927,-2.0718632619510626,0.01164613
302555.19603987026,4123896.9628476733,-2.071837888757588,0.01233248
302555.17202025274,4123896.918994989,-2.0718089748537407,0.01302630
302555.1480015332,4123896.875141812,-2.071776034394863,0.01372667
302555.12398383697,4123896.8312880746,-2.0717385072059713,0.01443271
302555.09996730747,4123896.7874336983,-2.071695757914534,0.01514366
302555.075952107,4123896.7435785946,-2.071647066529757,0.01585881
302555.0519384215,4123896.699722661,-2.07159161812483,0.01657751
302555.0279264608,4123896.655865783,-2.0715284751303606,0.01729918
302555.00391646475,4123896.6120078294,-2.071456578558442,0.01802330
302554.9799087071,4123896.5681486507,-2.071374728778522,0.01874935
302554.9559034991,4123896.524288076,-2.0712815601966073,0.01947680
302554.93190119404,4123896.480425913,-2.0711755217542605,0.02020519
302554.90790219395,4123896.4365619416,-2.0710548528081105,0.02093405
302554.88390695717,4123896.392695911,-2.070917561120803,0.02166295
302554.85991600406,4123896.348827538,-2.0707613841404533,0.02239144
302554.8359299263,4123896.304956499,-2.0705837644002614,0.02311906
302554.81194939767,4123896.2610824266,-2.0703818111530583,0.02384536
302554.78797518235,4123896.217204904,-2.0701522545416675,0.02456984
302554.7640081494,4123896.173323458,-2.0698914088948785,0.02529198
302554.7400492859,4123896.129437551,-2.0695951223122258,0.02601122
302554.7160997124,4123896.085546573,-2.069258729749701,0.02672695
302554.6921606998,4123896.0416498347,-2.0688769929424096,0.02743852
302554.6682336893,4123895.9977465533,-2.0684440550073577,0.02814519
302554.6443203139,4123895.9538358436,-2.0679533865501014,0.02884616
302554.6204224222,4123895.9099167055,-2.0673977324208868,0.02954054
302554.5965421052,4123895.8659880087,-2.066769071736557,0.03022733
302554.5726817252,4123895.8220484806,-2.0660585862021406,0.03090542
302554.5488439472,4123895.7780966866,-2.065256650853805,0.03157356
302554.5250317731,4123895.734131016,-2.064352846680256,0.03223038
302554.50124857744,4123895.6901496635,-2.0633360225709976,0.03287431
302554.4774981454,4123895.6461506104,-2.062194421263117,0.03350364
302554.4537847119,4123895.602131607,-2.0609158764946276,0.03411644
302554.43011299835,4123895.5580901555,-2.0594881381357526,0.03471056
302554.40648824954,4123895.514023495,-2.057899349309072,0.03528365
302554.38291626424,4123895.4699285896,-2.056138738371976,0.03583308
302554.35940341605,4123895.4258021247,-2.054197595490277,0.03635600
302554.33595666016,4123895.3816405092,-2.05207062294345,0.03684929
302554.31258352025,4123895.3374398914,-2.0497577921379895,0.03730959
302554.28929204063,4123895.293196193,-2.047266852978445,0.03773333
302554.2660906961,4123895.2489051665,-2.044616721395995,0.03811672
302554.242988238,4123895.2045624866,-2.041842005217605,0.03845591
302554.21999345114,4123895.1601638827,-2.0389913388314627,0.03874700
302554.1971147955,4123895.1157053323,-2.03612098253556,0.03898629
302554.17435988586,4123895.0711833257,-2.0332891040869896,0.03917045
302554.1517347562,4123895.026595233,-2.030550419960453,0.03929698
302554.1292428364,4123894.981939799,-2.0279506416913877,0.03936432
302554.10688354564,4123894.937217807,-2.025520158492496,0.03937271
302554.0846525586,4123894.8924318925,-2.023274023879251,0.03932412
302554.06254320807,4123894.8475857987,-2.021216552290887,0.03922156
302554.0405474811,4123894.8026838596,-2.0193448740187234,0.03906865
302554.0186567162,4123894.757730649,-2.0176514914904695,0.03886928
302553.9968620823,4123894.712730746,-2.0161261022855252,0.03862741
302553.97515489935,4123894.6676885867,-2.014756870153809,0.03834694
302553.9535268452,4123894.6226083743,-2.0135312986992346,0.03803156
302553.93197008135,4123894.5774940243,-2.0124368403872723,0.03768477
302553.9104773219,4123894.5323491436,-2.011461282018698,0.03730982
302553.8890418629,4123894.4871770246,-2.0105929954513524,0.03690968
302553.8676575838,4123894.441980653,-2.0098210739930096,0.03648707
302553.8463189315,4123894.3967627203,-2.0091354092098883,0.03604446
302553.82502089493,4123894.351525641,-2.0085267213191687,0.03558408
302553.80375897005,4123894.3062715773,-2.007986537925032,0.03510793
302553.7825291225,4123894.261002455,-2.0075071677450556,0.03461781
302553.76132775075,4123894.215719989,-2.007081129880425,0.03411533
302553.74015164806,4123894.1704257005,-2.006702074170008,0.03360194
302553.718997966,4123894.125120936,-2.006365167705956,0.03307892
302553.69786417997,4123894.0798068866,-2.006065326291602,0.03254742
302553.6767480579,4123894.034484603,-2.0057979467288924,0.03200847
302553.6556476309,4123893.9891550103,-2.0055588865069813,0.03146298
302553.6345613165,4123893.943818851,-2.0053449454593606,0.03091171
302553.6134876097,4123893.8984768298,-2.0051528380166372,0.03035537
302553.5924249479,4123893.853129677,-2.0049787085486193,0.02979475
302553.5713721874,4123893.807777927,-2.004819798548316,0.02923043
302553.550328337,4123893.762422041,-2.0046736173364064,0.02866294
302553.52929254505,4123893.7170624174,-2.0045378757065495,0.02809278
302553.5082640838,4123893.671699395,-2.004410438973003,0.02752038
302553.48724234157,4123893.6263332586,-2.004289307691376,0.02694617
302553.46622681123,4123893.580964244,-2.004172582868618,0.02637052
302553.4452170834,4123893.5355925425,-2.004058434357386,0.02579381
302553.42421283975,4123893.4902183013,-2.003945082732474,0.02521639
302553.4032138483,4123893.4448416294,-2.0038307718660304,0.02463859
302553.38221995975,4123893.3994625965,-2.0037137448543927,0.02406076
302553.3612311041,4123893.3540812354,-2.0035922185052577,0.02348323
302553.34024729003,4123893.308697543,-2.0034643641793197,0.02290635
302553.31926860474,4123893.2633114797,-2.0033282912706434,0.02233048
302553.2982952141,4123893.2179229693,-2.0031820270414475,0.02175599
302553.27732736355,4123893.172531899,-2.0030234973459113,0.02118327
302553.2563653825,4123893.1271381183,-2.0028505128826666,0.02061275
302553.2354096873,4123893.0817414355,-2.002660765043294,0.02004489
302553.21446078504,4123893.0363416173,-2.0024518253780172,0.01948019
302553.1935192794,4123892.990938387,-2.0022211450970158,0.01891919
302553.1725858754,4123892.945531421,-2.0019660790851352,0.01836250
302553.1516613854,4123892.9001203463,-2.0016839256309495,0.01781076
302553.13074673753,4123892.854704738,-2.0013719907973013,0.01726471
302553.10984297976,4123892.809284116,-2.0010276841348253,0.01672512
302553.0889512845,4123892.7638579453,-2.000648655604481,0.01619288
302553.06807295274,4123892.7184256306,-2.000233012995411,0.01566893
302553.04720941384,4123892.672986521,-1.9997796123865996,0.01515429
302553.02636222,4123892.62753991,-1.999288462586391,0.01465007
302553.0055330365,4123892.5820850413,-1.9987593665204473,0.01415743
302552.98472362,4123892.5366211203,-1.9981978676053092,0.01367761
302552.9639357841,4123892.4911473277,-1.9976128665848427,0.01321186
302552.9431713446,4123892.4456628463,-1.9970149736220852,0.01276144
302552.92243203794,4123892.4001669004,-1.9964159647032766,0.01232756
302552.9017194033,4123892.354658805,-1.9958277608331183,0.01191130
302552.8810351697,4123892.3091377933,-1.9952632953736724,0.01151323
302552.86037950433,4123892.2636038116,-1.9947301752873288,0.01113405
302552.8397517475,4123892.2180571808,-1.9942327239280055,0.01077384
302552.81915079604,4123892.1724984194,-1.9937732964783137,0.01043196
302552.79857515387,4123892.126928222,-1.9933524340282895,0.01010740
302552.77802310087,4123892.081347381,-1.9929694156256132,0.00979891
302552.75749281445,4123892.0357567323,-1.9926226892489536,0.00950513
302552.7369824539,4123891.9901571157,-1.9923101884771937,0.00922465
302552.7164902183,4123891.9445493505,-1.9920295590369272,0.00895611
302552.69601438293,4123891.8989342204,-1.9917783130293367,0.00869815
302552.6755533233,4123891.8533124602,-1.9915539448835011,0.00844951
302552.65510552883,4123891.807684753,-1.9913540112507853,0.00820897
302552.63466960844,4123891.762051726,-1.9911761778222992,0.00797541
302552.61424429005,4123891.7164139533,-1.9910182508554408,0.00774775
302552.59382841724,4123891.6707719536,-1.990878190965693,0.00752501
302552.5734209451,4123891.6251261975,-1.9907541206384256,0.00730624
302552.5530209328,4123891.5794771067,-1.9906443290553388,0.00709056
302552.5326275358,4123891.5338250604,-1.9905472611047972,0.00687712
302552.51223999885,4123891.4881703965,-1.9904615125757676,0.00666514
302552.49185764696,4123891.4425134175,-1.990385819121429,0.00645386
302552.47147987946,4123891.3968543923,-1.9903190505612338,0.00624254
302552.4511061621,4123891.35119356,-1.9902601974920753,0.00603049
302552.43073601957,4123891.305531132,-1.9902083581612509,0.00581706
302552.4103690306,4123891.259867298,-1.9901627297115008,0.00560163
302552.39000482205,4123891.214202224,-1.990122604275973,0.00538367
302552.3696430629,4123891.168536057,-1.9900873520259093,0.00516271
302552.34928345983,4123891.1228689295,-1.9900564141449422,0.00493832
302552.3289257531,4123891.077200956,-1.9900293009116699,0.00471031
302552.3085697132,4123891.03153224,-1.990005580930783,0.00447864
302552.2882151368,4123890.9858628716,-1.9899848772493567,0.00424344
302552.2678618434,4123890.9401929313,-1.989966854447842,0.00400491
302552.24750967347,4123890.8945224904,-1.989951224794848,0.00376328
302552.22715848556,4123890.848851612,-1.9899377391043451,0.00351885
302552.2068081532,4123890.803180352,-1.9899261780367004,0.00327191
302552.186458564,4123890.757508761,-1.989916352454059,0.00302276
302552.1661096175,4123890.711836884,-1.9899081052167669,0.00277172
302552.14576122415,4123890.66616476,-1.9899013044433125,0.00251908
302552.1254133025,4123890.6204924257,-1.9898958364687303,0.00226512
302552.10506577924,4123890.5748199145,-1.9898916129440258,0.00201015
302552.08471858734,4123890.5291472557,-1.9898885618141873,0.00175444
302552.0643716657,4123890.4834744763,-1.9898866354021645,0.00149826
302552.04402495635,4123890.4378016023,-1.9898857995840147,0.00124188
302552.0236784058,4123890.3921286575,-1.9898860517167383,0.00098558
302552.0033319634,4123890.3464556644,-1.9898873943836533,0.00072964
302551.9829855796,4123890.3007826456,-1.9898898455829357,0.00047432
302551.96263920685,4123890.2551096217,-1.9898934490582654,0.00021993
302551.9422927968,4123890.209436614,-1.989898263552211,0.00003325
302551.9219463008,4123890.163763645,-1.9899043675744825,0.00028489
302551.9015996654,4123890.118090738,-1.989911849158254,0.00053466
302551.8812528395,4123890.0724179163,-1.9899208332673257,0.00078221
302551.8609057678,4123890.0267452034,-1.989931464719056,0.00102716
302551.84055839106,4123889.981072627,-1.9899439172644116,0.00126910
302551.8202106442,4123889.935400215,-1.9899583883174214,0.00150762
302551.79986245686,4123889.8897279995,-1.9899751081935513,0.00174224
302551.7795137515,4123889.844056015,-1.9899943462879268,0.00197248
302551.75916444196,4123889.7983842995,-1.9900164086469825,0.00219785
302551.7388144331,4123889.752712895,-1.9900416518869406,0.00241783
302551.71846361767,4123889.707041851,-1.9900704736049426,0.00263188
302551.6981118764,4123889.661371219,-1.9901033287211989,0.00283952
302551.67775907484,4123889.6157010593,-1.9901407341978126,0.00304027
302551.65740506136,4123889.57003144,-1.9901832735055993,0.00323363
302551.6370496654,4123889.5243624365,-1.9902316041087738,0.00341946
302551.61669269373,4123889.478694136,-1.990286464113181,0.00359781
302551.596333929,4123889.433026634,-1.9903486836370843,0.00376884
302551.5759731268,4123889.387360041,-1.9904191957668669,0.00393278
302551.55561001034,4123889.34169448,-1.9904990394847308,0.00408992
302551.5352442671,4123889.29603009,-1.9905893650099544,0.00424053
302551.51487554517,4123889.2503670286,-1.9906914493568129,0.00438488
302551.49450344825,4123889.204705473,-1.990806693604075,0.00452323
302551.47412753035,4123889.159045622,-1.9909366310055054,0.00465575
302551.4537472901,4123889.1133877006,-1.9910829181621106,0.00478262
302551.43336216494,4123889.06773196,-1.9912473291725827,0.00490390
302551.41297152545,4123889.0220786817,-1.9914317336307972,0.00501964
302551.39257466915,4123888.976428181,-1.9916380579890771,0.00512979
302551.37217081396,4123888.9307808075,-1.991868234656653,0.00523425
302551.3517590931,4123888.885136951,-1.9921241119723287,0.00533286
302551.33133855014,4123888.839497041,-1.9924073308137753,0.00542538
302551.31090813584,4123888.793861549,-1.9927191393909107,0.00551149
302551.29046670895,4123888.7482309886,-1.9930601375038524,0.00559083
302551.2700130397,4123888.702605915,-1.993429911713306,0.00566295
302551.24954581895,4123888.6569869188,-1.9938265298766218,0.00572737
302551.22906367684,4123888.6113746203,-1.9942458451313119,0.00578354
302551.2085652133,4123888.5657696542,-1.9946811486111258,0.00583089
302551.18804904615,4123888.52017265,-1.9951241367350612,0.00586886
302551.16751388257,4123888.474584198,-1.9955658022943226,0.00589690
302551.14695862395,4123888.4290048033,-1.9959972659322824,0.00591455
302551.1263825152,4123888.383434817,-1.996410638750397,0.00592151
302551.10578535596,4123888.3378743418,-1.9968000053087391,0.00591776
302551.0851676207,4123888.292323174,-1.9971620318470125,0.00590356
302551.0645302221,4123888.2467809115,-1.997495266321739,0.00587941
302551.0438743405,4123888.2012470285,-1.9977995627519567,0.00584594
302551.0232013022,4123888.1557209324,-1.9980756640652413,0.00580383
302551.0025124921,4123888.110202001,-1.9983248784039755,0.00575377
302550.9818092957,4123888.0646896116,-1.9985488643733615,0.00569649
302550.9610930573,4123888.0191831565,-1.9987494623476663,0.00563266
302550.9403650559,4123887.9736820585,-1.9989285848449518,0.00556293
302550.9196264895,4123887.9281857745,-1.999088137361321,0.00548791
302550.8988784657,4123887.882693803,-1.999229959971777,0.00540816
302550.878122001,4123887.8372056815,-1.9993558012141648,0.00532418
302550.8573580206,4123887.7917209906,-1.9994672929574628,0.00523645
302550.83658736205,4123887.746239349,-1.9995659491267228,0.00514540
302550.81581077934,4123887.700760413,-1.9996531514075557,0.00505140
302550.7950289493,4123887.655283875,-1.9997301579139846,0.00495479
302550.7742424767,4123887.6098094583,-1.9997981054619847,0.00485590
302550.7534519019,4123887.5643369174,-1.999858021699193,0.00475498
302550.73265770514,4123887.5188660324,-1.9999108241951942,0.00465229
302550.7118603122,4123887.473396609,-1.9999573345335189,0.00454805
302550.69106010156,4123887.4279284747,-1.9999982837626338,0.00444245
302550.670257408,4123887.382461476,-2.0000343235006666,0.00433567
302550.649452528,4123887.3369954783,-2.0000660328084607,0.00422787
302550.62864572246,4123887.2915303614,-2.000093921487938,0.00411919
302550.60783722304,4123887.24606602,-2.0001184486810937,0.00400976
302550.58702723257,4123887.200602361,-2.000140012239998,0.00389968
302550.56621593103,4123887.155139302,-2.000158967125179,0.00378907
302550.5454034769,4123887.109676771,-2.0001756259965684,0.00367803
302550.5245900093,4123887.0642147036,-2.0001902650462684,0.00356664
302550.5037756511,4123887.018753044,-2.0002031279246344,0.00345498
302550.48296050954,4123886.973291743,-2.0002144249291205,0.00334313
302550.46214467945,4123886.927830757,-2.000224346536846,0.00323117
302550.4413282451,4123886.882370048,-2.000233057546898,0.00311918
302550.42051127984,4123886.8369095824,-2.000240705498813,0.00300722
302550.3996938482,4123886.7914493303,-2.000247421767022,0.00289537
302550.378876007,4123886.7459892654,-2.000253320718123,0.00278370
302550.3580578065,4123886.7005293653,-2.000258503302366,0.00267229
302550.33723928995,4123886.6550696096,-2.000263054382741,0.00256123
302550.31642049685,4123886.6096099806,-2.0002670501428037,0.00245059
302550.2956014609,4123886.5641504633,-2.00027055873589,0.00234047
302550.27478221065,4123886.518691044,-2.0002736374686387,0.00223097
302550.2539627722,4123886.4732317105,-2.000276340369074,0.00212220
302550.2331431684,4123886.427772453,-2.0002787086225604,0.00201428
302550.2123234196,4123886.3823132617,-2.0002807849495556,0.00190734
302550.19150354457,4123886.336854128,-2.000282610248906,0.00180153
302550.17068355856,4123886.291395046,-2.000284211254009,0.00169701
302550.14986347477,4123886.245936008,-2.000285616278509,0.00159395
302550.12904330454,4123886.20047701,-2.0002868462314396,0.00149255
302550.10822305945,4123886.155018046,-2.0002879243316207,0.00139303
302550.0874027485,4123886.109559112,-2.0002888683857423,0.00129563
302550.06658237946,4123886.0641002054,-2.0002896940288517,0.00120060
302550.0457619599,4123886.0186413215,-2.00029041695631,0.00110823
302550.0249414957,4123885.973182458,-2.0002910497374016,0.00101882
302550.0041209924,4123885.927723612,-2.0002916047864137,0.00093269
302549.9833004556,4123885.882264782,-2.000292091493378,0.00085017
302549.96247988904,4123885.8368059653,-2.0002925171411174,0.00077162
302549.9416592965,4123885.791347161,-2.0002928906405133,0.00069737
302549.92083868117,4123885.7458883664,-2.0002932194180127,0.00062774
302549.90001804574,4123885.7004295816,-2.0002935062473948,0.00056300
302549.8791973922,4123885.6549708047,-2.0002937551767586,0.00050333
302549.85837672354,4123885.609512035,-2.000293973334415,0.00044878
302549.8375560419,4123885.564053271,-2.000294167499937,0.00039925
302549.81673534814,4123885.5185945127,-2.0002943349408064,0.00035451
302549.79591464385,4123885.473135759,-2.0002944817196813,0.00031428
302549.7750939307,4123885.4276770097,-2.0002946112674826,0.00027822
302549.7542732098,4123885.3822182636,-2.0002947233092967,0.00024602
302549.73345248203,4123885.3367595207,-2.0002948211267473,0.00021732
302549.7126317478,4123885.291300781,-2.0002949050514993,0.00019180
302549.69181100867,4123885.2458420433,-2.0002949811318382,0.00016915
302549.6709902646,4123885.200383308,-2.0002950487772586,0.00014908
302549.6501695165,4123885.154924575,-2.000295106449988,0.00013132
302549.6293487653,4123885.1094658426,-2.0002951578149686,0.00011562
302549.6085280111,4123885.064007112,-2.0002952013246125,0.00010175
302549.5877072541,4123885.0185483824,-2.000295238464792,0.00008951
302549.56688649446,4123884.9730896545,-2.000295269533672,0.00007872
302549.5460657321,4123884.9276309274,-2.000295294657457,0.00006921
302549.5252449683,4123884.8821722013,-2.0002953178644454,0.00006083
302549.50442420325,4123884.8367134756,-2.0002953388533045,0.00005345
302549.48360343714,4123884.79125475,-2.0002953602890123,0.00004696
302549.46278267016,4123884.7457960253,-2.0002953800162273,0.00004125
302549.4419619021,4123884.700337301,-2.0002953966978128,0.00003623
302549.421141133,4123884.654878577,-2.000295410880956,0.00003181
302549.4003203629,4123884.609419854,-2.0002954214762236,0.00002793
302549.379499592,4123884.5639611306,-2.000295429267059,0.00002452
302549.3586788203,4123884.518502408,-2.0002954342926347,0.00002152
302549.3378580479,4123884.473043686,-2.0002954376717006,0.00001888
302549.31703727524,4123884.4275849634,-2.0002954408008584,0.00001657
302549.2962165024,4123884.3821262415,-2.0002954428007285,0.00001454
302549.27539572946,4123884.3366675195,-2.000295445860926,0.00001275
302549.2545749565,4123884.291208797,-2.000295449309306,0.00001118
302549.2337541834,4123884.245750075,-2.0002954527770958,0.00000981
302549.21293341013,4123884.2002913533,-2.0002954560782724,0.00000860
302549.19211263664,4123884.1548326313,-2.000295459371119,0.00000754
302549.17129186314,4123884.1093739094,-2.000295462831131,0.00000661
302549.1504710894,4123884.063915188,-2.000295464512378,0.00000579
302549.1296503155,4123884.018456466,-2.0002954662159818,0.00000508
302549.1088295415,4123883.9729977446,-2.0002954669714934,0.00000445
302549.08800876734,4123883.927539023,-2.000295467176852,0.00000389
302549.067187993,4123883.8820803016,-2.000295466851954,0.00000341
302549.04636721854,4123883.83662158,-2.0002954663329606,0.00000299
302549.0255464443,4123883.7911628587,-2.0002954666421764,0.00000261
302549.00472567003,4123883.7457041373,-2.0002954673279687,0.00000229
302548.9839048958,4123883.700245416,-2.0002954673622586,0.00000200
302548.9630841216,4123883.6547866943,-2.0002954676991385,0.00000175
302548.94226334733,4123883.609327973,-2.0002954677159823,0.00000153
302548.9214425731,4123883.5638692514,-2.0002954677168248,0.00000134
302548.9006217987,4123883.51841053,-2.0002954673817013,0.00000117
302548.8798010242,4123883.4729518085,-2.0002954666946136,0.00000102
302548.85898024996,4123883.427493087,-2.000295466660259,0.00000089
302548.83815947565,4123883.3820343656,-2.0002954668261244,0.00000078
302548.8173387014,4123883.336575644,-2.0002954673371662,0.00000068
302548.79651792714,4123883.2911169226,-2.000295467530301,0.00000059
302548.7756971529,4123883.245658201,-2.000295467539958,0.00000052
302548.75487637863,4123883.2001994797,-2.0002954677080234,0.00000045
302548.7340556044,4123883.1547407582,-2.000295467716427,0.00000039
302548.71323483,4123883.109282037,-2.0002954673816813,0.00000034
302548.6924140556,4123883.0638233153,-2.0002954668621955,0.00000030
302548.67159328127,4123883.018364594,-2.000295466668638,0.00000026
302548.650772507,4123882.9729058724,-2.000295466826543,0.00000022
302548.6299517327,4123882.927447151,-2.0002954671696043,0.00000020
302548.60913095844,4123882.8819884295,-2.0002954673543405,0.00000017
302548.5883101842,4123882.836529708,-2.000295467363577,0.00000015
302548.56748940994,4123882.7910709865,-2.000295467364039,0.00000013
302548.5466686357,4123882.745612265,-2.000295466750018,0.00000011
302548.52584786137,4123882.7001535436,-2.000295466551734,0.00000009
302548.50502708694,4123882.654694822,-2.0002954660390717,0.00000008
302548.4842063126,4123882.6092361007,-2.000295466181021,0.00000007
302548.4633855384,4123882.563777379,-2.000295467304911,0.00000006
302548.4425647641,4123882.5183186578,-2.0002954675286886,0.00000005
302548.42174398986,4123882.472859936,-2.000295468321504,0.00000004
302548.4009232156,4123882.4274012144,-2.0002954677471005,0.00000004
302548.38010244136,4123882.381942493,-2.0002954677183804,0.00000003
302548.359281667,4123882.3364837714,-2.000295467381779,0.00000003
302548.33846089256,4123882.2910250505,-2.0002954662481565,0.00000003
302548.31764011824,4123882.245566329,-2.000295466359058,0.00000002
302548.29681934393,4123882.2001076075,-2.000295466699769,0.00000002
302548.2759985697,4123882.1546488856,-2.0002954674984315,0.00000001
302548.2551777954,4123882.109190164,-2.0002954675383644,0.00000001
302548.23435702117,4123882.0637314427,-2.000295467540361,0.00000001
302548.2135362469,4123882.018272721,-2.000295467708044,0.00000001
302548.19271547254,4123881.9728139997,-2.0002954672136792,0.00000001
302548.1718946981,4123881.9273552783,-2.0002954665186294,0.00000000
302548.1510739238,4123881.881896557,-2.0002954663162944,0.00000001
302548.13025314955,4123881.8364378354,-2.000295466641343,0.00000000
302548.1094323753,4123881.790979114,-2.000295467160344,0.00000000
302548.088611601,4123881.7455203924,-2.000295467186294,0.00000001
302548.0677908268,4123881.700061671,-2.0002954675227578,0.00000000
302548.0469700526,4123881.6546029495,-2.0002954677071636,0.00000000
302548.02614927833,4123881.609144228,-2.000295467716384,0.00000000
302548.00532850396,4123881.5636855066,-2.000295467381679,0.00000000
302547.98450772953,4123881.518226785,-2.0002954668621955,0.00000000
302547.9636869552,4123881.4727680637,-2.000295467003804,0.00000001
302547.9428661809,4123881.427309342,-2.0002954673460502,0.00000000
302547.92204540665,4123881.3818506207,-2.0002954675307456,0.00000001
302547.9012246324,4123881.3363918993,-2.00029546753998,0.00000000
302547.88040385814,4123881.290933178,-2.000295467540442,0.00000000
302547.8595830839,4123881.2454744563,-2.000295467708048,0.00000000
302547.8387623095,4123881.200015735,-2.0002954673812625,0.00000001
302547.8179415351,4123881.1545570134,-2.0002954668621746,0.00000000
302547.7971207608,4123881.109098292,-2.000295466668637,0.00000001
302547.7762999865,4123881.0636395705,-2.000295466826543,0.00000001
302547.75547921227,4123881.018180849,-2.000295467337187,0.00000000
302547.73465843796,4123880.9727221276,-2.0002954675303024,0.00000000
302547.7138376637,4123880.927263406,-2.0002954673723754,0.00000000
302547.69301688945,4123880.8818046846,-2.000295467364479,0.00000000
302547.6721961152,4123880.836345963,-2.000295467364084,0.00000000
302547.6513753409,4123880.7908872417,-2.000295467196481,0.00000000
302547.63055456645,4123880.7454285203,-2.0002954666853525,0.00000000
302547.6097337921,4123880.699969799,-2.0002954664922132,0.00000000
302547.5889130179,4123880.6545110773,-2.0002954673204707,0.00000000
302547.56809224363,4123880.609052356,-2.0002954675294666,0.00000000
302547.5472714694,4123880.5635936344,-2.000295467539916,0.00000000
302547.5264506951,4123880.518134913,-2.000295467708021,0.00000000
302547.50562992087,4123880.4726761915,-2.0002954677164264,0.00000000
302547.48480914655,4123880.42721747,-2.000295467549264,0.00000000
302547.46398837207,4123880.3817587486,-2.0002954668705746,0.00000000
302547.44316759775,4123880.336300027,-2.000295466669057,0.00000000
302547.4223468235,4123880.2908413056,-2.000295466826564,0.00000001
302547.4015260492,4123880.245382584,-2.000295467169605,0.00000000
302547.38070527493,4123880.1999238627,-2.0002954675219233,0.00000001
302547.3598845007,4123880.1544651412,-2.000295467539539,0.00000001
302547.3390637264,4123880.10900642,-2.00029546754042,0.00000001
302547.31824295217,4123880.0635476983,-2.0002954677080464,0.00000001
302547.29742217786,4123880.018088977,-2.0002954675488454,0.00000001
302547.2766014034,4123879.9726302554,-2.0002954668705537,0.00000000
302547.25578062906,4123879.927171534,-2.0002954660550123,0.00000000
302547.2349598548,4123879.8817128125,-2.0002954669634447,0.00000000
302547.21413908055,4123879.836254091,-2.0002954673440323,0.00000000
302547.19331830624,4123879.7907953695,-2.0002954671954787,0.00000000
302547.172497532,4123879.745336648,-2.000295467355634,0.00000000
302547.1516767578,4123879.6998779266,-2.000295466917181,0.00000000
302547.1308559835,4123879.6544192047,-2.000295467341719,0.00000001
302547.1100352091,4123879.6089604837,-2.000295466413736,0.00000000
302547.08921443473,4123879.563501762,-2.0002954660321715,0.00000000
302547.0683936605,4123879.5180430408,-2.0002954661806758,0.00000000
302547.04757288616,4123879.4725843193,-2.000295466523267,0.00000000
302547.0267521119,4123879.4271255974,-2.00029546810365,0.00000001
302547.00593133766,4123879.381666876,-2.0002954675686255,0.00000001
302546.9851105634,4123879.3362081544,-2.000295467541874,0.00000001
302546.96428978915,4123879.290749433,-2.0002954677081193,0.00000001
302546.94346901483,4123879.2452907115,-2.000295467548849,0.00000000
302546.9226482404,4123879.19983199,-2.0002954670381365,0.00000000
302546.90182746603,4123879.154373269,-2.000295466230974,0.00000001
302546.8810066918,4123879.108914547,-2.0002954673074087,0.00000001
302546.8601859175,4123879.0634558257,-2.0002954676963958,0.00000000
302546.8393651432,4123879.017997104,-2.0002954675482627,0.00000001
302546.81854436896,4123878.9725383827,-2.000295467540856,0.00000000
302546.7977235947,4123878.9270796613,-2.000295467372903,0.00000000
302546.7769028204,4123878.88162094,-2.000295467196922,0.00000000
302546.75608204596,4123878.8361622184,-2.0002954666853743,0.00000000
302546.7352612716,4123878.790703497,-2.0002954663246317,0.00000000
302546.71444049734,4123878.7452447754,-2.000295466474177,0.00000000
302546.6936197231,4123878.699786054,-2.000295466984403,0.00000000
302546.6727989489,4123878.6543273325,-2.000295467512663,0.00000000
302546.65197817463,4123878.608868611,-2.0002954675390763,0.00000000
302546.6311574004,4123878.5634098896,-2.0002954677079794,0.00000000
302546.6103366261,4123878.517951168,-2.0002954677164246,0.00000000
302546.5895158518,4123878.4724924467,-2.000295467549264,0.00000001
302546.5686950774,4123878.427033725,-2.0002954670381574,0.00000001
302546.547874303,4123878.3815750037,-2.000295466845019,0.00000001
302546.52705352876,4123878.3361162823,-2.000295467338111,0.00000001
302546.50623275444,4123878.290657561,-2.0002954675303486,0.00000000
302546.4854119802,4123878.2451988393,-2.0002954675399605,0.00000001
302546.46459120593,4123878.199740118,-2.000295467540441,0.00000001
302546.4437704317,4123878.1542813964,-2.000295467540465,0.00000001
302546.42294965737,4123878.108822675,-2.0002954675404663,0.00000001
302546.40212888294,4123878.0633639535,-2.0002954670377173,0.00000000
302546.38130810857,4123878.017905232,-2.000295466677414,0.00000000
302546.3604873343,4123877.9724465106,-2.000295466659399,0.00000001
302546.33966656006,4123877.926987789,-2.000295466993664,0.00000000
302546.3188457858,4123877.8815290676,-2.000295467345543,0.00000000
302546.2980250115,4123877.836070346,-2.000295467195554,0.00000000
302546.27720423724,4123877.7906116247,-2.0002954673556377,0.00000000
302546.256383463,4123877.7451529033,-2.000295467363642,0.00000000
302546.23556268873,4123877.699694182,-2.000295467364042,0.00000000
302546.21474191436,4123877.6542354603,-2.0002954670288964,0.00000001
302546.19392114,4123877.608776739,-2.000295466676973,0.00000000
302546.17310036573,4123877.5633180174,-2.000295466659377,0.00000000
302546.1522795914,4123877.517859296,-2.000295467161246,0.00000000
302546.13145881717,4123877.4724005745,-2.0002954675215054,0.00000000
302546.1106380429,4123877.426941853,-2.000295467539518,0.00000000
302546.08981726866,4123877.3814831316,-2.0002954675404188,0.00000001
302546.0689964944,4123877.33602441,-2.0002954677080464,0.00000000
302546.04817572015,4123877.2905656886,-2.0002954677164277,0.00000000
302546.02735494566,4123877.245106967,-2.0002954670465156,0.00000000
302546.0065341713,4123877.1996482457,-2.000295466677854,0.00000001
302545.98571339704,4123877.1541895242,-2.0002954671621698,0.00000001
302545.9648926228,4123877.108730803,-2.000295467689134,0.00000000
302545.94407184847,4123877.0632720813,-2.0002954675478994,0.00000001
302545.9232510742,4123877.01781336,-2.000295467540838,0.00000001
302545.90243029996,4123876.9723546384,-2.000295467372902,0.00000000
302545.8816095257,4123876.926895917,-2.0002954667504613,0.00000001
302545.8607887513,4123876.8814371955,-2.0002954662165906,0.00000000
302545.83996797685,4123876.835978474,-2.0002954656871483,0.00000000
302545.8191472026,4123876.7905197525,-2.0002954661634247,0.00000000
302545.79832642834,4123876.745061031,-2.0002954673040314,0.00000000
302545.77750565414,4123876.6996023096,-2.0002954675286446,0.00000001
302545.7566848799,4123876.6541435877,-2.000295467539875,0.00000000
302545.73586410563,4123876.608684866,-2.0002954677080194,0.00000000
302545.7150433314,4123876.5632261448,-2.0002954677164264,0.00000000
302545.69422255695,4123876.5177674233,-2.0002954672140985,0.00000000
302545.6734017825,4123876.4723087023,-2.0002954660721897,0.00000000
302545.65258100827,4123876.426849981,-2.000295466517843,0.00000000
302545.631760234,4123876.381391259,-2.000295468270962,0.00000000
302545.6109394597,4123876.3359325374,-2.000295467576991,0.00000000
302545.59011868545,4123876.290473816,-2.0002954675422924,0.00000001
302545.5692979112,4123876.2450150945,-2.0002954675405578,0.00000001
302545.54847713694,4123876.199556373,-2.0002954675404707,0.00000001
302545.5276563625,4123876.1540976516,-2.0002954672053006,0.00000000
302545.5068355881,4123876.1086389306,-2.00029546607175,0.00000000
302545.4860148138,4123876.0631802087,-2.0002954666291157,0.00000001
302545.46519403957,4123876.017721487,-2.000295466656984,0.00000001
302545.4443732653,4123875.9722627657,-2.0002954669935433,0.00000001
302545.42355249106,4123875.9268040443,-2.0002954673455373,0.00000000
302545.40273171675,4123875.881345323,-2.0002954671955537,0.00000000
302545.3819109425,4123875.8358866014,-2.0002954673556377,0.00000000
302545.36109016824,4123875.79042788,-2.000295467363642,0.00000000
302545.340269394,4123875.7449691584,-2.000295467364042,0.00000000
302545.3194486196,4123875.699510437,-2.0002954670288964,0.00000001
302545.29862784524,4123875.6540517155,-2.000295466676973,0.00000000
302545.277807071,4123875.608592994,-2.000295467162126,0.00000000
302545.2569862967,4123875.5631342726,-2.0002954675215494,0.00000000
302545.2361655224,4123875.517675551,-2.0002954675395204,0.00000000
302545.21534474817,4123875.4722168297,-2.0002954675404188,0.00000000
302545.1945239739,4123875.426758108,-2.000295467540464,0.00000000
302545.17370319966,4123875.3812993867,-2.0002954677080487,0.00000000
302545.15288242523,4123875.3358406653,-2.0002954672136797,0.00000000
302545.1320616508,4123875.290381944,-2.0002954666862123,0.00000000
302545.11124087655,4123875.2449232223,-2.0002954671625877,0.00000000
302545.0904201023,4123875.199464501,-2.000295467689155,0.00000000
302545.06959932804,4123875.1540057794,-2.000295467715483,0.00000000
302545.0487785537,4123875.108547058,-2.000295467549217,0.00000000
302545.0279577795,4123875.0630883365,-2.0002954675409037,0.00000000
302545.0071370052,4123875.017629615,-2.000295467540488,0.00000000
302544.9863162308,4123874.9721708936,-2.0002954670377187,0.00000000
302544.96549545636,4123874.926712172,-2.0002954663422488,0.00000000
302544.9446746821,4123874.8812534506,-2.0002954668102237,0.00000000
302544.92385390785,4123874.835794729,-2.0002954673363713,0.00000000
302544.9030331336,4123874.7903360077,-2.0002954673626787,0.00000000
302544.88221235934,4123874.7448772863,-2.000295467363994,0.00000000
302544.8613915851,4123874.699418565,-2.00029546736406,0.00000000
302544.8405708109,4123874.6539598433,-2.0002954676992286,0.00000000
302544.81975003646,4123874.608501122,-2.0002954672132383,0.00000000
302544.79892926203,4123874.5630424004,-2.00029546668619,0.00000000
302544.7781084878,4123874.517583679,-2.000295466659838,0.00000000
302544.7572877135,4123874.4721249575,-2.000295466993686,0.00000000
302544.73646693927,4123874.426666236,-2.0002954676807096,0.00000000
302544.71564616496,4123874.3812075146,-2.0002954675474784,0.00000000
302544.6948253907,4123874.335748793,-2.0002954675408167,0.00000000
302544.67400461645,4123874.2902900716,-2.0002954675404836,0.00000000
302544.6531838422,4123874.24483135,-2.000295467540467,0.00000000
302544.6323630678,4123874.1993726287,-2.0002954673728834,0.00000000
302544.61154229334,4123874.1539139072,-2.0002954666941726,0.00000000
302544.5907215191,4123874.108455186,-2.0002954660461936,0.00000000
302544.5699007448,4123874.0629964643,-2.0002954669630038,0.00000000
302544.5490799706,4123874.017537743,-2.000295467511593,0.00000000
302544.5282591963,4123873.9720790214,-2.0002954675390225,0.00000000
302544.507438422,4123873.9266203,-2.000295467372811,0.00000000
302544.48661764775,4123873.8811615785,-2.000295466750457,0.00000000
302544.4657968735,4123873.8357028565,-2.000295467333383,0.00000000
302544.4449760991,4123873.7902441355,-2.0002954664133195,0.00000000
302544.4241553247,4123873.744785414,-2.0002954658645673,0.00000000
302544.40333455044,4123873.6993266926,-2.000295466172296,0.00000000
302544.3825137762,4123873.653867971,-2.000295466690431,0.00000000
302544.36169300193,4123873.608409249,-2.0002954674979643,0.00000000
302544.3408722277,4123873.5629505278,-2.0002954675383413,0.00000000
302544.3200514534,4123873.5174918063,-2.00029546754036,0.00000000
302544.2992306792,4123873.472033085,-2.000295467540461,0.00000000
302544.2784099048,4123873.4265743634,-2.000295467372883,0.00000000
302544.2575891304,4123873.381115642,-2.0002954668617554,0.00000000
302544.23676835606,4123873.3356569204,-2.000295467003782,0.00000000
302544.2159475818,4123873.290198199,-2.000295467513632,0.00000000
302544.19512680755,4123873.2447394775,-2.000295467706707,0.00000000
302544.1743060333,4123873.199280756,-2.0002954677163607,0.00000000
302544.153485259,4123873.1538220346,-2.0002954665437636,0.00000000
302544.1326644847,4123873.108363313,-2.0002954684961285,0.00000000
302544.11184371036,4123873.0629045917,-2.0002954695992443,0.00000000
302544.0910229359,4123873.01744587,-2.0002954676434053,0.00000000
302544.0702021616,4123872.9719871487,-2.000295466540116,0.00000000
302544.04938138736,4123872.9265284273,-2.000295466540116,0.00000000
