302552.0899702598,4123890.599731214,-1.8448561644089059,0.00000000
302552.06927140657,4123890.554216848,-1.989977148918684,0.00000000
302552.0485725531,4123890.508702483,-1.9972331966947845,0.00000000
302552.0278736997,4123890.4631881174,-1.9975959989158016,0.00000000
302552.0071748465,4123890.4176737517,-1.9976141401406646,0.00000000
302551.9864759932,4123890.372159386,-1.9976150475374839,0.00000000
302551.96577713976,4123890.326645021,-1.9976150916257245,0.00000000
302551.94507828634,4123890.281130655,-1.9976150934945605,0.00000000
302551.92437943316,4123890.2356162895,-1.9976150948696025,0.00000000
302551.90368057985,4123890.190101924,-1.9976150949383547,0.00000000
302551.88298172643,4123890.1445875587,-1.997615093660192,0.00000000
302551.862282873,4123890.099073193,-1.9976150935962838,0.00000000
302551.8415840198,4123890.0535588274,-1.9976150948746887,0.00000000
302551.8208851665,4123890.0080444617,-1.997615094938609,0.00000000
302551.8001863131,4123889.9625300965,-1.9976150936602046,0.00000000
302551.7794874598,4123889.917015731,-1.9976150939318607,0.00000000
302551.7587886066,4123889.871501365,-1.9976150952270435,0.00000000
302551.7380897532,4123889.8259869996,-1.9976150949562268,0.00000000
302551.7173908998,4123889.7804726344,-1.9976150938288737,0.00000000
302551.6966920465,4123889.7349582687,-1.9976150939402941,0.00000000
302551.6759931933,4123889.689443903,-1.997615094281441,0.00000000
302551.6552943399,4123889.6439295374,-1.9976150944055824,0.00000000
302551.63459548645,4123889.598415172,-1.9976150938013415,0.00000000
302551.61389663315,4123889.5529008065,-1.9976150941067055,0.00000000
302551.5931977799,4123889.507386441,-1.9976150941219737,0.00000000
302551.57249892654,4123889.461872075,-1.997615094397609,0.00000000
302551.55180007324,4123889.4163577096,-1.9976150947469669,0.00000000
302551.53110122,4123889.3708433444,-1.9976150946573508,0.00000000
302551.5104023666,4123889.3253289787,-1.9976150941495059,0.00000000
302551.48970351316,4123889.279814613,-1.9976150942311977,0.00000000
302551.4690046599,4123889.2343002474,-1.9976150947386462,0.00000000
302551.44830580667,4123889.188785882,-1.9976150946569347,0.00000000
302551.42760695325,4123889.1432715165,-1.9976150941494852,0.00000000
302551.40690809983,4123889.097757151,-1.9976150942311965,0.00000000
302551.3862092466,4123889.052242785,-1.9976150947386462,0.00000000
302551.36551039334,4123889.00672842,-1.9976150943213586,0.00000000
302551.3448115399,4123888.9612140544,-1.9976150937971302,0.00000000
302551.3241126865,4123888.9156996887,-1.9976150942135789,0.00000000
302551.30341383326,4123888.870185323,-1.9976150949055536,0.00000000
302551.28271498,4123888.824670958,-1.9976150943297042,0.00000000
302551.2620161266,4123888.779156592,-1.9976150937975476,0.00000000
302551.2413172733,4123888.7336422266,-1.9976150945491757,0.00000000
302551.22061842005,4123888.688127861,-1.9976150952579093,0.00000000
302551.1999195667,4123888.6426134957,-1.9976150943473219,0.00000000
302551.1792207132,4123888.59709913,-1.9976150936306403,0.00000000
302551.15852185996,4123888.5515847644,-1.9976150945408304,0.00000000
302551.1378230067,4123888.5060703987,-1.9976150947541278,0.00000000
302551.11712415336,4123888.4605560335,-1.9976150938187687,0.00000000
302551.0964252999,4123888.415041668,-1.9976150937720007,0.00000000
302551.07572644664,4123888.369527302,-1.9976150947156863,0.00000000
302551.0550275934,4123888.3240129366,-1.9976150947628706,0.00000000
302551.03432874003,4123888.2784985714,-1.9976150939869939,0.00000000
302551.01362988673,4123888.2329842057,-1.997615094283776,0.00000000
302550.9929310335,4123888.18746984,-1.9976150952446394,0.00000000
302550.97223218,4123888.1419554744,-1.9976150946215303,0.00000000
302550.95153332665,4123888.096441109,-1.9976150938121389,0.00000000
302550.9308344734,4123888.0509267435,-1.9976150942750333,0.00000000
302550.9101356201,4123888.005412378,-1.9976150950764142,0.00000000
302550.8894367667,4123887.959898012,-1.997615094780907,0.00000000
302550.8687379133,4123887.914383647,-1.9976150938201078,0.00000000
302550.8480390601,4123887.8688692814,-1.9976150942754318,0.00000000
302550.8273402068,4123887.8233549157,-1.997615094298198,0.00000000
302550.80664135335,4123887.77784055,-1.9976150942386321,0.00000000
302550.7859425,4123887.732326185,-1.997615093792994,0.00000000
302550.7652436467,4123887.686811819,-1.997615094106288,0.00000000
302550.74454479344,4123887.6412974535,-1.9976150942897408,0.00000000
302550.72384594,4123887.595783088,-1.9976150944059974,0.00000000
302550.7031470867,4123887.550268722,-1.997615094579598,0.00000000
302550.68244823354,4123887.504754357,-1.9976150946489823,0.00000000
302550.6617493801,4123887.4592399914,-1.9976150943168756,0.00000000
302550.6410505267,4123887.4137256257,-1.997615094407354,0.00000000
302550.6203516734,4123887.36821126,-1.997615094579666,0.00000000
302550.59965282015,4123887.322696895,-1.9976150944811977,0.00000000
302550.5789539668,4123887.277182529,-1.9976150943084863,0.00000000
302550.55825511337,4123887.2316681636,-1.9976150944069346,0.00000000
302550.53755626007,4123887.186153798,-1.9976150947474332,0.00000000
302550.5168574068,4123887.1406394327,-1.99761509415401,0.00000000
302550.49615855346,4123887.095125067,-1.997615093788763,0.00000000
302550.47545970004,4123887.0496107014,-1.9976150943809485,0.00000001
302550.45476084674,4123887.0040963357,-1.9976150947461337,0.00000001
302550.4340619935,4123886.9585819705,-1.997615094153945,0.00000001
302550.4133631401,4123886.913067605,-1.9976150936209713,0.00000000
302550.39266428683,4123886.867553239,-1.9976150947081348,0.00000000
302550.3719654336,4123886.8220388736,-1.9976150952658573,0.00000000
302550.35126658017,4123886.7765245084,-1.9976150941799313,0.00000000
302550.33056772675,4123886.7310101427,-1.9976150936222707,0.00000000
302550.3098688735,4123886.685495777,-1.9976150947081999,0.00000000
302550.28917002026,4123886.6399814114,-1.9976150949302844,0.00000001
302550.26847116684,4123886.594467046,-1.9976150938275765,0.00000000
302550.2477723134,4123886.5489526805,-1.997615093604653,0.00000000
302550.2270734602,4123886.503438315,-1.997615094707319,0.00000000
302550.20637460693,4123886.457923949,-1.9976150949302405,0.00000000
302550.1856757535,4123886.412409584,-1.9976150938275743,0.00000000
302550.1649769002,4123886.3668952184,-1.997615093940229,0.00000000
302550.14427804697,4123886.3213808527,-1.997615095059674,0.00000000
302550.1235791936,4123886.275866487,-1.9976150949478582,0.00000000
302550.1028803402,4123886.230352122,-1.9976150938284554,0.00000000
302550.0821814869,4123886.184837756,-1.997615093940273,0.00000000
302550.06148263364,4123886.1393233906,-1.9976150950596763,0.00000000
302550.0407837803,4123886.093809025,-1.9976150951156464,0.00000001
302550.02008492686,4123886.0482946597,-1.9976150940046327,0.00000000
302549.99938607356,4123886.002780294,-1.99761509411687,0.00000000
302549.9786872203,4123885.9572659284,-1.997615094122482,0.00000000
302549.95798836695,4123885.9117515627,-1.9976150945654223,0.00000001
302549.93728951353,4123885.8662371975,-1.9976150938093336,0.00000000
302549.91659066017,4123885.820722832,-1.9976150939393171,0.00000000
302549.8958918069,4123885.775208466,-1.9976150941136042,0.00000000
302549.87519295356,4123885.7296941006,-1.9976150943971904,0.00000000
302549.8544941003,4123885.684179735,-1.9976150947469458,0.00000000
302549.833795247,4123885.6386653697,-1.9976150944895616,0.00000001
302549.81309639366,4123885.593151004,-1.9976150943089044,0.00000000
302549.79239754024,4123885.5476366384,-1.9976150944069555,0.00000000
302549.77169868693,4123885.5021222727,-1.997615094579646,0.00000000
302549.7509998337,4123885.4566079075,-1.9976150946489848,0.00000001
302549.7303009803,4123885.411093542,-1.9976150950951117,0.00000000
302549.7096021269,4123885.365579176,-1.9976150944462658,0.00000001
302549.6889032736,4123885.3200648106,-1.9976150947493996,0.00000000
302549.66820442036,4123885.2745504454,-1.9976150943218964,0.00000000
302549.647505567,4123885.2290360797,-1.9976150939649453,0.00000000
302549.6268067135,4123885.183521714,-1.9976150940541815,0.00000000
302549.6061078602,4123885.138007349,-1.9976150939515596,0.00000000
302549.58540900704,4123885.092492983,-1.9976150942820043,0.00000000
302549.5647101536,4123885.0469786176,-1.9976150937951627,0.00000000
302549.5440113003,4123885.001464252,-1.9976150945490565,0.00000000
302549.52331244707,4123884.9559498862,-1.9976150950901155,0.00000000
302549.50261359377,4123884.910435521,-1.9976150945067201,0.00000000
302549.4819147403,4123884.8649211554,-1.9976150939741864,0.00000000
302549.461215887,4123884.8194067897,-1.9976150945580076,0.00000000
302549.44051703374,4123884.773892424,-1.997615095090563,0.00000000
302549.4198181804,4123884.728378059,-1.9976150943389546,0.00000000
302549.39911932696,4123884.682863693,-1.9976150939657982,0.00000000
302549.37842047366,4123884.6373493276,-1.9976150947253761,0.00000000
302549.35772162036,4123884.591834962,-1.997615094595567,0.00000000
302549.33702276705,4123884.5463205967,-1.9976150938108408,0.00000000
302549.31632391363,4123884.500806231,-1.9976150937716044,0.00000000
302549.29562506033,4123884.4552918654,-1.9976150947156666,0.00000000
302549.274926207,4123884.4097774997,-1.9976150945950817,0.00000000
302549.25422735367,4123884.3642631345,-1.9976150936430281,0.00000001
302549.2335285004,4123884.318748769,-1.9976150940987898,0.00000000
302549.2128296472,4123884.273234403,-1.99761509523539,0.00000000
302549.19213079376,4123884.2277200376,-1.997615094956644,0.00000000
302549.17143194034,4123884.1822056724,-1.9976150938288946,0.00000000
302549.1507330871,4123884.1366913067,-1.997615094108083,0.00000000
302549.13003423385,4123884.091176941,-1.9976150949002787,0.00000000
302549.10933538043,4123884.0456625754,-1.9976150944365243,0.00000000
302549.088636527,4123884.00014821,-1.9976150936351003,0.00000000
302549.0679376737,4123883.9546338446,-1.9976150939306054,0.00000000
302549.04723882047,4123883.909119479,-1.9976150947236166,0.00000000
302549.0265399671,4123883.8636051132,-1.9976150944276911,0.00000000
302549.0058411138,4123883.818090748,-1.9976150939702348,0.00000000
302548.98514226056,4123883.7725763824,-1.997615094450726,0.00000000
302548.9644434072,4123883.7270620167,-1.9976150950851987,0.00000000
302548.9437445538,4123883.681547651,-1.9976150946135582,0.00000000
302548.9230457005,4123883.636033286,-1.9976150941473163,0.00000000
302548.90234684723,4123883.59051892,-1.9976150944595803,0.00000000
302548.88164799387,4123883.5450045546,-1.9976150950856415,0.00000000
302548.86094914045,4123883.499490189,-1.9976150946135804,0.00000000
302548.8402502871,4123883.4539758237,-1.9976150939795294,0.00000001
302548.81955143384,4123883.408461458,-1.9976150941156148,0.00000001
302548.7988525805,4123883.3629470924,-1.997615093786843,0.00000000
302548.7781537271,4123883.3174327267,-1.9976150943808524,0.00000000
302548.75745487376,4123883.2719183615,-1.997615093967893,0.00000000
302548.7367560205,4123883.226403996,-1.997615094115033,0.00000000
302548.71605716716,4123883.18088963,-1.997615093786814,0.00000000
302548.69535831385,4123883.1353752646,-1.997615094548639,0.00000000
302548.6746594606,4123883.089860899,-1.9976150952578826,0.00000000
302548.65396060725,4123883.0443465337,-1.9976150945151085,0.00000000
302548.6332617538,4123882.998832168,-1.9976150938068178,0.00000000
302548.6125629005,4123882.9533178024,-1.9976150945496391,0.00000000
302548.5918640473,4123882.9078034367,-1.9976150952579326,0.00000001
302548.5711651939,4123882.8622890715,-1.997615094515111,0.00000000
302548.55046634044,4123882.816774706,-1.9976150936390298,0.00000000
302548.52976748714,4123882.77126034,-1.9976150943734619,0.00000000
302548.50906863395,4123882.7257459746,-1.9976150949135476,0.00000001
302548.4883697806,4123882.6802316094,-1.9976150939945279,0.00000000
302548.4676709271,4123882.6347172437,-1.9976150934452126,0.00000000
302548.4469720738,4123882.589202878,-1.997615094363771,0.00000000
302548.4262732206,4123882.5436885124,-1.997615094913063,0.00000000
302548.40557436727,4123882.498174147,-1.9976150941622914,0.00000000
302548.3848755139,4123882.4526597816,-1.997615093956965,0.00000000
302548.36417666066,4123882.407145416,-1.9976150950605107,0.00000000
302548.34347780736,4123882.3616310502,-1.9976150951156881,0.00000000
302548.32277895394,4123882.316116685,-1.997615094172423,0.00000000
302548.3020801006,4123882.2706023194,-1.9976150939574715,0.00000000
302548.2813812473,4123882.2250879537,-1.997615094892748,0.00000000
302548.260682394,4123882.179573588,-1.997615094939512,0.00000000
302548.23998354055,4123882.134059223,-1.997615093995826,0.00000000
302548.21928468725,4123882.088544857,-1.9976150939486417,0.00000000
302548.19858583395,4123882.0430304916,-1.9976150945567304,0.00000000
302548.17788698064,4123881.997516126,-1.9976150944193467,0.00000001
302548.1571881272,4123881.9520017607,-1.9976150936342414,0.00000000
302548.1364892739,4123881.906487395,-1.9976150940983504,0.00000000
302548.1157904206,4123881.8609730294,-1.9976150947320037,0.00000000
302548.0950915673,4123881.8154586637,-1.9976150945958984,0.00000001
302548.074392714,4123881.7699442985,-1.9976150941464332,0.00000000
302548.05369386077,4123881.724429933,-1.9976150946273241,0.00000000
302548.0329950074,4123881.678915567,-1.9976150950940288,0.00000000
302548.01229615393,4123881.6334012016,-1.9976150944462117,0.00000000
302547.9915973006,4123881.5878868364,-1.997615093971161,0.00000000
302547.9708984474,4123881.5423724707,-1.9976150942829844,0.00000000
302547.950199594,4123881.496858105,-1.9976150939629995,0.00000000
302547.9295007406,4123881.4513437394,-1.9976150942218722,0.00000000
302547.9088018873,4123881.405829374,-1.997615093959944,0.00000000
302547.88810303406,4123881.3603150086,-1.9976150942824236,0.00000000
302547.8674041807,4123881.314800643,-1.9976150939629715,0.00000000
302547.84670532733,4123881.2692862772,-1.997615094557447,0.00000000
302547.8260064741,4123881.2237719116,-1.997615094922747,0.00000000
302547.8053076208,4123881.1782575464,-1.9976150944983517,0.00000000
302547.78460876737,4123881.1327431807,-1.997615093973768,0.00000000
302547.763909914,4123881.087228815,-1.9976150945579867,0.00000000
302547.74321106076,4123881.0417144494,-1.9976150949227738,0.00000000
302547.7225122074,4123880.996200084,-1.997615094330565,0.00000001
302547.70181335404,4123880.9506857186,-1.9976150939653787,0.00000000
302547.6811145007,4123880.905171353,-1.9976150945575673,0.00000000
302547.66041564744,4123880.8596569872,-1.9976150947549647,0.00000000
302547.6397167941,4123880.814142622,-1.9976150938188106,0.00000001
302547.6190179407,4123880.7686282564,-1.997615093772003,0.00000000
302547.59831908735,4123880.7231138907,-1.9976150945478985,0.00000001
302547.5776202341,4123880.677599525,-1.9976150949222695,0.00000000
302547.55692138075,4123880.63208516,-1.997615093994964,0.00000000
302547.53622252744,4123880.586570794,-1.9976150939485986,0.00000000
302547.5155236742,4123880.5410564286,-1.9976150950600924,0.00000000
302547.49482482084,4123880.495542063,-1.997615095115667,0.00000000
302547.4741259674,4123880.4500276977,-1.9976150940046338,0.00000000
302547.45342711406,4123880.404513332,-1.997615093781294,0.00000000
302547.4327282608,4123880.3589989664,-1.9976150948839393,0.00000000
302547.4120294075,4123880.3134846007,-1.9976150951068594,0.00000000
302547.3913305541,4123880.2679702356,-1.9976150940041935,0.00000000
302547.37063170073,4123880.22245587,-1.997615093781272,0.00000000
302547.3499328475,4123880.1769415042,-1.99761509471615,0.00000000
302547.3292339942,4123880.1314271386,-1.997615094762894,0.00000000
302547.30853514076,4123880.0859127734,-1.997615093819207,0.00000000
302547.2878362874,4123880.0403984077,-1.9976150939398107,0.00000000
302547.26713743416,4123879.994884042,-1.9976150947240767,0.00000000
302547.24643858086,4123879.9493696764,-1.9976150947632902,0.00000000
302547.2257397275,4123879.903855311,-1.997615093987015,0.00000001
302547.2050408742,4123879.8583409456,-1.9976150942837771,0.00000000
302547.1843420209,4123879.81282658,-1.9976150949090634,0.00000000
302547.16364316747,4123879.7673122142,-1.9976150946047515,0.00000000
302547.14294431417,4123879.721797849,-1.997615093979088,0.00000000
302547.12224546087,4123879.6762834834,-1.9976150942833808,0.00000000
302547.10154660756,4123879.6307691177,-1.9976150949090437,0.00000000
302547.08084775414,4123879.585254752,-1.9976150946047504,0.00000000
302547.06014890084,4123879.539740387,-1.997615094146876,0.00000000
302547.03945004754,4123879.494226021,-1.997615094123982,0.00000000
302547.01875119423,4123879.4487116556,-1.9976150945654974,0.00000000
302546.9980523408,4123879.40319729,-1.9976150942519972,0.00000000
302546.9773534875,4123879.3576829247,-1.9976150941292383,0.00000000
302546.9566546342,4123879.312168559,-1.9976150942908883,0.00000000
302546.93595578085,4123879.2666541934,-1.9976150944060547,0.00000000
302546.91525692755,4123879.2211398277,-1.997615094411813,0.00000000
302546.8945580743,4123879.1756254626,-1.997615094472805,0.00000001
302546.873859221,4123879.130111097,-1.9976150946436426,0.00000001
302546.8531603675,4123879.0845967312,-1.9976150944236923,0.00000000
302546.83246151416,4123879.0390823656,-1.997615094244907,0.00000000
302546.811762661,4123878.9935680004,-1.9976150944644597,0.00000000
302546.7910638077,4123878.9480536347,-1.9976150946432254,0.00000000
302546.7703649542,4123878.902539269,-1.9976150945914595,0.00000000
302546.74966610083,4123878.8570249034,-1.9976150944210833,0.00000000
302546.72896724765,4123878.811510538,-1.9976150943054805,0.00000000
302546.70826839434,4123878.7659961726,-1.9976150941319124,0.00000000
302546.68756954087,4123878.720481807,-1.9976150936198698,0.00000000
302546.6668706875,4123878.6749674412,-1.9976150943725037,0.00000000
302546.64617183426,4123878.629453076,-1.9976150941352635,0.00000000
302546.62547298096,4123878.5839387104,-1.9976150939556137,0.00000000
302546.6047741276,4123878.5384243447,-1.997615093946631,0.00000000
302546.58407527435,4123878.492909979,-1.997615094892206,0.00000000
302546.56337642105,4123878.4473956134,-1.9976150951072729,0.00000001
302546.54267756763,4123878.401881248,-1.997615094004214,0.00000000
302546.52197871427,4123878.3563668826,-1.9976150939490611,0.00000000
302546.501279861,4123878.310852517,-1.9976150948923275,0.00000000
302546.48058100767,4123878.2653381513,-1.9976150946039146,0.00000000
302546.4598821543,4123878.219823786,-1.997615093811258,0.00000000
302546.43918330094,4123878.1743094204,-1.9976150939394133,0.00000000
302546.4184844477,4123878.1287950547,-1.9976150948918452,0.00000000
302546.39778559434,4123878.083280689,-1.9976150946038906,0.00000000
302546.377086741,4123878.037766324,-1.997615093811257,0.00000000
302546.35638788773,4123877.992251958,-1.9976150942749893,0.00000000
302546.33568903443,4123877.9467375926,-1.997615095076412,0.00000000
302546.314990181,4123877.901223227,-1.9976150946131188,0.00000000
302546.29429132765,4123877.8557088617,-1.9976150938117183,0.00000000
302546.2735924744,4123877.810194496,-1.9976150942750124,0.00000000
302546.2528936211,4123877.7646801304,-1.9976150952442011,0.00000000
302546.2321947677,4123877.7191657647,-1.9976150947892963,0.00000000
302546.2114959143,4123877.6736513996,-1.9976150938205273,0.00000000
302546.1907970611,4123877.628137034,-1.9976150941076647,0.00000000
302546.1700982078,4123877.5826226682,-1.9976150947324696,0.00000000
302546.14939935436,4123877.5371083026,-1.9976150944281337,0.00000000
302546.12870050094,4123877.4915939374,-1.9976150936346808,0.00000000
302546.1080016477,4123877.4460795717,-1.9976150939305843,0.00000000
302546.08730279445,4123877.400565206,-1.9976150947236155,0.00000000
302546.0666039411,4123877.3550508404,-1.9976150945954791,0.00000000
302546.0459050878,4123877.309536475,-1.9976150943142004,0.00000001
302546.0252062345,4123877.2640221096,-1.9976150944679245,0.00000000
302546.0045073811,4123877.218507744,-1.9976150947504825,0.00000000
302545.98380852776,4123877.1729933782,-1.9976150945968225,0.00000001
302545.96310967446,4123877.127479013,-1.9976150943142674,0.00000000
302545.94241082115,4123877.0819646474,-1.9976150944679278,0.00000000
302545.92171196773,4123877.0364502817,-1.9976150945826947,0.00000000
302545.9010131144,4123876.990935916,-1.997615094420645,0.00000000
302545.8803142611,4123876.945421551,-1.9976150943054587,0.00000000
302545.8596154078,4123876.899907185,-1.9976150939641233,0.00000000
302545.8389165544,4123876.8543928196,-1.9976150936114803,0.00000000
302545.81821770105,4123876.808878454,-1.9976150943720843,0.00000000
302545.7975188478,4123876.7633640887,-1.9976150943030306,0.00000000
302545.7768199945,4123876.717849723,-1.9976150939640018,0.00000000
302545.7561211411,4123876.6723353574,-1.9976150936114743,0.00000000
302545.7354222879,4123876.6268209917,-1.9976150948754483,0.00000000
302545.7147234346,4123876.581306626,-1.9976150952742229,0.00000000
302545.6940245812,4123876.535792261,-1.9976150941803494,0.00000000
302545.67332572775,4123876.4902778952,-1.9976150937900798,0.00000000
302545.65262687457,4123876.4447635296,-1.9976150950521665,0.00000001
302545.63192802126,4123876.399249164,-1.997615095283059,0.00000001
302545.61122916784,4123876.3537347987,-1.9976150943485793,0.00000000
302545.5905303144,4123876.308220433,-1.9976150937984913,0.00000000
302545.5698314612,4123876.2627060674,-1.9976150947170108,0.00000001
302545.5491326079,4123876.2171917018,-1.9976150945951487,0.00000000
302545.52843375446,4123876.1716773366,-1.9976150936430317,0.00000000
302545.5077349011,4123876.126162971,-1.997615093763214,0.00000000
302545.4870360478,4123876.0806486052,-1.997615094547459,0.00000000
302545.46633719455,4123876.0351342396,-1.9976150945866713,0.00000001
302545.4456383412,4123875.9896198744,-1.997615093978184,0.00000001
302545.42493948794,4123875.9441055087,-1.9976150950615716,0.00000001
302545.40424063464,4123875.898591143,-1.9976150952835292,0.00000002
302545.3835417812,4123875.8530767774,-1.9976150947912628,0.00000003
302545.36284292786,4123875.807562412,-1.9976150939884136,0.00000003
302545.3421440746,4123875.7620480466,-1.997615094283847,0.00000003
302545.32144522126,4123875.716533681,-1.9976150945734907,0.00000004
302545.30074636784,4123875.6710193157,-1.9976150934741608,0.00000005
302545.2800475145,4123875.62550495,-1.9976150937547703,0.00000006
302545.25934866123,4123875.5799905844,-1.9976150941043769,0.00000007
302545.2386498079,4123875.5344762187,-1.9976150945645172,0.00000008
302545.21795095457,4123875.488961853,-1.9976150942519482,0.00000010
302545.1972521013,4123875.443447488,-1.9976150942970239,0.00000011
302545.1765532481,4123875.3979331222,-1.9976150948026417,0.00000013
302545.1558543946,4123875.3524187566,-1.9976150947672184,0.00000016
302545.13515554124,4123875.306904391,-1.9976150944298712,0.00000019
302545.114456688,4123875.2613900257,-1.9976150943059199,0.00000022
302545.09375783475,4123875.21587566,-1.9976150948030864,0.00000025
302545.0730589813,4123875.1703612944,-1.9976150947672406,0.00000030
302545.05236012785,4123875.1248469288,-1.9976150942620843,0.00000035
302545.0316612746,4123875.0793325636,-1.9976150939619546,0.00000041
302545.01096242137,4123875.033818198,-1.9976150941147361,0.00000047
302544.99026356795,4123874.9883038322,-1.997615094397247,0.00000055
302544.9695647145,4123874.9427894666,-1.9976150942435846,0.00000064
302544.9488658613,4123874.8972751014,-1.9976150941288175,0.00000074
302544.92816700804,4123874.8517607357,-1.9976150941230792,0.00000086
302544.9074681547,4123874.80624637,-1.9976150945654523,0.00000100
302544.8867693014,4123874.7607320044,-1.9976150949231473,0.00000116
302544.8660704481,4123874.715217639,-1.9976150946661597,0.00000135
302544.8453715947,4123874.6697032736,-1.9976150944855224,0.00000156
302544.8246727413,4123874.624188908,-1.9976150949191507,0.00000180
302544.80397388805,4123874.5786745423,-1.997615095611984,0.00000208
302544.78327503474,4123874.533160177,-1.997615096317778,0.00000240
302544.7625761813,4123874.4876458114,-1.9976150963530677,0.00000277
302544.7418773279,4123874.4421314457,-1.9976150963548323,0.00000320
302544.7211784746,4123874.39661708,-1.9976150979720968,0.00000368
302544.70047962124,4123874.351102715,-1.997615097945876,0.00000424
302544.67978076776,4123874.3055883492,-1.9976150988905892,0.00000488
302544.65908191423,4123874.260073984,-1.9976150989985288,0.00000562
302544.6383830608,4123874.2145596184,-1.997615100621102,0.00000646
302544.6176842074,4123874.1690452527,-1.997615102487195,0.00000742
302544.59698535374,4123874.1235308875,-1.9976151035872278,0.00000852
302544.5762865002,4123874.078016522,-1.9976151067694983,0.00000979
302544.5555876466,4123874.0325021567,-1.9976151105592446,0.00001123
302544.53488879284,4123873.986987791,-1.9976151143793643,0.00001288
302544.5141899391,4123873.941473426,-1.9976151192077314,0.00001477
302544.49349108525,4123873.8959590606,-1.9976151255358991,0.00001692
302544.47279223124,4123873.8504446954,-1.9976151334491492,0.00001938
302544.45209337684,4123873.8049303303,-1.9976151430588296,0.00002220
302544.4313945222,4123873.7594159655,-1.9976151531496116,0.00002541
302544.4106956674,4123873.7139016003,-1.997615166498801,0.00002907
302544.3899968122,4123873.6683872356,-1.99761518185658,0.00003326
302544.3692979567,4123873.6228728713,-1.997615199160456,0.00003804
302544.3485991005,4123873.577358507,-1.997615219292626,0.00004348
302544.3279002435,4123873.5318441433,-1.9976152408014305,0.00004970
302544.30720138596,4123873.4863297795,-1.997615267062808,0.00005679
302544.28650252754,4123873.440815416,-1.9976152982598792,0.00006487
302544.2658036681,4123873.3953010533,-1.9976153364009328,0.00007408
302544.2451048077,4123873.349786691,-1.9976153827145184,0.00008459
302544.2244059461,4123873.3042723294,-1.9976154381473845,0.00009656
302544.20370708307,4123873.258757968,-1.9976155040891732,0.00011021
302544.1830082185,4123873.213243608,-1.9976155815090093,0.00012575
302544.1623093514,4123873.1677292483,-1.99761567027324,0.00014346
302544.1416104816,4123873.1222148906,-1.9976157697790542,0.00016364
302544.12091160833,4123873.0767005337,-1.997615883612624,0.00018661
302544.10021273146,4123873.0311861793,-1.9976160173831758,0.00021277
302544.07951385033,4123872.985671826,-1.9976161751552715,0.00024254
302544.05881496426,4123872.9401574754,-1.9976163590385103,0.00027644
302544.038116073,4123872.8946431275,-1.9976165713803158,0.00031500
302544.01741717575,4123872.849128782,-1.9976168208873113,0.00035888
302543.9967182713,4123872.8036144394,-1.9976171111827985,0.00040878
302543.9760193574,4123872.7581001013,-1.9976174442329089,0.00046550
302543.95532043296,4123872.712585768,-1.9976178286324298,0.00052997
302543.9346214964,4123872.6670714407,-1.9976182716760897,0.00060321
302543.91392254655,4123872.621557119,-1.9976187857950378,0.00068636
302543.8932235806,4123872.5760428044,-1.9976193770264319,0.00078072
302543.8725245963,4123872.5305284983,-1.9976200591879352,0.00088773
302543.85182559094,4123872.485014202,-1.9976208461042642,0.00100898
302543.83112656075,4123872.439499917,-1.997621750915037,0.00114624
302543.8104275024,4123872.393985645,-1.9976227916521527,0.00130147
302543.78972841107,4123872.3484713873,-1.997623987477464,0.00147678
302543.7690292826,4123872.302957147,-1.997625364427918,0.00167450
302543.74833011086,4123872.2574429265,-1.9976269431937204,0.00189707
302543.72763088904,4123872.2119287285,-1.9976287543435347,0.00214711
302543.70693161007,4123872.1664145566,-1.997630830082304,0.00242728
302543.68623226543,4123872.1209004144,-1.997633212171444,0.00274028
302543.6655328453,4123872.0753863063,-1.9976359443138518,0.00308866
302543.6448333383,4123872.029872238,-1.9976390734367606,0.00347469
302543.6241337323,4123871.984358215,-1.9976426600837607,0.00390010
302543.6034340127,4123871.9388442435,-1.9976467679960606,0.00436569
302543.582734163,4123871.893330331,-1.9976514711277158,0.00487091
302543.5620341635,4123871.847816487,-1.9976568484736206,0.00541416
302543.5413339923,4123871.8023027205,-1.9976629934535335,0.00599326
302543.52063362504,4123871.7567890435,-1.9976700234558162,0.00660568
302543.499933033,4123871.7112754686,-1.9976780562283196,0.00724872
302543.4792321841,4123871.665762011,-1.9976872298711708,0.00791970
302543.4585310416,4123871.6202486865,-1.9976977043724182,0.00861596
302543.4378295638,4123871.5747355144,-1.9977096651896202,0.00933499
302543.41712770355,4123871.5292225163,-1.9977233189313481,0.01007443
302543.3964254039,4123871.4837097186,-1.997738893873,0.01083208
302543.37572260393,4123871.438197148,-1.997756661813216,0.01160592
302543.3550192333,4123871.392684837,-1.9977769321475134,0.01239411
302543.33431521186,4123871.3471728223,-1.9978000519072299,0.01319499
302543.31361044664,4123871.301661146,-1.9978264166263258,0.01400701
302543.29290483356,4123871.256149855,-1.9978564772739345,0.01482883
302543.272198253,4123871.210639004,-1.997890748257865,0.01565918
302543.2514905697,4123871.1651286553,-1.9979298120528943,0.01649696
302543.2307816281,4123871.119618879,-1.9979743283240015,0.01734115
302543.2100712524,4123871.0741097555,-1.998025056321398,0.01819082
302543.18935924134,4123871.028601376,-1.99808285244253,0.01904515
302543.168645367,4123870.9830938447,-1.9981486969136981,0.01990336
302543.14792936825,4123870.9375872803,-1.9982236995220273,0.02076475
302543.1272109498,4123870.8920818176,-1.9983091213741355,0.02162865
302543.10648977495,4123870.84657761,-1.9984064047300172,0.02249446
302543.0857654595,4123870.8010748327,-1.9985171779098654,0.02336158
302543.065037567,4123870.755573685,-1.9986432924573105,0.02422945
302543.04430560005,4123870.710074393,-1.9987868528102946,0.02509750
302543.0235689932,4123870.664577216,-1.9989502437701878,0.02596520
302543.00282710476,4123870.619082446,-1.9991361758624553,0.02683198
302542.9820792022,4123870.573590419,-1.9993477112601281,0.02769726
302542.9613244546,4123870.528101514,-1.9995883251614206,0.02856047
302542.94056191744,4123870.4826161643,-1.9998619429438855,0.02942095
302542.91979051643,4123870.437134862,-2.0001729962518002,0.03027806
302542.89900903165,4123870.3916581655,-2.00052648921035,0.03113105
302542.87821607897,4123870.346186712,-2.0009280534136495,0.03197914
302542.85741008655,4123870.300721223,-2.0013840160987204,0.03282147
302542.8365892718,4123870.2552625206,-2.0019014699361866,0.03365706
302542.81575161533,4123870.209811535,-2.0024883457321505,0.03448486
302542.7948948307,4123870.1643693247,-2.0031534706213665,0.03530369
302542.77401633,4123870.1189370877,-2.0039066331107915,0.03611221
302542.75311319006,4123870.0735161817,-2.004758633113711,0.03690896
302542.7321821126,4123870.0281081437,-2.005721301536262,0.03769226
302542.71121938026,4123869.9827147103,-2.0068074919853487,0.03846027
302542.6902208146,4123869.937337843,-2.0080310216935144,0.03921090
302542.66918172763,4123869.891979749,-2.0094065367594474,0.03994184
302542.6480968739,4123869.8466429124,-2.010949273417382,0.04065049
302542.62696040305,4123869.801330118,-2.0126746631212917,0.04133395
302542.6057658174,4123869.756044478,-2.0145977376790176,0.04198904
302542.5845059331,4123869.7107894574,-2.0167322373380356,0.04261221
302542.5631728572,4123869.6655688947,-2.019089340640634,0.04319955
302542.5417579804,4123869.620387014,-2.021675843957399,0.04374684
302542.5202519986,4123869.5752484296,-2.0244916237288084,0.04424946
302542.4986449782,4123869.5301581253,-2.027526123536796,0.04470250
302542.47692648205,4123869.4851214127,-2.0307535298421038,0.04510078
302542.45508577884,4123869.4401438413,-2.03412618150593,0.04543897
302542.43311216973,4123869.3952310546,-2.037581069617306,0.04571172
302542.41099548043,4123869.350388557,-2.0410473491327754,0.04591391
302542.3887267692,4123869.305621363,-2.044453105407365,0.04604102
302542.36629933876,4123869.260933477,-2.0477320135415003,0.04608962
302542.34371014964,4123869.216327141,-2.050830605841917,0.04605805
302542.3209617829,4123869.171801771,-2.0537169427732263,0.04594745
302542.2980608,4123869.127354702,-2.056376146515665,0.04576094
302542.2750161832,4123869.0829819296,-2.058805181704793,0.04550286
302542.251838233,4123869.038678654,-2.061008949120212,0.04517823
302542.2285378014,4123868.9944396685,-2.062997456294867,0.04479237
302542.205125771,4123868.950259638,-2.0647837929793056,0.04435064
302542.1816127118,4123868.90613329,-2.066382699426116,0.04385826
302542.1580086635,4123868.8620555433,-2.067809552856815,0.04332020
302542.134323011,4123868.8180215918,-2.069079697432655,0.04274113
302542.1105644213,4123868.774026949,-2.0702079961083415,0.04212538
302542.0867408247,4123868.730067472,-2.071208543246966,0.04147691
302542.0628594241,4123868.6861393694,-2.0720945017753354,0.04079934
302542.03892672335,4123868.642239194,-2.0728780174180343,0.04009594
302542.0149485695,4123868.598363827,-2.07357020962833,0.03936965
302541.9909301977,4123868.5545104626,-2.074181178856628,0.03862314
302541.96687628067,4123868.5106765847,-2.0747200420007563,0.03785878
302541.94279097905,4123868.466859943,-2.07519500147041,0.03707870
302541.9186779894,4123868.423058532,-2.075613401214198,0.03628479
302541.89454059,4123868.3792705676,-2.0759818047068594,0.03547876
302541.8703816835,4123868.3354944647,-2.0763060508691593,0.03466212
302541.84620383696,4123868.29172882,-2.0765913287172264,0.03383623
302541.8220093185,4123868.247972389,-2.076842246332406,0.03300230
302541.7978001304,4123868.204224073,-2.077062884749117,0.03216142
302541.7735780385,4123868.1604828998,-2.0772568501182533,0.03131456
302541.74934459844,4123868.1167480126,-2.077427330622791,0.03046262
302541.7251011819,4123868.0730186547,-2.0775771460414436,0.02960639
302541.70084899635,4123868.0292941597,-2.0777087776901313,0.02874663
302541.6765891041,4123867.98557394,-2.07782441584195,0.02788400
302541.65232243977,4123867.9418574786,-2.077925988902782,0.02701916
302541.6280498266,4123867.8981443197,-2.078015197291883,0.02615269
302541.60377198766,4123867.854434063,-2.078093534758302,0.02528518
302541.5794895581,4123867.8107263567,-2.0781623199372015,0.02441718
302541.5552030977,4123867.7670208896,-2.078222712106216,0.02354924
302541.53091309767,4123867.72331739,-2.0782757268321395,0.02268193
302541.50661998946,4123867.6796156177,-2.0783222598510562,0.02181581
302541.482324153,4123867.6359153623,-2.0783631013115755,0.02095145
302541.4580259217,4123867.592216438,-2.078398946102947,0.02008947
302541.43372558744,4123867.5485186838,-2.078430396908872,0.01923051
302541.4094234078,4123867.5048219557,-2.078457989826585,0.01837528
302541.3851196091,4123867.4611261277,-2.0784821978067143,0.01752453
302541.3608143898,4123867.41743109,-2.078503432798381,0.01667908
302541.3365079238,4123867.3737367457,-2.0785220573496566,0.01583982
302541.31220036396,4123867.3300430104,-2.0785383889806424,0.01500776
302541.2878918446,4123867.2863498083,-2.07855271007604,0.01418400
302541.2635824842,4123867.2426570747,-2.0785652668320793,0.01336974
302541.2392723858,4123867.1989647513,-2.07857627196756,0.01256633
302541.2149616405,4123867.155272788,-2.0785859157394087,0.01177526
302541.19065032806,4123867.11158114,-2.078594366212845,0.01099817
302541.16633851826,4123867.067889769,-2.0786017682824593,0.01023687
302541.14202627237,4123867.0241986406,-2.078608250149235,0.00949334
302541.1177136445,4123866.980507725,-2.0786139237065058,0.00876973
302541.09340068256,4123866.936816995,-2.0786188901344738,0.00806838
302541.0690874278,4123866.8931264277,-2.0786232375456546,0.00739178
302541.0447739167,4123866.8494360037,-2.078627041365761,0.00674253
302541.0204601808,4123866.805745704,-2.0786303700892823,0.00612334
302540.9961462486,4123866.7620555144,-2.0786332801836784,0.00553691
302540.9718321446,4123866.71836542,-2.0786358246579177,0.00498582
302540.9475178904,4123866.674675409,-2.0786380487361207,0.00447234
302540.92320350464,4123866.6309854714,-2.078639990108993,0.00399821
302540.8988890037,4123866.587295598,-2.078641683279672,0.00356428
302540.87457440206,4123866.5436057807,-2.0786431594435264,0.00316997
302540.85025971255,4123866.499916012,-2.0786444473910595,0.00281373
302540.82594494655,4123866.456226286,-2.0786455713863923,0.00249339
302540.8016301139,4123866.4125365973,-2.078646551191519,0.00220641
302540.77731522324,4123866.368846941,-2.078647408348919,0.00195015
302540.7530002818,4123866.325157312,-2.078648154389324,0.00172191
302540.7286852962,4123866.2814677088,-2.0786488033876784,0.00151906
302540.7043702718,4123866.2377781267,-2.0786493701750266,0.00133912
302540.68005521334,4123866.1940885633,-2.0786498624760443,0.00117974
302540.6557401257,4123866.150399016,-2.078650289447102,0.00103876
302540.63142501214,4123866.106709484,-2.0786506591005245,0.00091418
302540.6071098767,4123866.0630199634,-2.0786509835483207,0.00080421
302540.5827947221,4123866.0193304536,-2.0786512691060723,0.00070722
302540.55847955024,4123865.9756409535,-2.078651515445317,0.00062172
302540.534164364,4123865.931951462,-2.0786517270593277,0.00054640
302540.5098491654,4123865.8882619767,-2.078651911067689,0.00048008
302540.4855339555,4123865.8445724975,-2.0786520698319677,0.00042171
302540.46121873567,4123865.800883024,-2.0786522056522303,0.00037036
302540.4369035068,4123865.7571935556,-2.0786523212051082,0.00032520
302540.412588271,4123865.7135040914,-2.0786524223344114,0.00028549
302540.3882730296,4123865.66981463,-2.0786525135774254,0.00025059
302540.3639577831,4123865.6261251713,-2.0786525937268094,0.00021992
302540.3396425321,4123865.5824357155,-2.078652663044317,0.00019297
302540.31532727694,4123865.5387462615,-2.0786527228161815,0.00016930
302540.2910120181,4123865.49505681,-2.07865277215569,0.00014850
302540.2666967559,4123865.45136736,-2.0786528126137727,0.00013025
302540.2423814908,4123865.407677912,-2.078652844927558,0.00011421
302540.2180662235,4123865.363988465,-2.0786528726465545,0.00010014
302540.19375095435,4123865.320299019,-2.078652895480396,0.00008778
302540.16943568375,4123865.276609574,-2.078652915420151,0.00007694
302540.14512041205,4123865.2329201293,-2.078652933926718,0.00006742
302540.1208051395,4123865.1892306856,-2.078652950678159,0.00005908
302540.0964898658,4123865.145541242,-2.078652965570178,0.00005175
302540.07217459136,4123865.101851799,-2.0786529782025793,0.00004532
302540.0478593163,4123865.0581623563,-2.078652989755636,0.00003969
302540.02354404045,4123865.014472914,-2.0786529992491394,0.00003475
302539.999228764,4123864.970783472,-2.078653006634077,0.00003041
302539.974913487,4123864.9270940307,-2.0786530134304058,0.00002661
302539.9505982095,4123864.8834045893,-2.0786530197141215,0.00002328
302539.9262829318,4123864.8397151483,-2.0786530246108623,0.00002037
302539.90196765383,4123864.7960257074,-2.078653028471891,0.00001781
302539.87765237555,4123864.7523362665,-2.0786530314758327,0.00001557
302539.8533370971,4123864.7086468255,-2.0786530348319014,0.00001360
302539.8290218183,4123864.664957385,-2.0786530359660675,0.00001189
302539.8047065392,4123864.6212679446,-2.078653036022776,0.00001038
302539.7803912601,4123864.577578504,-2.078653036347732,0.00000906
302539.7560759811,4123864.5338890636,-2.078653036847161,0.00000791
302539.73176070204,4123864.490199623,-2.0786530380724177,0.00000690
302539.70744542294,4123864.446510183,-2.0786530382218795,0.00000602
302539.6831301438,4123864.4028207427,-2.078653039912819,0.00000525
302539.6588148647,4123864.359131302,-2.078653040802668,0.00000457
302539.6344995855,4123864.3154418617,-2.0786530418863847,0.00000398
302539.6101843063,4123864.2717524213,-2.078653042101631,0.00000347
302539.58586902707,4123864.2280629813,-2.078653042595575,0.00000302
302539.5615537477,4123864.184373541,-2.078653042459212,0.00000263
302539.5372384682,4123864.140684101,-2.0786530419692117,0.00000228
302539.5129231888,4123864.0969946603,-2.078653041944712,0.00000199
302539.4886079095,4123864.0533052203,-2.0786530412263837,0.00000172
302539.4642926302,4123864.00961578,-2.0786530423907523,0.00000150
302539.4399773508,4123863.96592634,-2.078653042932152,0.00000130
302539.4156620715,4123863.9222368994,-2.0786530432813426,0.00000113
302539.39134679217,4123863.8785474594,-2.0786530432988024,0.00000098
302539.3670315128,4123863.834858019,-2.078653043299675,0.00000085
302539.34271623346,4123863.7911685784,-2.0786530440168227,0.00000073
302539.318400954,4123863.7474791384,-2.0786530430134555,0.00000063
302539.29408567445,4123863.7037896984,-2.0786530424801057,0.00000055
302539.269770395,4123863.660100258,-2.078653042131317,0.00000047
302539.2454551157,4123863.616410818,-2.078653042435999,0.00000041
302539.2211398363,4123863.5727213775,-2.0786530429344143,0.00000035
302539.196824557,4123863.5290319375,-2.078653043281456,0.00000030
302539.17250927765,4123863.485342497,-2.0786530432988077,0.00000026
302539.14819399826,4123863.441653057,-2.0786530432996755,0.00000022
302539.12387871894,4123863.3979636165,-2.078653043299719,0.00000019
302539.0995634395,4123863.3542741765,-2.0786530431386607,0.00000017
302539.07524815993,4123863.310584736,-2.078653042486366,0.00000014
302539.0509328805,4123863.266895296,-2.078653041414527,0.00000012
302539.02661760116,4123863.2232058556,-2.078653042078038,0.00000010
302539.0023023218,4123863.1795164156,-2.078653041555171,0.00000009
302538.97798704245,4123863.135826975,-2.0786530428903727,0.00000008
302538.95367176307,4123863.092137535,-2.078653043118193,0.00000007
302538.92935648374,4123863.0484480946,-2.078653043290645,0.00000005
302538.9050412044,4123863.004758654,-2.078653044016371,0.00000005
302538.8807259251,4123862.961069214,-2.0786530433355535,0.00000004
302538.85641064565,4123862.9173797737,-2.0786530436964954,0.00000003
302538.8320953661,4123862.8736903337,-2.078653042514258,0.00000003
302538.80778008664,4123862.8300008937,-2.0786530414159214,0.00000002
302538.78346480726,4123862.786311453,-2.0786530420781077,0.00000002
302538.75914952793,4123862.742622013,-2.0786530415551745,0.00000001
302538.7348342486,4123862.6989325727,-2.078653042890373,0.00000002
302538.7105189693,4123862.6552431327,-2.078653043440314,0.00000001
302538.6862036899,4123862.6115536923,-2.0786530433067507,0.00000002
302538.66188841057,4123862.567864252,-2.078653044017176,0.00000001
302538.6375731312,4123862.524174812,-2.0786530431745334,0.00000001
302538.6132578518,4123862.4804853713,-2.0786530431324013,0.00000000
302538.58894257224,4123862.4367959313,-2.078653042486053,0.00000000
302538.56462729274,4123862.3931064913,-2.078653041414511,0.00000000
302538.5403120134,4123862.349417051,-2.078653042078037,0.00000000
302538.5159967341,4123862.305727611,-2.078653041555171,0.00000000
302538.49168145476,4123862.2620381704,-2.0786530424071916,0.00000000
302538.4673661754,4123862.21834873,-2.0786530434890165,0.00000001
302538.44305089605,4123862.17465929,-2.078653043309186,0.00000000
302538.41873561667,4123862.1309698494,-2.078653043856237,0.00000000
302538.39442033734,4123862.0872804094,-2.078653043327547,0.00000001
302538.37010505795,4123862.043590969,-2.078653043140052,0.00000000
302538.34578977857,4123861.999901529,-2.0786530431306773,0.00000001
302538.32147449907,4123861.956212089,-2.0786530419299236,0.00000000
302538.29715921957,4123861.9125226485,-2.078653042264868,0.00000001
302538.27284394024,4123861.8688332085,-2.078653041725573,0.00000000
302538.24852866086,4123861.825143768,-2.0786530427378325,0.00000000
302538.22421338153,4123861.7814543275,-2.0786530439887305,0.00000001
302538.19989810215,4123861.7377648875,-2.078653043173111,0.00000000
302538.1755828228,4123861.694075447,-2.0786530440104944,0.00000000
302538.15126754344,4123861.650386007,-2.0786530431741994,0.00000000
302538.12695226405,4123861.6066965666,-2.0786530431323844,0.00000000
302538.10263698455,4123861.5630071266,-2.0786530426471126,0.00000000
302538.07832170505,4123861.5193176866,-2.078653041422564,0.00000000
302538.0540064257,4123861.475628246,-2.07865304207844,0.00000001
302538.02969114634,4123861.431938806,-2.078653041555191,0.00000000
302538.005375867,4123861.3882493656,-2.078653042890374,0.00000001
302537.9810605876,4123861.344559925,-2.0786530438352964,0.00000000
302537.9567453083,4123861.300870485,-2.0786530433265,0.00000001
302537.932430029,4123861.2571810447,-2.078653044018164,0.00000001
302537.90811474965,4123861.2134916047,-2.078653043335643,0.00000000
302537.8837994702,4123861.169802164,-2.0786530429793966,0.00000000
302537.85948419065,4123861.126112724,-2.0786530424784027,0.00000000
302537.8351689112,4123861.082423284,-2.0786530414141287,0.00000000
302537.8108536318,4123861.0387338437,-2.078653042078018,0.00000000
302537.7865383525,4123860.9950444037,-2.07865304155517,0.00000001
302537.76222307316,4123860.9513549632,-2.0786530428903727,0.00000000
302537.73790779384,4123860.907665523,-2.078653044157418,0.00000000
302537.71359251445,4123860.8639760828,-2.078653043342606,0.00000000
302537.6892772351,4123860.8202866423,-2.0786530433018653,0.00000000
302537.66496195574,4123860.7765972023,-2.0786530432998283,0.00000000
302537.64064667636,4123860.732907762,-2.078653043138666,0.00000000
302537.6163313968,4123860.689218322,-2.0786530424863665,0.00000000
302537.5920161173,4123860.645528882,-2.078653041414527,0.00000000
302537.567700838,4123860.6018394413,-2.078653042078038,0.00000001
302537.54338555865,4123860.558150001,-2.0786530422722738,0.00000000
302537.51907027926,4123860.514460561,-2.0786530427651675,0.00000001
302537.49475499993,4123860.4707711204,-2.078653043990097,0.00000000
302537.4704397206,4123860.4270816804,-2.07865304333424,0.00000000
302537.4461244412,4123860.38339224,-2.078653043301447,0.00000000
302537.4218091619,4123860.3397028,-2.0786530432998074,0.00000001
302537.3974938825,4123860.2960133594,-2.078653043138665,0.00000000
302537.37317860295,4123860.2523239194,-2.078653042647427,0.00000000
302537.34886332345,4123860.2086344794,-2.07865304142258,0.00000001
302537.3245480441,4123860.164945039,-2.078653042239501,0.00000000
302537.30023276474,4123860.1212555985,-2.078653042763529,0.00000000
302537.2759174854,4123860.0775661585,-2.0786530432729116,0.00000000
302537.2516022061,4123860.033876718,-2.0786530440154842,0.00000001
302537.2272869267,4123859.990187278,-2.0786530433355095,0.00000000
302537.2029716474,4123859.9464978375,-2.0786530433015105,0.00000001
302537.178656368,4123859.9028083975,-2.0786530432998105,0.00000000
302537.15434108843,4123859.859118957,-2.078653042655484,0.00000000
302537.13002580893,4123859.815429517,-2.078653042140086,0.00000000
302537.1057105296,4123859.771740077,-2.078653041397213,0.00000000
302537.0813952502,4123859.7280506366,-2.0786530420771725,0.00000000
302537.0570799709,4123859.684361196,-2.0786530422722307,0.00000001
302537.0327646915,4123859.640671756,-2.078653042604105,0.00000000
302537.0084494122,4123859.5969823156,-2.078653043982044,0.00000000
302536.98413413286,4123859.5532928756,-2.078653043333837,0.00000001
302536.95981885353,4123859.509603435,-2.078653043301427,0.00000000
302536.93550357415,4123859.465913995,-2.078653043138746,0.00000001
302536.91118829476,4123859.4222245547,-2.078653043130612,0.00000001
302536.88687301526,4123859.3785351147,-2.078653042647024,0.00000000
302536.8625577357,4123859.3348456747,-2.0786530414225597,0.00000000
302536.8382424564,4123859.291156234,-2.07865304207844,0.00000001
302536.81392717705,4123859.2474667937,-2.078653042272294,0.00000001
302536.7896118977,4123859.2037773537,-2.078653042926229,0.00000000
302536.76529661834,4123859.1600879133,-2.07865304399815,0.00000000
302536.740981339,4123859.1163984733,-2.0786530433346426,0.00000000
302536.7166660596,4123859.072709033,-2.078653043140407,0.00000000
302536.6923507803,4123859.029019593,-2.0786530432917556,0.00000000
302536.6680355009,4123858.9853301523,-2.0786530431382624,0.00000000
302536.64372022136,4123858.9416407123,-2.0786530426474066,0.00000001
302536.61940494186,4123858.8979512723,-2.078653041422579,0.00000001
302536.5950896625,4123858.854261832,-2.078653042239501,0.00000000
302536.5707743832,4123858.8105723914,-2.078653042763529,0.00000000
302536.5464591038,4123858.7668829514,-2.078653043111851,0.00000000
302536.5221438245,4123858.723193511,-2.078653043290328,0.00000000
302536.4978285451,4123858.679504071,-2.078653043138191,0.00000000
302536.4735132658,4123858.6358146304,-2.0786530432916446,0.00000001
302536.4491979864,4123858.5921251904,-2.0786530431382566,0.00000000
302536.4248827069,4123858.54843575,-2.0786530428084666,0.00000000
302536.4005674274,4123858.50474631,-2.078653042147735,0.00000000
302536.376252148,4123858.4610568695,-2.0786530421146985,0.00000000
302536.3519368687,4123858.4173674295,-2.078653042113047,0.00000000
302536.3276215893,4123858.373677989,-2.078653042596146,0.00000000
302536.30330631,4123858.329988549,-2.0786530432645423,0.00000001
302536.2789910306,4123858.2862991085,-2.0786530431369017,0.00000000
302536.2546757513,4123858.2426096685,-2.0786530434526407,0.00000000
302536.23036047193,4123858.198920228,-2.078653043307367,0.00000001
302536.2060451926,4123858.155230788,-2.078653043461164,0.00000000
302536.18172991305,4123858.1115413476,-2.078653042663552,0.00000000
302536.1574146335,4123858.0678519076,-2.0786530421404894,0.00000000
302536.13309935416,4123858.024162467,-2.078653042114336,0.00000000
302536.1087840748,4123857.980473027,-2.0786530421130287,0.00000000
302536.08446879545,4123857.9367835866,-2.0786530427572054,0.00000001
302536.06015351607,4123857.8930941466,-2.078653043111535,0.00000000
302536.0358382368,4123857.849404706,-2.0786530434513724,0.00000000
302536.0115229574,4123857.805715266,-2.0786530433073036,0.00000001
302535.9872076781,4123857.7620258257,-2.0786530433001005,0.00000000
302535.9628923987,4123857.7183363857,-2.0786530431386794,0.00000001
302535.93857711914,4123857.674646945,-2.0786530426474275,0.00000000
302535.91426183964,4123857.630957505,-2.0786530421396834,0.00000001
302535.88994656026,4123857.5872680647,-2.078653042114296,0.00000000
302535.86563128093,4123857.5435786247,-2.0786530421130265,0.00000001
302535.8413160016,4123857.4998891843,-2.078653042596145,0.00000000
302535.8170007223,4123857.4561997443,-2.0786530432645423,0.00000000
302535.7926854429,4123857.412510304,-2.078653043297962,0.00000000
302535.76837016357,4123857.368820864,-2.0786530432996333,0.00000000
302535.7440548842,4123857.3251314233,-2.078653043299717,0.00000000
302535.71973960486,4123857.2814419833,-2.078653043299721,0.00000000
302535.69542432536,4123857.237752543,-2.0786530428165397,0.00000000
302535.6711090458,4123857.194063103,-2.078653042309199,0.00000000
302535.6467937664,4123857.1503736624,-2.0786530421227716,0.00000000
302535.6224784871,4123857.1066842224,-2.078653042596632,0.00000000
302535.5981632077,4123857.062994782,-2.078653043103506,0.00000000
302535.5738479284,4123857.019305342,-2.0786530432899104,0.00000000
302535.54953264905,4123856.9756159014,-2.0786530432992305,0.00000000
302535.52521736966,4123856.9319264614,-2.078653043299697,0.00000000
302535.50090209034,4123856.888237021,-2.07865304329972,0.00000001
302535.47658681084,4123856.844547581,-2.0786530428165397,0.00000000
302535.4522715313,4123856.8008581405,-2.078653042148139,0.00000000
302535.4279562519,4123856.7571687005,-2.078653042114719,0.00000000
302535.40364097257,4123856.71347926,-2.078653042113048,0.00000000
302535.3793256932,4123856.66978982,-2.078653041395861,0.00000000
302535.35501041386,4123856.6261003795,-2.0786530425602865,0.00000001
302535.33069513453,4123856.5824109395,-2.0786530432627495,0.00000001
302535.3063798552,4123856.538721499,-2.078653043458933,0.00000000
302535.2820645758,4123856.495032059,-2.078653043146621,0.00000001
302535.2577492965,4123856.4513426186,-2.078653043292066,0.00000000
302535.2334340171,4123856.407653178,-2.078653043855381,0.00000000
302535.2091187376,4123856.363963738,-2.078653042844323,0.00000000
302535.18480345805,4123856.320274298,-2.078653042149528,0.00000001
302535.16048817866,4123856.2765848576,-2.078653042114788,0.00000000
302535.1361728994,4123856.2328954176,-2.0786530415570086,0.00000000
302535.11185762,4123856.189205977,-2.078653042568344,0.00000000
302535.0875423407,4123856.145516537,-2.0786530432631523,0.00000000
302535.0632270613,4123856.1018270967,-2.078653043136832,0.00000000
302535.038911782,4123856.0581376567,-2.0786530432915766,0.00000000
302535.0145965026,4123856.014448216,-2.0786530431382535,0.00000000
302534.99028122326,4123855.9707587757,-2.0786530440087514,0.00000000
302534.96596594376,4123855.9270693357,-2.0786530428519914,0.00000000
302534.9416506642,4123855.8833798957,-2.0786530423109717,0.00000000
302534.9173353849,4123855.8396904552,-2.0786530422839204,0.00000000
302534.8930201055,4123855.796001015,-2.0786530426046896,0.00000000
302534.86870482616,4123855.7523115748,-2.0786530432649695,0.00000000
302534.8443895468,4123855.7086221348,-2.078653043136923,0.00000000
302534.82007426745,4123855.6649326943,-2.078653043291581,0.00000000
302534.79575898807,4123855.6212432543,-2.0786530431382535,0.00000000
302534.77144370874,4123855.577553814,-2.0786530432916477,0.00000000
302534.74712842924,4123855.533864374,-2.078653042816136,0.00000000
302534.7228131497,4123855.4901749333,-2.078653042309179,0.00000000
302534.69849787035,4123855.4464854933,-2.078653042283831,0.00000000
302534.67418259097,4123855.402796053,-2.0786530421215033,0.00000000
302534.64986731164,4123855.359106613,-2.0786530425965686,0.00000000
302534.62555203226,4123855.3154171724,-2.078653043103503,0.00000000
302534.60123675293,4123855.2717277324,-2.0786530432899104,0.00000000
302534.57692147355,4123855.228038292,-2.07865304313817,0.00000000
302534.5526061942,4123855.184348852,-2.0786530432916437,0.00000000
302534.5282909149,4123855.1406594114,-2.078653043299317,0.00000000
302534.5039756354,4123855.0969699714,-2.0786530428165197,0.00000000
302534.47966035584,4123855.053280531,-2.078653042148138,0.00000000
302534.45534507645,4123855.009591091,-2.0786530413976156,0.00000000
302534.4310297971,4123854.9659016505,-2.0786530420771925,0.00000000
302534.40671451774,4123854.9222122105,-2.0786530424332925,0.00000000
302534.3823992384,4123854.87852277,-2.0786530430953394,0.00000000
302534.3580839591,4123854.83483333,-2.078653043289502,0.00000000
302534.33376867976,4123854.7911438895,-2.07865304329921,0.00000000
302534.3094534004,4123854.747454449,-2.078653044016799,0.00000000
302534.28513812105,4123854.703765009,-2.078653043335575,0.00000000
302534.26082284155,4123854.660075569,-2.0786530428183325,0.00000000
302534.236507562,4123854.6163861286,-2.0786530423092886,0.00000000
302534.2121922826,4123854.5726966886,-2.0786530414056728,0.00000000
302534.1878770033,4123854.529007248,-2.0786530422386558,0.00000000
302534.1635617239,4123854.485317808,-2.0786530414021414,0.00000000
302534.13924644457,4123854.4416283676,-2.0786530425606005,0.00000000
302534.11493116524,4123854.3979389276,-2.078653043262765,0.00000000
302534.09061588586,4123854.354249487,-2.0786530432978734,0.00000000
302534.06630060653,4123854.3105600467,-2.0786530440167326,0.00000000
302534.04198532715,4123854.2668706067,-2.0786530433355717,0.00000000
302534.0176700478,4123854.223181166,-2.0786530440186173,0.00000000
302533.9933547683,4123854.179491726,-2.0786530428524848,0.00000000
302533.96903948876,4123854.135802286,-2.0786530415938933,0.00000000
302533.9447242094,4123854.0921128457,-2.0786530420870064,0.00000000
302533.92040893005,4123854.0484234057,-2.0786530417166795,0.00000000
302533.89609365066,4123854.0047339653,-2.0786530428984484,0.00000000
302533.87177837134,4123853.9610445253,-2.0786530432796573,0.00000000
302533.847463092,4123853.917355085,-2.078653043298718,0.00000000
302533.8231478126,4123853.8736656443,-2.078653044001437,0.00000000
302533.7988325333,4123853.8299762043,-2.078653041666678,0.00000000
302533.77451725386,4123853.786286764,-2.078653047785286,0.00000000
302533.7502019743,4123853.742597324,-2.0786530461584913,0.00000000
302533.72588669485,4123853.698907884,-2.0786530398418055,0.00000000
302533.7015714155,4123853.6552184434,-2.0786530398418055,0.00000000
