302543.8066878546,4123872.0442565233,-2.0726239279142216,0.00000000
302543.7826364243,4123872.000421278,-2.0726239291083375,0.00000000
302543.7585849939,4123871.9565860336,-2.0726239287819177,0.00000000
302543.7345335634,4123871.9127507885,-2.0726239281192047,0.00000000
302543.71048213285,4123871.868915544,-2.0726239279244707,0.00000000
302543.6864307024,4123871.825080299,-2.0726239279147336,0.00000000
302543.66237927217,4123871.7812450537,-2.0726239280758456,0.00000000
302543.6383278417,4123871.737409809,-2.072623928245499,0.00000000
302543.6142764112,4123871.693574564,-2.072623928092384,0.00000000
302543.5902249809,4123871.649739319,-2.0726239292788433,0.00000000
302543.56617355044,4123871.6059040744,-2.0726239286288446,0.00000000
302543.54212212,4123871.5620688293,-2.0726239288208728,0.00000000
302543.5180706897,4123871.5182335842,-2.072623929476866,0.00000000
302543.4940192592,4123871.4743983396,-2.0726239284771477,0.00000000
302543.4699678287,4123871.4305630946,-2.07262392865169,0.00000000
302543.44591639825,4123871.38672785,-2.0726239279510947,0.00000000
302543.4218649678,4123871.342892605,-2.0726239287869856,0.00000000
302543.3978135375,4123871.2990573603,-2.072623928604252,0.00000000
302543.373762107,4123871.255222115,-2.0726239284335173,0.00000000
302543.3497106766,4123871.21138687,-2.072623928811107,0.00000000
302543.3256592463,4123871.1675516255,-2.0726239286054575,0.00000000
302543.30160781584,4123871.1237163804,-2.0726239294660953,0.00000000
302543.2775563853,4123871.079881136,-2.072623928153414,0.00000000
302543.25350495486,4123871.0360458908,-2.072623927926181,0.00000000
302543.2294535244,4123870.9922106457,-2.0726239286241417,0.00000000
302543.2054020941,4123870.948375401,-2.072623928111316,0.00000000
302543.18135066365,4123870.904540156,-2.0726239280856746,0.00000000
302543.15729923313,4123870.8607049114,-2.072623927922794,0.00000000
302543.13324780285,4123870.8168696663,-2.072623928399444,0.00000000
302543.10919637245,4123870.7730344213,-2.0726239292941964,0.00000000
302543.085144942,4123870.7291991767,-2.0726239283064163,0.00000000
302543.06109351164,4123870.6853639316,-2.072623928580223,0.00000000
302543.0370420812,4123870.6415286865,-2.0726239293032354,0.00000000
302543.0129906507,4123870.597693442,-2.0726239281452705,0.00000000
302542.98893922026,4123870.553858197,-2.0726239287966943,0.00000000
302542.9648877898,4123870.510022952,-2.0726239282815415,0.00000000
302542.94083635946,4123870.466187707,-2.0726239285789796,0.00000000
302542.916784929,4123870.422352462,-2.072623929303173,0.00000000
302542.89273349853,4123870.3785172175,-2.0726239281452674,0.00000000
302542.86868206825,4123870.3346819724,-2.0726239292814874,0.00000000
302542.8446306378,4123870.290846728,-2.0726239286289765,0.00000000
302542.82057920727,4123870.2470114827,-2.0726239281115575,0.00000000
302542.7965277768,4123870.2031762376,-2.0726239286334103,0.00000000
302542.77247634635,4123870.159340993,-2.072623927950181,0.00000000
302542.74842491606,4123870.115505748,-2.072623928077618,0.00000000
302542.7243734856,4123870.0716705034,-2.0726239280839898,0.00000000
302542.70032205514,4123870.0278352583,-2.072623928084308,0.00000000
302542.6762706248,4123869.984000013,-2.072623929116842,0.00000000
302542.6522191944,4123869.9401647686,-2.0726239286207444,0.00000000
302542.62816776393,4123869.8963295235,-2.0726239282727437,0.00000000
302542.6041163336,4123869.8524942785,-2.0726239292878614,0.00000000
302542.58006490313,4123869.808659034,-2.0726239284676975,0.00000000
302542.55601347267,4123869.764823789,-2.0726239288128157,0.00000000
302542.5319620422,4123869.720988544,-2.072623927959151,0.00000000
302542.50791061175,4123869.677153299,-2.0726239280780665,0.00000000
302542.4838591814,4123869.633318054,-2.072623928793334,0.00000000
302542.45980775094,4123869.5894828094,-2.072623927958177,0.00000000
302542.43575632054,4123869.5456475643,-2.0726239280780177,0.00000000
302542.4117048902,4123869.5018123197,-2.0726239284072054,0.00000000
302542.3876534598,4123869.4579770747,-2.072623928746861,0.00000000
302542.3636020293,4123869.4141418296,-2.072623928826774,0.00000000
302542.33955059893,4123869.370306585,-2.072623928283045,0.00000000
302542.31549916853,4123869.32647134,-2.0726239292883766,0.00000000
302542.29144773807,4123869.282636095,-2.0726239290154473,0.00000000
302542.2673963076,4123869.23880085,-2.072623928130881,0.00000000
302542.2433448771,4123869.194965605,-2.0726239286343766,0.00000000
302542.2192934468,4123869.1511303606,-2.072623928435023,0.00000000
302542.1952420164,4123869.1072951155,-2.0726239294575737,0.00000000
302542.1711905859,4123869.063459871,-2.0726239283145853,0.00000000
302542.14713915554,4123869.019624626,-2.0726239284190338,0.00000000
302542.12308772514,4123868.9757893807,-2.072623929295176,0.00000000
302542.0990362947,4123868.931954136,-2.0726239283064656,0.00000000
302542.0749848642,4123868.888118891,-2.07262392825703,0.00000000
302542.0509334337,4123868.8442836464,-2.0726239280929604,0.00000001
302542.02688200335,4123868.8004484014,-2.0726239279231584,0.00000000
302542.00283057295,4123868.7566131563,-2.0726239279146683,0.00000000
302541.9787791425,4123868.7127779117,-2.072623928075842,0.00000000
302541.95472771215,4123868.6689426666,-2.0726239284070966,0.00000000
302541.9306762817,4123868.6251074215,-2.0726239291329813,0.00000000
302541.9066248512,4123868.581272177,-2.0726239281367578,0.00000000
302541.88257342094,4123868.537436932,-2.072623928410142,0.00000000
302541.85852199054,4123868.493601687,-2.0726239292947315,0.00000000
302541.83447056,4123868.449766442,-2.0726239283064434,0.00000000
302541.81041912956,4123868.405931197,-2.0726239288047528,0.00000000
302541.7863676991,4123868.3620959525,-2.0726239281203465,0.00000000
302541.76231626875,4123868.3182607074,-2.0726239280861263,0.00000000
302541.73826483835,4123868.2744254624,-2.072623928793737,0.00000000
302541.7142134079,4123868.2305902177,-2.0726239282813936,0.00000000
302541.6901619775,4123868.1867549727,-2.0726239289650983,0.00000000
302541.6661105471,4123868.142919728,-2.0726239284515593,0.00000000
302541.6420591166,4123868.099084483,-2.0726239282642847,0.00000000
302541.6180076863,4123868.055249238,-2.072623929125841,0.00000000
302541.5939562559,4123868.0114139933,-2.0726239286211943,0.00000000
302541.56990482536,4123867.9675787482,-2.0726239288204904,0.00000000
302541.54585339496,4123867.9237435036,-2.0726239281211334,0.00000000
302541.5218019645,4123867.8799082586,-2.0726239280861654,0.00000000
302541.4977505341,4123867.8360730135,-2.0726239291169346,0.00000000
302541.4736991037,4123867.792237769,-2.0726239286207493,0.00000000
302541.44964767323,4123867.748402524,-2.072623928982066,0.00000000
302541.4255962429,4123867.704567279,-2.072623928452408,0.00000000
302541.4015448125,4123867.660732034,-2.072623928749121,0.00000000
302541.377493382,4123867.616896789,-2.0726239291500823,0.00000000
302541.3534419515,4123867.5730615444,-2.0726239279760144,0.00000000
302541.32939052104,4123867.5292262994,-2.072623928626633,0.00000000
302541.3053390907,4123867.485391055,-2.072623927949842,0.00000000
302541.2812876603,4123867.4415558097,-2.072623928077601,0.00000000
302541.2572362298,4123867.3977205646,-2.0726239286317125,0.00000000
302541.23318479944,4123867.35388532,-2.072623928273292,0.00000000
302541.2091333691,4123867.310050075,-2.072623929287889,0.00000000
302541.18508193863,4123867.2662148303,-2.072623928306101,0.00000000
302541.1610305083,4123867.2223795853,-2.0726239285802075,0.00000000
302541.1369790778,4123867.17854434,-2.0726239293032345,0.00000000
302541.11292764737,4123867.1347090956,-2.0726239283068684,0.00000000
302541.0888762169,4123867.0908738505,-2.072623928095452,0.00000000
302541.06482478644,4123867.047038606,-2.0726239280848815,0.00000000
302541.0407733561,4123867.003203361,-2.072623928245951,0.00000000
302541.01672192564,4123866.9593681158,-2.072623927930808,0.00000000
302540.9926704952,4123866.915532871,-2.0726239279150507,0.00000000
302540.96861906484,4123866.871697626,-2.072623928237459,0.00000000
302540.94456763443,4123866.827862381,-2.072623929286097,0.00000000
302540.920516204,4123866.7840271364,-2.0726239283060117,0.00000000
302540.89646477357,4123866.7401918913,-2.0726239289663293,0.00000000
302540.8724133432,4123866.6963566463,-2.072623929322541,0.00000000
302540.84836191277,4123866.6525214016,-2.072623928307834,0.00000000
302540.8243104823,4123866.6086861566,-2.0726239288048225,0.00000000
302540.8002590518,4123866.564850912,-2.07262392812035,0.00000000
302540.77620762144,4123866.521015667,-2.0726239280861263,0.00000000
302540.75215619104,4123866.4771804223,-2.0726239279228165,0.00000000
302540.7281047606,4123866.433345177,-2.0726239280762497,0.00000000
302540.70405333024,4123866.389509932,-2.072623929116439,0.00000000
302540.68000189983,4123866.3456746875,-2.0726239286207244,0.00000000
302540.6559504693,4123866.3018394425,-2.072623928111145,0.00000000
302540.63189903897,4123866.2580041974,-2.072623928956586,0.00000000
302540.6078476086,4123866.214168953,-2.07262392877433,0.00000001
302540.5837961781,4123866.1703337077,-2.0726239289897452,0.00000000
302540.55974474765,4123866.126498463,-2.072623928129596,0.00000000
302540.5356933172,4123866.082663218,-2.0726239279249903,0.00000000
302540.51164188684,4123866.038827973,-2.0726239287856805,0.00000000
302540.48759045644,4123865.9949927283,-2.072623928119393,0.00000000
302540.4635390259,4123865.9511574833,-2.07262392792448,0.00000000
302540.4394875956,4123865.9073222387,-2.0726239282379306,0.00000000
302540.4154361652,4123865.8634869936,-2.072623928415201,0.00000000
302540.3913847348,4123865.8196517485,-2.072623929294984,0.00000000
302540.36733330437,4123865.775816504,-2.0726239284680537,0.00000000
302540.34328187397,4123865.731981259,-2.072623929297627,0.00000000
302540.3192304435,4123865.6881460138,-2.07262392901591,0.00000000
302540.29517901305,4123865.644310769,-2.0726239281309042,0.00000000
302540.2711275826,4123865.600475524,-2.072623928795976,0.00000000
302540.2470761521,4123865.5566402795,-2.072623927958309,0.00000000
302540.2230247218,4123865.5128050344,-2.0726239279164256,0.00000000
302540.1989732913,4123865.46896979,-2.0726239279143317,0.00000000
302540.174921861,4123865.4251345447,-2.072623928237423,0.00000000
302540.1508704306,4123865.3812992997,-2.0726239292860953,0.00000000
302540.1268190001,4123865.337464055,-2.072623928467609,0.00000000
302540.1027675697,4123865.29362881,-2.072623928265087,0.00000000
302540.07871613937,4123865.249793565,-2.0726239292874786,0.00000000
302540.0546647089,4123865.2059583203,-2.0726239284676784,0.00000000
302540.03061327845,4123865.162123075,-2.0726239282650907,0.00000000
302540.0065618479,4123865.1182878306,-2.072623928093363,0.00000000
302539.9825104175,4123865.0744525855,-2.072623928246375,0.00000000
302539.9584589872,4123865.0306173405,-2.072623929286543,0.00000000
302539.9344075567,4123864.986782096,-2.0726239284676318,0.00000000
302539.9103561263,4123864.942946851,-2.0726239291360082,0.00000000
302539.8863046959,4123864.8991116057,-2.072623929169427,0.00000000
302539.86225326546,4123864.855276361,-2.072623928300178,0.00000000
302539.838201835,4123864.811441116,-2.0726239286428414,0.00000000
302539.81415040453,4123864.7676058714,-2.0726239281122507,0.00000000
302539.79009897413,4123864.7237706264,-2.0726239280857213,0.00000000
302539.76604754373,4123864.6799353817,-2.0726239279227965,0.00000000
302539.7419961133,4123864.6361001367,-2.072623928076249,0.00000000
302539.7179446829,4123864.5922648916,-2.072623929116439,0.00000000
302539.6938932526,4123864.548429647,-2.0726239287823227,0.00000000
302539.66984182206,4123864.504594402,-2.072623928442421,0.00000000
302539.64579039166,4123864.460759157,-2.0726239288115518,0.00000000
302539.6217389613,4123864.4169239122,-2.0726239286054797,0.00000000
302539.59768753086,4123864.373088667,-2.0726239291429005,0.00000000
302539.57363610034,4123864.3292534226,-2.0726239279756555,0.00000000
302539.5495846699,4123864.2854181775,-2.072623927917293,0.00000000
302539.5255332395,4123864.2415829324,-2.0726239287852954,0.00000000
302539.5014818092,4123864.197747688,-2.072623928604167,0.00000000
302539.47743037867,4123864.1539124427,-2.0726239291428348,0.00000000
302539.45337894827,4123864.110077198,-2.0726239282988486,0.00000000
302539.4293275179,4123864.066241953,-2.0726239285798447,0.00000000
302539.40527608746,4123864.022406708,-2.072623929141619,0.00000000
302539.381224657,4123863.9785714634,-2.07262392813719,0.00000000
302539.35717322654,4123863.9347362183,-2.072623928957888,0.00000000
302539.3331217961,4123863.8909009737,-2.072623928128003,0.00000000
302539.30907036574,4123863.8470657286,-2.0726239279249103,0.00000000
302539.2850189353,4123863.8032304836,-2.072623928624078,0.00000000
302539.2609675049,4123863.759395239,-2.0726239282729106,0.00000000
302539.23691607453,4123863.715559994,-2.0726239294494677,0.00000000
302539.212864644,4123863.6717247493,-2.07262392831418,0.00000000
302539.1888132136,4123863.627889504,-2.0726239280958176,0.00000000
302539.1647617833,4123863.584054259,-2.072623929279015,0.00000000
302539.14071035286,4123863.5402190145,-2.072623928628853,0.00000000
302539.11665892234,4123863.4963837694,-2.0726239281115513,0.00000000
302539.0926074918,4123863.452548525,-2.072623927924088,0.00000000
302539.0685560615,4123863.4087132798,-2.0726239280763132,0.00000000
302539.04450463114,4123863.3648780347,-2.0726239280839245,0.00000000
302539.0204532007,4123863.32104279,-2.072623928245903,0.00000000
302538.9964017702,4123863.277207545,-2.0726239282540018,0.00000000
302538.9723503399,4123863.2333723,-2.0726239291253266,0.00000000
302538.9482989094,4123863.1895370553,-2.0726239284595707,0.00000000
302538.924247479,4123863.1457018103,-2.0726239282646852,0.00000000
302538.90019604866,4123863.101866565,-2.0726239292874586,0.00000000
302538.87614461815,4123863.0580313206,-2.0726239283060797,0.00000000
302538.8520931877,4123863.0141960755,-2.0726239286431363,0.00000000
302538.8280417573,4123862.970360831,-2.0726239282738637,0.00000000
302538.8039903268,4123862.926525586,-2.0726239289647217,0.00000000
302538.7799388965,4123862.8826903407,-2.0726239293224604,0.00000000
302538.755887466,4123862.838855096,-2.0726239284694277,0.00000000
302538.7318360356,4123862.795019851,-2.0726239289745,0.00000000
302538.70778460527,4123862.7511846065,-2.0726239286136274,0.00000000
302538.68373317475,4123862.7073493614,-2.0726239291433077,0.00000000
302538.6596817443,4123862.663514117,-2.0726239279756755,0.00000000
302538.63563031383,4123862.6196788717,-2.072623927917294,0.00000000
302538.6115788834,4123862.5758436266,-2.0726239287852954,0.00000000
302538.5875274531,4123862.532008382,-2.0726239281193735,0.00000000
302538.5634760226,4123862.488173137,-2.0726239280860774,0.00000000
302538.53942459216,4123862.4443378923,-2.0726239280844125,0.00000000
302538.5153731619,4123862.4005026473,-2.072623928569123,0.00000000
302538.4913217314,4123862.356667402,-2.0726239293026802,0.00000000
302538.46727030096,4123862.3128321576,-2.072623928306841,0.00000000
302538.4432188706,4123862.2689969125,-2.0726239285802444,0.00000000
302538.41916744015,4123862.2251616674,-2.072623929141639,0.00000000
302538.3951160097,4123862.181326423,-2.072623927975592,0.00000000
302538.37106457923,4123862.137491178,-2.0726239280788885,0.00000000
302538.34701314877,4123862.093655933,-2.0726239280840533,0.00000000
302538.3229617184,4123862.049820688,-2.072623927922713,0.00000000
302538.29891028797,4123862.005985443,-2.072623928623968,0.00000000
302538.27485885756,4123861.9621501984,-2.072623928111307,0.00000000
302538.2508074273,4123861.9183149533,-2.0726239294413875,0.00000000
302538.22675599676,4123861.8744797083,-2.072623929346294,0.00000000
302538.2027045663,4123861.8306444637,-2.0726239281474235,0.00000000
302538.178653136,4123861.7868092186,-2.0726239292815953,0.00000000
302538.15460170555,4123861.742973974,-2.0726239286289823,0.00000000
302538.1305502751,4123861.699138729,-2.072623928273156,0.00000000
302538.1064988446,4123861.6553034843,-2.0726239280937664,0.00000000
302538.0824474141,4123861.611468239,-2.072623927923199,0.00000000
302538.0583959838,4123861.567632994,-2.0726239291087865,0.00000000
302538.03434455337,4123861.5237977495,-2.0726239286203416,0.00000000
302538.0102931229,4123861.4799625045,-2.072623928111126,0.00000000
302537.98624169256,4123861.4361272594,-2.0726239291181825,0.00000000
302537.9621902621,4123861.392292015,-2.0726239284592136,0.00000000
302537.9381388317,4123861.3484567697,-2.0726239281030696,0.00000000
302537.91408740124,4123861.304621525,-2.072623928085262,0.00000000
302537.8900359707,4123861.26078628,-2.072623928084372,0.00000000
302537.86598454043,4123861.216951035,-2.072623928793649,0.00000000
302537.84193311,4123861.1731157904,-2.0726239281197913,0.00000000
302537.8178816795,4123861.1292805453,-2.0726239287954202,0.00000000
302537.7938302492,4123861.0854453,-2.0726239294755935,0.00000000
302537.76977881877,4123861.0416100556,-2.072623928638682,0.00000000
302537.74572738825,4123860.9977748105,-2.0726239286597665,0.00000000
302537.72167595796,4123860.953939566,-2.072623928436293,0.00000000
302537.6976245275,4123860.910104321,-2.072623928586717,0.00000000
302537.67357309704,4123860.8662690762,-2.0726239281094445,0.00000000
302537.6495216665,4123860.822433831,-2.0726239279239826,0.00000001
302537.6254702361,4123860.778598586,-2.07262392878563,0.00000000
302537.60141880583,4123860.7347633415,-2.072623928604184,0.00000000
302537.5773673754,4123860.6909280964,-2.0726239293044335,0.00000000
302537.55331594485,4123860.6470928513,-2.0726239288546524,0.00000000
302537.52926451457,4123860.6032576067,-2.072623928607635,0.00000000
302537.5052130841,4123860.5594223617,-2.072623929143008,0.00000000
302537.48116165365,4123860.515587117,-2.072623928137259,0.00000000
302537.4571102232,4123860.471751872,-2.0726239282485697,0.00000000
302537.4330587927,4123860.4279166274,-2.072623928092537,0.00000000
302537.4090073624,4123860.3840813823,-2.072623927923137,0.00000000
302537.3849559319,4123860.340246137,-2.072623927914667,0.00000000
302537.3609045015,4123860.2964108926,-2.07262392823744,0.00000000
302537.3368530712,4123860.2525756476,-2.0726239285767742,0.00000000
302537.31280164066,4123860.2087404025,-2.072623929141465,0.00000000
302537.28875021025,4123860.164905158,-2.072623928137182,0.00000000
302537.26469877997,4123860.121069913,-2.0726239285717614,0.00000000
302537.2406473495,4123860.0772346677,-2.072623929302812,0.00000000
302537.216595919,4123860.033399423,-2.072623928145249,0.00000000
302537.1925444885,4123859.989564178,-2.072623928796693,0.00000000
302537.16849305807,4123859.9457289334,-2.072623927958345,0.00000000
302537.1444416278,4123859.9018936884,-2.072623928078026,0.00000001
302537.1203901973,4123859.8580584433,-2.072623928793332,0.00000001
302537.09633876686,4123859.8142231987,-2.0726239281197754,0.00000000
302537.0722873365,4123859.7703879536,-2.072623929118615,0.00000000
302537.04823590606,4123859.726552709,-2.0726239284592354,0.00000000
302537.02418447565,4123859.682717464,-2.0726239281030705,0.00000000
302537.0001330453,4123859.638882219,-2.072623929279378,0.00000000
302536.97608161485,4123859.5950469743,-2.0726239286288712,0.00000000
302536.9520301844,4123859.551211729,-2.072623928111552,0.00000000
302536.9279787539,4123859.5073764846,-2.072623927924088,0.00000000
302536.90392732347,4123859.4635412395,-2.0726239280763132,0.00000001
302536.8798758932,4123859.4197059944,-2.0726239287932464,0.00000001
302536.85582446266,4123859.37587075,-2.0726239279581726,0.00000001
302536.8317730322,4123859.3320355047,-2.072623927916419,0.00000000
302536.8077216019,4123859.2882002597,-2.072623929270045,0.00000000
302536.7836701715,4123859.244365015,-2.0726239289516006,0.00000000
302536.759618741,4123859.20052977,-2.072623928837011,0.00000001
302536.7355673107,4123859.1566945254,-2.072623928606753,0.00000000
302536.71151588025,4123859.1128592803,-2.07262392859524,0.00000001
302536.6874644498,4123859.0690240352,-2.0726239288191928,0.00000002
302536.66341301927,4123859.0251887906,-2.0726239281210685,0.00000002
302536.63936158875,4123858.9813535456,-2.072623928633886,0.00000002
302536.6153101585,4123858.937518301,-2.072623927950205,0.00000003
302536.59125872806,4123858.893683056,-2.0726239279160206,0.00000004
302536.5672072976,4123858.849847811,-2.072623928785232,0.00000004
302536.5431558673,4123858.806012566,-2.072623928604164,0.00000005
302536.5191044368,4123858.762177321,-2.0726239291428348,0.00000006
302536.49505300634,4123858.7183420765,-2.072623927975652,0.00000007
302536.4710015761,4123858.6745068314,-2.0726239287252834,0.00000009
302536.44695014565,4123858.6306715864,-2.0726239294720865,0.00000010
302536.42289871513,4123858.586836342,-2.072623928153713,0.00000012
302536.39884728467,4123858.5430010967,-2.0726239280877943,0.00000015
302536.3747958542,4123858.499165852,-2.0726239280844987,0.00000017
302536.3507444239,4123858.455330607,-2.072623928084334,0.00000021
302536.3266929934,4123858.411495362,-2.0726239287936474,0.00000025
302536.30264156294,4123858.3676601173,-2.0726239281197913,0.00000029
302536.27859013266,4123858.3238248723,-2.072623928409294,0.00000035
302536.2545387022,4123858.279989627,-2.072623929133091,0.00000041
302536.23048727174,4123858.2361543826,-2.0726239281367635,0.00000048
302536.20643584145,4123858.1923191375,-2.0726239292810624,0.00000057
302536.18238441093,4123858.148483893,-2.0726239284673578,0.00000067
302536.15833298047,4123858.104648648,-2.072623927941878,0.00000079
302536.13428155007,4123858.0608134028,-2.0726239287865247,0.00000092
302536.1102301196,4123858.016978158,-2.072623928281033,0.00000108
302536.08617868926,4123857.973142913,-2.0726239292882758,0.00000127
302536.0621272588,4123857.9293076685,-2.072623928629316,0.00000148
302536.03807582834,4123857.8854724234,-2.072623928111575,0.00000173
302536.01402439806,4123857.8416371783,-2.072623929279803,0.00000202
302535.9899729676,4123857.7978019337,-2.072623928790491,0.00000235
302535.9659215371,4123857.7539666886,-2.072623928990553,0.00000273
302535.9418701066,4123857.710131444,-2.072623928452832,0.00000317
302535.91781867616,4123857.666296199,-2.072623929458464,0.00000368
302535.89376724587,4123857.622460954,-2.0726239299935396,0.00000427
302535.8697158154,4123857.5786257093,-2.072623930343489,0.00000494
302535.8456643849,4123857.534790464,-2.0726239306841827,0.00000572
302535.82161295455,4123857.4909552196,-2.072623931670805,0.00000661
302535.797561524,4123857.4471199745,-2.0726239330758505,0.00000764
302535.77351009345,4123857.40328473,-2.072623932436781,0.00000881
302535.749458663,4123857.359449485,-2.0726239342453345,0.00001015
302535.7254072324,4123857.3156142402,-2.072623935951743,0.00001169
302535.7013558018,4123857.271778995,-2.0726239387484906,0.00001345
302535.6773043711,4123857.2279437506,-2.0726239411506997,0.00001547
302535.65325294033,4123857.184108506,-2.0726239447272974,0.00001777
302535.62920150976,4123857.140273261,-2.072623949556731,0.00002040
302535.6051500789,4123857.0964380163,-2.072623955095198,0.00002340
302535.58109864773,4123857.0526027717,-2.0726239608307147,0.00002682
302535.55704721663,4123857.0087675275,-2.0726239674827425,0.00003072
302535.5329957851,4123856.964932283,-2.0726239771165504,0.00003517
302535.5089443534,4123856.921097039,-2.07262398748291,0.00004022
302535.48489292164,4123856.8772617946,-2.0726240011807864,0.00004598
302535.4608414894,4123856.833426551,-2.0726240173705404,0.00005252
302535.43679005676,4123856.7895913073,-2.072624037464572,0.00005994
302535.4127386236,4123856.7457560636,-2.0726240632753408,0.00006837
302535.3886871898,4123856.701920821,-2.0726240935734945,0.00007792
302535.36463575525,4123856.658085578,-2.072624131071922,0.00008873
302535.3405843198,4123856.614250336,-2.0726241760049366,0.00010094
302535.3165328832,4123856.5704150945,-2.0726242277378617,0.00011473
302535.2924814452,4123856.5265798536,-2.07262428743308,0.00013026
302535.2684300054,4123856.482744614,-2.0726243563785633,0.00014773
302535.2443785634,4123856.4389093756,-2.0726244375117364,0.00016731
302535.220327119,4123856.3950741384,-2.0726245341127627,0.00018920
302535.1962756716,4123856.3512389027,-2.0726246500266665,0.00021359
302535.1722242213,4123856.3074036688,-2.072624789261118,0.00024065
302535.14817276754,4123856.2635684367,-2.072624954629264,0.00027052
302535.1241213094,4123856.219733207,-2.0726251473400144,0.00030328
302535.1000698458,4123856.17589798,-2.0726253741065266,0.00033892
302535.0760183757,4123856.132062757,-2.072625641692639,0.00037735
302535.05196689774,4123856.0882275384,-2.072625951504796,0.00041844
302535.02791541035,4123856.0443923245,-2.072626313686787,0.00046200
302535.00386391283,4123856.0005571167,-2.072626738926462,0.00050785
302534.97981240356,4123855.956721915,-2.0726272384780744,0.00055580
302534.9557608799,4123855.912886721,-2.072627823435397,0.00060564
302534.93170933897,4123855.869051537,-2.0726285030436666,0.00065720
302534.90765777876,4123855.825216363,-2.0726292939793307,0.00071031
302534.8836061956,4123855.7813812024,-2.0726302132274634,0.00076479
302534.8595545852,4123855.737546056,-2.072631280275468,0.00082050
302534.8355029435,4123855.693710927,-2.0726325190632817,0.00087731
302534.8114512649,4123855.6498758183,-2.0726339493631074,0.00093508
302534.78739954386,4123855.606040733,-2.072635601943442,0.00099370
302534.7633477741,4123855.562205674,-2.0726375091278855,0.00105307
302534.7392959474,4123855.518370647,-2.0726397083545427,0.00111310
302534.71524405427,4123855.4745356557,-2.0726422385113836,0.00117371
302534.69119208446,4123855.430700707,-2.0726451458307134,0.00123481
302534.6671400269,4123855.386865806,-2.0726484874703837,0.00129633
302534.64308786823,4123855.3430309608,-2.072652323818694,0.00135823
302534.6190355933,4123855.299196179,-2.072656727375212,0.00142042
302534.59498318407,4123855.2553614713,-2.0726617771884697,0.00148288
302534.570930621,4123855.211526848,-2.0726675626177076,0.00154554
302534.5468778813,4123855.1676923214,-2.072674184517902,0.00160836
302534.52282493893,4123855.123857906,-2.0726817569505656,0.00167130
302534.4987717644,4123855.0800236184,-2.0726904130155055,0.00173431
302534.47471832344,4123855.0361894765,-2.072700301686009,0.00179736
302534.45066457725,4123854.9923555027,-2.0727115867875003,0.00186040
302534.4266104824,4123854.94852172,-2.072724463243419,0.00192339
302534.4025559895,4123854.9046881553,-2.0727391468521166,0.00198630
302534.3785010423,4123854.86085484,-2.072755881524145,0.00204907
302534.3544455761,4123854.8170218095,-2.0727749426158457,0.00211167
302534.3303895176,4123854.7731891046,-2.072796641620368,0.00217405
302534.30633278395,4123854.72935677,-2.07282132994985,0.00223615
302534.28227528057,4123854.6855248576,-2.072849402068438,0.00229792
302534.258216901,4123854.6416934263,-2.0728813010790934,0.00235930
302534.23415752436,4123854.597862542,-2.0729175251296317,0.00242022
302534.21009701316,4123854.554032281,-2.0729586259686847,0.00248060
302534.18603521143,4123854.510202728,-2.073005221653926,0.00254036
302534.1619719437,4123854.46637398,-2.0730579967435894,0.00259941
302534.13790701126,4123854.4225461464,-2.0731177029808054,0.00265764
302534.11384018994,4123854.3787193494,-2.073185170436952,0.00271494
302534.0897712278,4123854.3348937286,-2.0732612977721576,0.00277116
302534.06569984095,4123854.291069439,-2.0733470542272094,0.00282618
302534.0416257106,4123854.247246657,-2.073443466517837,0.00287982
302534.01754848025,4123854.203425578,-2.0735516099718643,0.00293190
302533.99346775253,4123854.1596064204,-2.0736725801475684,0.00298222
302533.96938308474,4123854.115789429,-2.073807452845107,0.00303055
302533.9452939872,4123854.071974872,-2.0739572304908593,0.00307664
302533.9211999211,4123854.0281630475,-2.0741227608996953,0.00312022
302533.897100297,4123853.98435428,-2.0743046193172345,0.00316099
302533.8729944758,4123853.9405489224,-2.0745029502849186,0.00319862
302533.8488817722,4123853.8967473526,-2.0747172447386695,0.00323276
302533.8247614617,4123853.8529499713,-2.0749460319724635,0.00326305
302533.8006327932,4123853.809157194,-2.075186462794001,0.00328910
302533.77649500826,4123853.7653694414,-2.0754343813201652,0.00331053
302533.75234737096,4123853.721587121,-2.0756848850212624,0.00332696
302533.72818921134,4123853.6778106056,-2.075932830728908,0.00333805
302533.70401998854,4123853.6340401974,-2.0761733049371993,0.00334353
302533.6798393789,4123853.590276079,-2.076402125527263,0.00334323
302533.65564739995,4123853.546518244,-2.0766164208192444,0.00333716
302533.63144440355,4123853.502766502,-2.0768147022723955,0.00332550
302533.60723095195,4123853.4590205452,-2.0769964618268,0.00330853
302533.5830077294,4123853.4152799984,-2.0771618523231066,0.00328659
302533.558775481,4123853.371544451,-2.0773114632666676,0.00326008
302533.53453497024,4123853.3278134824,-2.0774461581222954,0.00322937
302533.510286949,4123853.2840866772,-2.077566952139263,0.00319485
302533.4860321397,4123853.2403636375,-2.0776749268244417,0.00315689
302533.46177122317,4123853.1966439863,-2.07777118613104,0.00311582
302533.43750483275,4123853.152927373,-2.0778568062398537,0.00307198
302533.4132335518,4123853.109213474,-2.077932817434949,0.00302566
302533.38895791274,4123853.065501996,-2.0780001901105467,0.00297714
302533.3646783984,4123853.0217926702,-2.0780598196950533,0.00292665
302533.340395445,4123852.9780852543,-2.078112536228654,0.00287442
302533.3161094436,4123852.9343795325,-2.078159090196023,0.00282066
302533.2918207451,4123852.8906753096,-2.078200165765099,0.00276554
302533.2675296629,4123852.846972411,-2.078236378621701,0.00270923
302533.24323647533,4123852.803270683,-2.0782682763229174,0.00265186
302533.21894143097,4123852.759569987,-2.078296361595365,0.00259358
302533.1946447496,4123852.715870201,-2.078321073924457,0.00253448
302533.17034662614,4123852.6721712174,-2.0783428067932332,0.00247469
302533.1460472328,4123852.6284729396,-2.078361905927791,0.00241428
302533.1217467228,4123852.584775283,-2.0783786839804104,0.00235334
302533.09744523105,4123852.5410781717,-2.078393417792334,0.00229195
302533.07314287574,4123852.4973815414,-2.07840634654993,0.00223017
302533.04883976164,4123852.4536853326,-2.078417688226767,0.00216806
302533.02453598136,4123852.409989495,-2.078427632626073,0.00210568
302533.0002316169,4123852.3662939817,-2.0784363508504424,0.00204309
302532.9759267399,4123852.3225987535,-2.07844398825295,0.00198032
302532.95162141375,4123852.2789037754,-2.0784506755617063,0.00191743
302532.9273156935,4123852.235209016,-2.078456527197019,0.00185445
302532.90300962795,4123852.191514449,-2.078461642943078,0.00179142
302532.87870325975,4123852.147820051,-2.0784661124532056,0.00172840
302532.8543966265,4123852.1041257996,-2.0784700138643544,0.00166541
302532.83008976217,4123852.060431677,-2.078473420331986,0.00160250
302532.805782696,4123852.016737667,-2.0784763911028543,0.00153971
302532.78147545323,4123851.9730437547,-2.078478979179111,0.00147709
302532.7571680566,4123851.929349928,-2.0784812372506876,0.00141467
302532.73286052555,4123851.8856561766,-2.078483200893042,0.00135252
302532.7085528775,4123851.84196249,-2.078484908909464,0.00129069
302532.68424512696,4123851.7982688607,-2.0784863918479384,0.00122922
302532.6599372879,4123851.7545752805,-2.078487683750274,0.00116819
302532.63562937186,4123851.7108817426,-2.078488805366246,0.00110767
302532.61132138787,4123851.667188243,-2.078489775975642,0.00104774
302532.587013346,4123851.6234947755,-2.0784906195852226,0.00098848
302532.5627052538,4123851.5798013364,-2.078491348727284,0.00092998
302532.5383971174,4123851.536107921,-2.07849198232745,0.00087235
302532.51408894244,4123851.492414528,-2.078492526502283,0.00081571
302532.4897807348,4123851.4487211527,-2.0784929979963187,0.00076019
302532.4654724983,4123851.4050277933,-2.0784934007956832,0.00070592
302532.44116423704,4123851.3613344477,-2.0784937440881155,0.00065306
302532.4168559551,4123851.317641114,-2.0784940417589293,0.00060177
302532.3925476542,4123851.2739477907,-2.0784942970637093,0.00055224
302532.3682393376,4123851.230254476,-2.0784945157869754,0.00050464
302532.3439310075,4123851.186561169,-2.0784947026395697,0.00045917
302532.31962266634,4123851.142867868,-2.0784948648399726,0.00041604
302532.295314316,4123851.099174572,-2.0784950042872548,0.00037543
302532.2710059565,4123851.055481281,-2.078495119538223,0.00033751
302532.24669758923,4123851.0117879948,-2.0784952170363047,0.00030242
302532.2223892158,4123850.9680947117,-2.0784953006314417,0.00027026
302532.19808083714,4123850.924401432,-2.0784953726101,0.00024103
302532.17377245397,4123850.8807081543,-2.0784954342867272,0.00021464
302532.1494640673,4123850.8370148786,-2.0784954888600655,0.00019096
302532.125155678,4123850.7933216044,-2.0784955372954244,0.00016981
302532.10084728536,4123850.749628332,-2.078495578674622,0.00015103
302532.0765388902,4123850.705935061,-2.078495613918197,0.00013442
302532.05223049276,4123850.6622417914,-2.078495643233251,0.00011981
302532.0279220935,4123850.6185485227,-2.078495668635635,0.00010702
302532.00361369265,4123850.574855255,-2.0784956902261436,0.00009590
302531.97930529073,4123850.5311619877,-2.078495711070232,0.00008629
302531.95499688736,4123850.4874687213,-2.0784957304273277,0.00007806
302531.93068848306,4123850.4437754555,-2.0784957493879253,0.00007110
302531.906380078,4123850.40008219,-2.0784957673622504,0.00006530
302531.8820716722,4123850.356388925,-2.0784957837649882,0.00006057
302531.8577632658,4123850.3126956606,-2.0784957990500965,0.00005683
302531.8334548583,4123850.269002396,-2.078495812580106,0.00005401
302531.80914644984,4123850.2253091326,-2.0784958273109573,0.00005206
302531.7848380406,4123850.1816158695,-2.0784958430682976,0.00005093
302531.76052963093,4123850.137922607,-2.0784958609709316,0.00005057
302531.7362212208,4123850.0942293443,-2.0784958805031044,0.00005095
302531.7119128102,4123850.0505360817,-2.078495906133246,0.00005203
302531.6876043994,4123850.0068428195,-2.0784959360951496,0.00005377
302531.6632959872,4123849.9631495583,-2.0784959712510838,0.00005611
302531.6389875738,4123849.9194562975,-2.078496010444036,0.00005901
302531.61467915925,4123849.8757630372,-2.0784960576271523,0.00006243
302531.59037074394,4123849.8320697774,-2.0784961133202375,0.00006631
302531.5660623268,4123849.788376519,-2.0784961741825865,0.00007061
302531.5417539079,4123849.744683261,-2.0784962440581576,0.00007527
302531.5174454864,4123849.700990005,-2.07849632177795,0.00008028
302531.4931370626,4123849.6572967498,-2.0784964138558335,0.00008558
302531.4688286356,4123849.6136034965,-2.078496518305722,0.00009114
302531.44452020567,4123849.569910245,-2.0784966398446794,0.00009694
302531.42021177243,4123849.5262169954,-2.0784967805529817,0.00010295
302531.3959033351,4123849.4825237477,-2.0784969418958426,0.00010914
302531.371594893,4123849.438830503,-2.078497128368138,0.00011549
302531.3472864451,4123849.3951372616,-2.07849734228858,0.00012198
302531.32297799055,4123849.3514440237,-2.0784975894674482,0.00012860
302531.29866952845,4123849.30775079,-2.0784978736504263,0.00013532
302531.27436105796,4123849.264057561,-2.0784981994464125,0.00014214
302531.2500525781,4123849.220364337,-2.0784985744794104,0.00014904
302531.2257440868,4123849.1766711194,-2.0784990059524864,0.00015601
302531.2014355823,4123849.1329779094,-2.0784995033027047,0.00016303
302531.1771270625,4123849.089284708,-2.078500074073327,0.00017011
302531.1528185255,4123849.045591516,-2.078500727879499,0.00017723
302531.1285099691,4123849.001898335,-2.0785014754064037,0.00018439
302531.1042013902,4123848.958205166,-2.0785023309046577,0.00019157
302531.07989278494,4123848.9145120117,-2.0785033057176783,0.00019877
302531.0555841492,4123848.870818875,-2.0785044171893974,0.00020599
302531.0312754788,4123848.827125757,-2.0785056853798904,0.00021322
302531.0069667692,4123848.783432661,-2.0785071305008747,0.00022045
302530.98265801533,4123848.7397395894,-2.078508779811391,0.00022767
302530.95834921097,4123848.6960465466,-2.0785106578373127,0.00023489
302530.93404034845,4123848.6523535354,-2.078512796942398,0.00024209
302530.90973141935,4123848.6086605615,-2.07851522856855,0.00024928
302530.88542241434,4123848.56496763,-2.0785179938737812,0.00025643
302530.8611133233,4123848.521274746,-2.07852113741703,0.00026356
302530.83680413454,4123848.477581917,-2.0785247080993607,0.00027064
302530.8124948344,4123848.433889149,-2.0785287620945683,0.00027767
302530.7881854077,4123848.3901964524,-2.078533360377447,0.00028464
302530.763875837,4123848.346503835,-2.078538572257567,0.00029155
302530.7395661025,4123848.3028113097,-2.0785444740651546,0.00029838
302530.7152561822,4123848.259118887,-2.0785511498592673,0.00030511
302530.6909460513,4123848.215426582,-2.0785586916400107,0.00031175
302530.6666356818,4123848.1717344094,-2.0785671995201884,0.00031826
302530.64232504205,4123848.1280423873,-2.0785767834899924,0.00032464
302530.61801409663,4123848.084350535,-2.0785875619101963,0.00033087
302530.59370280546,4123848.040658876,-2.0785996563709697,0.00033693
302530.5693911244,4123847.996967433,-2.0786131958408722,0.00034278
302530.5450790046,4123847.9532762347,-2.078628304783665,0.00034842
302530.5207663914,4123847.9095853106,-2.078645103395777,0.00035381
302530.4964532244,4123847.865894695,-2.078663694649324,0.00035891
302530.4721394369,4123847.822204424,-2.0786841567031806,0.00036370
302530.44782495697,4123847.778514539,-2.0787065233459088,0.00036814
302530.42350970686,4123847.7348250826,-2.0787307560361503,0.00037219
302530.39919360465,4123847.6911361003,-2.078756725827962,0.00037581
302530.37487656466,4123847.64744764,-2.0787841496483677,0.00037895
302530.3505584994,4123847.6037597503,-2.0788125805210034,0.00038157
302530.32623932237,4123847.5600724793,-2.0788414657128254,0.00038362
302530.3019189533,4123847.5163858724,-2.078870214730696,0.00038507
302530.2775973252,4123847.472699966,-2.0788982505365117,0.00038588
302530.25327439193,4123847.4290147866,-2.0789250599224602,0.00038602
302530.2289501434,4123847.385330339,-2.078950268426129,0.00038550
302530.20462461223,4123847.341646606,-2.0789736660795555,0.00038432
302530.1802978578,4123847.297963554,-2.078995169607988,0.00038253
302530.15596995526,4123847.254281142,-2.0790147764579654,0.00038014
302530.13164098887,4123847.210599322,-2.0790325429690584,0.00037722
302530.1073110455,4123847.166918046,-2.079048559989959,0.00037380
302530.0829802122,4123847.1232372657,-2.07906293826269,0.00036993
302530.05864857376,4123847.0795569345,-2.0790758035785437,0.00036565
302530.03431620967,4123847.035877007,-2.0790872815012325,0.00036100
302530.0099831945,4123846.9921974423,-2.0790974962352853,0.00035602
302529.9856495971,4123846.9485182017,-2.079106570702658,0.00035075
302529.9613154802,4123846.9048392507,-2.0791146139548884,0.00034521
302529.9369809012,4123846.8611605573,-2.0791217348192506,0.00033944
302529.9126459118,4123846.8174820924,-2.0791280295936394,0.00033346
302529.8883105588,4123846.77380383,-2.0791335894409584,0.00032729
302529.8639748841,4123846.730125747,-2.0791384953853806,0.00032097
302529.83963892434,4123846.686447823,-2.079142818719914,0.00031450
302529.8153027138,4123846.6427700385,-2.079146628553471,0.00030790
302529.7909662815,4123846.599092378,-2.0791499821589214,0.00030120
302529.76662965375,4123846.5554148257,-2.0791529330843534,0.00029440
302529.74229285377,4123846.5117373695,-2.0791555265071113,0.00028751
302529.7179559025,4123846.468059998,-2.0791578076554007,0.00028056
302529.6936188178,4123846.4243827006,-2.079159811160236,0.00027353
302529.6692816158,4123846.3807054684,-2.079161567916096,0.00026646
302529.64494431094,4123846.337028294,-2.079163106302717,0.00025933
302529.6206069155,4123846.2933511697,-2.0791644549562163,0.00025217
302529.5962694407,4123846.2496740893,-2.07916563884942,0.00024498
302529.5719318959,4123846.2059970484,-2.0791666766670365,0.00023776
302529.54759429005,4123846.1623200416,-2.0791675860479986,0.00023051
302529.52325663116,4123846.118643064,-2.079168382734087,0.00022325
302529.49891892594,4123846.074966112,-2.0791690787562027,0.00021598
302529.47458117973,4123846.0312891835,-2.079169684846193,0.00020871
302529.4502433971,4123845.987612275,-2.0791702143810125,0.00020143
302529.4259055823,4123845.9439353845,-2.0791706750268286,0.00019416
302529.4015677399,4123845.9002585094,-2.0791710769616345,0.00018689
302529.3772298738,4123845.8565816474,-2.0791714274433346,0.00017964
302529.35289198766,4123845.8129047966,-2.0791717331007855,0.00017240
302529.3285540837,4123845.7692279555,-2.0791720045431585,0.00016519
302529.3042161634,4123845.7255511237,-2.0791722400603,0.00015801
302529.2798782288,4123845.6818743,-2.079172447107193,0.00015086
302529.2555402818,4123845.638197483,-2.079172624460029,0.00014375
302529.23120232456,4123845.5945206718,-2.0791727770354673,0.00013669
302529.2068643589,4123845.550843865,-2.0791729107749646,0.00012968
302529.1825263844,4123845.5071670637,-2.0791730268679602,0.00012274
302529.1581884028,4123845.463490266,-2.0791731268967677,0.00011588
302529.1338504145,4123845.4198134723,-2.0791732102964477,0.00010910
302529.1095124214,4123845.376136681,-2.0791732852368807,0.00010241
302529.0851744244,4123845.3324598917,-2.0791733505901413,0.00009584
302529.06083642406,4123845.2887831046,-2.0791734094463905,0.00008939
302529.03649841936,4123845.24510632,-2.0791734584178325,0.00008307
302529.01216041174,4123845.2014295366,-2.0791734996629905,0.00007692
302528.9878224018,4123845.157752755,-2.079173536188037,0.00007094
302528.9634843891,4123845.1140759746,-2.0791735675729464,0.00006515
302528.9391463753,4123845.070399195,-2.079173599666931,0.00005958
302528.9148083595,4123845.0267224163,-2.0791736252083806,0.00005425
302528.89047034207,4123844.9830456385,-2.079173644478269,0.00004917
302528.8661323238,4123844.9393688613,-2.079173662307483,0.00004438
302528.84179430426,4123844.895692085,-2.079173675730867,0.00003989
302528.8174562835,4123844.852015309,-2.0791736861230063,0.00003573
302528.7931182612,4123844.808338534,-2.079173691942492,0.00003189
302528.76878023887,4123844.764661759,-2.0791737003442985,0.00002839
302528.74444221647,4123844.720984984,-2.07917370968029,0.00002521
302528.72010419366,4123844.6773082097,-2.0791737173791343,0.00002234
302528.6957661706,4123844.633631435,-2.079173723869024,0.00001977
302528.6714281471,4123844.5899546607,-2.0791737281315683,0.00001747
302528.64709012344,4123844.5462778867,-2.0791737317997043,0.00001541
302528.62275209895,4123844.502601113,-2.079173731983111,0.00001358
302528.5984140741,4123844.4589243396,-2.0791737306304516,0.00001196
302528.5740760492,4123844.415247566,-2.0791737302407918,0.00001052
302528.5497380245,4123844.3715707925,-2.079173730382322,0.00000924
302528.5253999998,4123844.3278940185,-2.0791737314292003,0.00000812
302528.50106197514,4123844.284217245,-2.079173732125599,0.00000712
302528.47672395065,4123844.2405404714,-2.0791737344883314,0.00000625
302528.45238592604,4123844.1968636974,-2.0791737366123524,0.00000547
302528.42804790125,4123844.153186924,-2.079173738563424,0.00000479
302528.40370987647,4123844.1095101503,-2.0791737399490877,0.00000420
302528.3793718517,4123844.0658333767,-2.0791737418632414,0.00000367
302528.3550338268,4123844.022156603,-2.079173742764018,0.00000321
302528.3306958017,4123843.97847983,-2.0791737424133103,0.00000280
302528.30635777663,4123843.9348030565,-2.0791737427915216,0.00000245
302528.28201975144,4123843.8911262834,-2.079173741448603,0.00000214
302528.2576817262,4123843.84744951,-2.079173740898416,0.00000186
302528.233343701,4123843.803772737,-2.079173740153132,0.00000163
302528.2090056758,4123843.7600959633,-2.0791737405116146,0.00000142
302528.1846676506,4123843.7164191897,-2.0791737403685246,0.00000123
302528.16032962565,4123843.6727424166,-2.079173740844412,0.00000107
302528.1359916007,4123843.629065643,-2.0791737413512474,0.00000093
302528.1116535756,4123843.5853888695,-2.079173741537603,0.00000081
302528.0873155504,4123843.541712096,-2.0791737417816534,0.00000070
302528.06297752535,4123843.498035323,-2.0791737405930406,0.00000061
302528.0386395002,4123843.4543585493,-2.079173740372596,0.00000053
302528.0143014751,4123843.4106817762,-2.0791737396438,0.00000046
302527.98996344995,4123843.3670050027,-2.079173740325134,0.00000040
302527.9656254248,4123843.323328229,-2.079173740520215,0.00000034
302527.9412873998,4123843.279651456,-2.079173739973208,0.00000030
302527.9169493749,4123843.2359746825,-2.079173741307687,0.00000026
302527.8926113498,4123843.192297909,-2.079173741535425,0.00000022
302527.8682733247,4123843.1486211354,-2.0791737422645857,0.00000019
302527.84393529955,4123843.1049443623,-2.0791737412612425,0.00000016
302527.81959727436,4123843.0612675888,-2.07917374056702,0.00000014
302527.7952592493,4123843.017590815,-2.079173740532309,0.00000012
302527.77092122415,4123842.973914042,-2.0791737403695594,0.00000010
302527.746583199,4123842.9302372686,-2.079173740361422,0.00000009
302527.7222451739,4123842.8865604955,-2.079173739643241,0.00000008
302527.69790714886,4123842.842883722,-2.0791737408081477,0.00000006
302527.6735691239,4123842.7992069484,-2.0791737413494342,0.00000006
302527.6492310988,4123842.755530175,-2.0791737422552865,0.00000005
302527.62489307375,4123842.7118534017,-2.0791737412607776,0.00000004
302527.6005550486,4123842.668176628,-2.079173740566997,0.00000003
302527.5762170235,4123842.6244998546,-2.079173740532308,0.00000003
302527.5518789983,4123842.5808230815,-2.0791737403695594,0.00000002
302527.52754097315,4123842.537146308,-2.079173740361422,0.00000002
302527.503202948,4123842.493469535,-2.079173739643241,0.00000001
302527.47886492306,4123842.4497927614,-2.079173740647134,0.00000001
302527.45452689816,4123842.406115988,-2.0791737413413833,0.00000001
302527.430188873,4123842.3624392143,-2.0791737410540683,0.00000001
302527.4058508479,4123842.318762441,-2.079173739838887,0.00000001
302527.38151282276,4123842.2750856676,-2.0791737403348884,0.00000000
302527.3571747976,4123842.231408894,-2.0791737401986747,0.00000000
302527.33283677255,4123842.187732121,-2.0791737396351038,0.00000000
302527.3084987474,4123842.1440553474,-2.079173740485713,0.00000001
302527.2841607224,4123842.100378574,-2.0791737408502713,0.00000000
302527.25982269744,4123842.0567018003,-2.0791737420693144,0.00000000
302527.23548467236,4123842.0130250272,-2.0791737415735065,0.00000000
302527.2111466473,4123841.9693482537,-2.0791737412266884,0.00000000
302527.18680862215,4123841.92567148,-2.079173740726306,0.00000000
302527.16247059696,4123841.881994707,-2.079173740379259,0.00000000
302527.1381325718,4123841.8383179335,-2.079173740361907,0.00000000
302527.1137945467,4123841.7946411604,-2.0791737396432652,0.00000000
302527.08945652156,4123841.750964387,-2.0791737403251074,0.00000000
302527.0651184966,4123841.7072876133,-2.079173740842241,0.00000001
302527.04078047164,4123841.6636108398,-2.079173741190125,0.00000000
302527.01644244656,4123841.6199340667,-2.079173741529547,0.00000000
302526.9921044214,4123841.576257293,-2.0791737412244906,0.00000000
302526.9677663963,4123841.5325805196,-2.079173740726196,0.00000001
302526.94342837116,4123841.4889037465,-2.079173740379254,0.00000000
302526.919090346,4123841.445226973,-2.079173740361907,0.00000000
302526.89475232095,4123841.4015501994,-2.0791737405220534,0.00000000
302526.87041429576,4123841.3578734263,-2.079173740369047,0.00000000
302526.84607627074,4123841.3141966527,-2.079173740683424,0.00000000
302526.8217382458,4123841.270519879,-2.0791737411821845,0.00000000
302526.79740022076,4123841.226843106,-2.07917374152915,0.00000000
302526.7730621956,4123841.1831663325,-2.0791737412244706,0.00000000
302526.7487241705,4123841.139489559,-2.079173740726195,0.00000000
302526.72438614536,4123841.095812786,-2.0791737396614796,0.00000000
302526.7000481202,4123841.0521360124,-2.079173740326018,0.00000000
302526.6757100951,4123841.008459239,-2.079173740359245,0.00000000
302526.65137206996,4123840.9647824657,-2.0791737403609063,0.00000000
302526.62703404494,4123840.921105692,-2.0791737406830166,0.00000000
302526.60269602,4123840.8774289186,-2.079173741182164,0.00000000
302526.57835799496,4123840.833752145,-2.079173742246923,0.00000000
302526.55401996983,4123840.790075372,-2.079173741421373,0.00000000
302526.5296819447,4123840.7463985984,-2.0791737408970543,0.00000000
302526.50534391956,4123840.7027218253,-2.0791737396700225,0.00000000
302526.4810058944,4123840.659045052,-2.079173740326445,0.00000000
302526.4566678693,4123840.615368278,-2.0791737403592663,0.00000000
302526.43232984416,4123840.571691505,-2.079173740360907,0.00000000
302526.4079918191,4123840.5280147316,-2.079173740683017,0.00000000
302526.3836537941,4123840.484337958,-2.079173741182164,0.00000000
302526.35931576916,4123840.4406611845,-2.079173742246923,0.00000000
302526.33497774403,4123840.3969844114,-2.079173741421373,0.00000000
302526.3106397189,4123840.353307638,-2.07917374073604,0.00000000
302526.28630169376,4123840.3096308648,-2.0791737398229855,0.00000000
302526.26196366857,4123840.265954091,-2.079173740334093,0.00000000
302526.23762564344,4123840.2222773177,-2.079173740198635,0.00000000
302526.21328761836,4123840.1786005446,-2.0791737396351015,0.00000000
302526.1889495933,4123840.134923771,-2.079173740485713,0.00000001
302526.1646115684,4123840.0912469975,-2.0791737411722986,0.00000000
302526.1402735433,4123840.047570224,-2.079173741206628,0.00000000
302526.1159355182,4123840.003893451,-2.079173740725303,0.00000000
302526.0915974931,4123839.9602166773,-2.079173740379209,0.00000000
302526.06725946796,4123839.9165399037,-2.0791737403619046,0.00000000
302526.04292144283,4123839.8728631306,-2.079173740361039,0.00000000
302526.0185834177,4123839.829186357,-2.079173740360996,0.00000001
302525.9942453926,4123839.7855095835,-2.0791737406830215,0.00000000
302525.96990736766,4123839.7418328105,-2.079173741182164,0.00000001
302525.9455693427,4123839.698156037,-2.0791737415291487,0.00000000
302525.92123131757,4123839.6544792634,-2.079173741385484,0.00000000
302525.89689329243,4123839.6108024903,-2.0791737408952597,0.00000000
302525.8725552673,4123839.5671257167,-2.079173740548721,0.00000000
302525.8482172421,4123839.523448943,-2.07917374037038,0.00000001
302525.823879217,4123839.47977217,-2.079173740361463,0.00000000
302525.7995411919,4123839.4360953965,-2.0791737403610173,0.00000000
302525.7752031668,4123839.392418623,-2.079173740522009,0.00000000
302525.75086514186,4123839.34874185,-2.0791737410130997,0.00000000
302525.72652711684,4123839.3050650763,-2.0791737415206955,0.00000000
302525.7021890917,4123839.261388303,-2.0791737415460756,0.00000000
302525.6778510666,4123839.2177115297,-2.0791737413863305,0.00000000
302525.6535130415,4123839.174034756,-2.079173740895302,0.00000000
302525.62917501637,4123839.1303579826,-2.0791737403877093,0.00000000
302525.60483699123,4123839.0866812095,-2.079173739805569,0.00000001
302525.58049896604,4123839.043004436,-2.0791737403332227,0.00000000
302525.5561609409,4123838.9993276624,-2.079173740359605,0.00000001
302525.53182291583,4123838.9556508893,-2.079173740360924,0.00000000
302525.5074848909,4123838.9119741158,-2.0791737410050453,0.00000001
302525.48314686597,4123838.868297342,-2.079173741520293,0.00000000
302525.4588088408,4123838.8246205687,-2.0791737421028156,0.00000000
302525.43447081564,4123838.7809437956,-2.079173740931126,0.00000000
302525.4101327905,4123838.737267022,-2.0791737403895003,0.00000000
302525.38579476543,4123838.693590249,-2.0791737398056584,0.00000000
302525.3614567403,4123838.6499134754,-2.079173740333227,0.00000000
302525.33711871516,4123838.606236702,-2.0791737405206194,0.00000000
302525.31278069003,4123838.5625599287,-2.0791737398122145,0.00000000
302525.28844266507,4123838.518883155,-2.07917374097761,0.00000000
302525.2641046401,4123838.4752063816,-2.0791737415189213,0.00000000
302525.239766615,4123838.431529608,-2.0791737421027467,0.00000000
302525.2154285899,4123838.387852835,-2.0791737410921365,0.00000001
302525.1910905647,4123838.3441760615,-2.0791737403975508,0.00000000
302525.1667525396,4123838.300499288,-2.0791737403628217,0.00000000
302525.14241451444,4123838.256822515,-2.0791737403610853,0.00000000
302525.1180764893,4123838.2131457413,-2.0791737403609982,0.00000000
302525.09373846423,4123838.169468968,-2.07917373964322,0.00000000
302525.0694004393,4123838.1257921946,-2.07917374096916,0.00000000
302525.0450624143,4123838.082115421,-2.0791737415184985,0.00000000
302525.0207243892,4123838.0384386475,-2.0791737409019104,0.00000000
302524.99638636404,4123837.9947618744,-2.0791737396702654,0.00000000
302524.9720483389,4123837.951085101,-2.0791737403264574,0.00000000
302524.94771031383,4123837.9074083273,-2.0791737403592667,0.00000000
302524.92337228864,4123837.8637315542,-2.0791737396431333,0.00000000
302524.8990342635,4123837.8200547807,-2.0791737403251007,0.00000000
302524.8746962386,4123837.776378007,-2.0791737410032542,0.00000000
302524.85035821365,4123837.7327012336,-2.0791737422379772,0.00000000
302524.8260201885,4123837.6890244605,-2.0791737415819393,0.00000000
302524.80168216344,4123837.645347687,-2.0791737410660964,0.00000000
302524.77734413825,4123837.6016709134,-2.0791737403962487,0.00000000
302524.7530061131,4123837.5579941403,-2.0791737403627564,0.00000000
302524.728668088,4123837.5143173668,-2.0791737403610817,0.00000000
302524.70433006284,4123837.4706405937,-2.079173739804238,0.00000000
302524.6799920377,4123837.42696382,-2.079173740333156,0.00000000
302524.6556540128,4123837.3832870466,-2.079173741003657,0.00000000
302524.63131598785,4123837.339610273,-2.0791737422379977,0.00000000
302524.6069779627,4123837.2959335,-2.0791737415819407,0.00000000
302524.5826399376,4123837.2522567264,-2.0791737410660964,0.00000000
302524.5583019124,4123837.208579953,-2.0791737402352353,0.00000000
302524.5339638873,4123837.1649031797,-2.079173740354706,0.00000000
302524.5096258622,4123837.121226406,-2.0791737403606794,0.00000000
302524.48528783704,4123837.077549633,-2.079173739643204,0.00000000
302524.4609498119,4123837.0338728596,-2.0791737403251043,0.00000000
302524.43661178695,4123836.990196086,-2.0791737410032542,0.00000000
302524.41227376205,4123836.9465193124,-2.0791737415202034,0.00000000
302524.3879357369,4123836.9028425394,-2.0791737415460507,0.00000001
302524.3635977118,4123836.859165766,-2.079173741064302,0.00000000
302524.33925968665,4123836.8154889923,-2.0791737405571733,0.00000000
302524.3149216615,4123836.771812219,-2.0791737398140424,0.00000000
302524.2905836363,4123836.7281354456,-2.0791737403336463,0.00000000
302524.26624561124,4123836.684458672,-2.0791737403596264,0.00000000
302524.2419075861,4123836.640781899,-2.0791737403609254,0.00000000
302524.21756956115,4123836.5971051254,-2.079173740844032,0.00000001
302524.1932315362,4123836.553428352,-2.0791737413512283,0.00000000
302524.16889351106,4123836.5097515783,-2.079173742255376,0.00000000
302524.1445554859,4123836.4660748052,-2.079173741099768,0.00000000
302524.12021746085,4123836.4223980317,-2.0791737405589465,0.00000000
302524.0958794357,4123836.3787212586,-2.0791737396531174,0.00000000
302524.0715414106,4123836.335044485,-2.0791737403256,0.00000000
302524.04720338545,4123836.2913677115,-2.079173740520238,0.00000000
302524.02286536025,4123836.2476909384,-2.079173740368956,0.00000000
302523.9985273353,4123836.204014165,-2.0791737406834194,0.00000000
302523.9741893104,4123836.1603373913,-2.079173741343198,0.00000000
302523.9498512853,4123836.1166606178,-2.0791737422549748,0.00000000
302523.9255132602,4123836.0729838447,-2.079173741099748,0.00000000
302523.901175235,4123836.029307071,-2.0791737403979313,0.00000000
302523.87683720986,4123835.985630298,-2.0791737396450665,0.00000000
302523.8524991848,4123835.9419535245,-2.0791737404862114,0.00000000
302523.82816115965,4123835.898276751,-2.0791737403672546,0.00000000
302523.8038231345,4123835.854599978,-2.0791737396435326,0.00000000
302523.77948510955,4123835.8109232043,-2.0791737408081623,0.00000000
302523.7551470846,4123835.7672464307,-2.0791737415104485,0.00000001
302523.73080905946,4123835.723569657,-2.0791737410625215,0.00000000
302523.7064710343,4123835.679892884,-2.079173740557084,0.00000000
302523.68213300925,4123835.6362161105,-2.0791737403707984,0.00000000
302523.6577949841,4123835.592539337,-2.079173740361484,0.00000000
302523.633456959,4123835.548862564,-2.079173740522032,0.00000000
302523.6091189338,4123835.5051857904,-2.0791737403690456,0.00000000
302523.58478090883,4123835.461509017,-2.0791737408444377,0.00000001
302523.56044288387,4123835.4178322437,-2.0791737413512488,0.00000000
302523.53610485885,4123835.37415547,-2.0791737415376033,0.00000000
302523.5117668337,4123835.3304786966,-2.0791737415469207,0.00000000
302523.4874288085,4123835.2868019235,-2.0791737410643454,0.00000000
302523.4630907834,4123835.24312515,-2.0791737405571755,0.00000000
302523.43875275826,4123835.1994483764,-2.079173740370803,0.00000000
302523.4144147331,4123835.1557716033,-2.0791737394826963,0.00000000
302523.39007670805,4123835.11209483,-2.0791737403170787,0.00000000
302523.3657386829,4123835.0684180562,-2.079173740519812,0.00000000
302523.3414006579,4123835.024741283,-2.079173740851976,0.00000000
302523.31706263294,4123834.9810645096,-2.0791737413516254,0.00000000
302523.29272460786,4123834.937387736,-2.079173741537622,0.00000000
302523.2683865828,4123834.8937109625,-2.079173741942668,0.00000000
302523.24404855765,4123834.8500341894,-2.079173740762105,0.00000000
302523.21971053246,4123834.806357416,-2.0791737403810493,0.00000000
302523.1953725073,4123834.762680643,-2.0791737396442223,0.00000000
302523.1710344822,4123834.719003869,-2.079173740325155,0.00000000
302523.14669645706,4123834.6753270957,-2.079173740359202,0.00000000
302523.1223584321,4123834.6316503226,-2.0791737408439457,0.00000000
302523.09802040714,4123834.587973549,-2.079173741351224,0.00000000
302523.07368238206,4123834.5442967755,-2.079173741537602,0.00000000
302523.0493443569,4123834.500620002,-2.0791737419426672,0.00000000
302523.0250063318,4123834.456943229,-2.079173740762105,0.00000000
302523.00066830666,4123834.4132664553,-2.0791737403810493,0.00000000
302522.9763302815,4123834.369589682,-2.0791737396442223,0.00000000
302522.9519922564,4123834.3259129087,-2.079173740325155,0.00000000
302522.92765423126,4123834.282236135,-2.079173740359202,0.00000000
302522.90331620624,4123834.238559362,-2.0791737399651575,0.00000000
302522.8789781813,4123834.1948825885,-2.079173741146271,0.00000000
302522.85464015626,4123834.151205815,-2.079173741527354,0.00000000
302522.83030213113,4123834.1075290414,-2.079173741224381,0.00000000
302522.805964106,4123834.0638522683,-2.079173740565177,0.00000000
302522.78162608086,4123834.0201754947,-2.079173740371203,0.00000000
302522.7572880557,4123833.976498721,-2.0791737405225184,0.00000000
302522.7329500306,4123833.932821948,-2.07917374036907,0.00000000
302522.70861200546,4123833.8891451745,-2.0791737403613975,0.00000000
302522.68427398044,4123833.845468401,-2.0791737406830415,0.00000000
302522.65993595554,4123833.801791628,-2.079173741343179,0.00000000
302522.63559793046,4123833.7581148543,-2.079173741215172,0.00000000
302522.6112599053,4123833.714438081,-2.0791737405647166,0.00000000
302522.5869218802,4123833.6707613077,-2.0791737398144194,0.00000000
302522.56258385506,4123833.627084534,-2.079173740333665,0.00000000
302522.5382458299,4123833.5834077606,-2.0791737403596273,0.00000000
302522.5139078048,4123833.5397309875,-2.0791737403609254,0.00000000
302522.4895697798,4123833.496054214,-2.079173740683018,0.00000000
302522.4652317548,4123833.4523774404,-2.079173741343178,0.00000000
302522.44089372974,4123833.408700667,-2.0791737422549734,0.00000000
302522.41655570467,4123833.365023894,-2.0791737412607616,0.00000000
302522.39221767953,4123833.32134712,-2.0791737407280095,0.00000000
302522.3678796544,4123833.277670347,-2.0791737396615706,0.00000000
302522.34354162926,4123833.2339935736,-2.0791737404870365,0.00000000
302522.3192036041,4123833.1903168,-2.079173740367296,0.00000000
302522.29486557894,4123833.146640027,-2.079173739482521,0.00000000
302522.270527554,4123833.1029632534,-2.0791737406390975,0.00000000
302522.246189529,4123833.05928648,-2.079173741179968,0.00000000
302522.221851504,4123833.0156097063,-2.0791737422468133,0.00000000
302522.1975134788,4123832.971932933,-2.079173741260354,0.00000000
302522.1731754537,4123832.9282561596,-2.079173740727989,0.00000000
302522.1488374286,4123832.884579386,-2.0791737403793435,0.00000000
302522.12449940346,4123832.840902613,-2.0791737403619113,0.00000000
302522.10016137833,4123832.7972258395,-2.079173744359233,0.00000000
302522.0758233532,4123832.7535490664,-2.079173739286371,0.00000000
302522.0514853281,4123832.709872293,-2.079173737100563,0.00000000
302522.02714730316,4123832.6661955193,-2.0791737369912724,0.00000000
302522.0028092782,4123832.6225187457,-2.079173744190701,0.00000000
302521.97847125307,4123832.5788419726,-2.079173744190701,0.00000000
