302497.7563168409,4123788.884706083,-2.021379371555262,0.00000000
302497.72988069383,4123788.84226636,-2.1225660170166036,0.00000000
302497.7034445466,4123788.7998266364,-2.1276253478842055,0.00000000
302497.6770083996,4123788.757386913,-2.1278783150533993,0.00000000
302497.6505722526,4123788.714947189,-2.127890964035057,0.00000000
302497.6241361056,4123788.672507466,-2.1278915966405934,0.00000000
302497.59769995854,4123788.6300677424,-2.1278916282708704,0.00000000
302497.5712638115,4123788.587628019,-2.127891628916279,0.00000000
302497.5448276645,4123788.545188295,-2.127891630354015,0.00000000
302497.5183915173,4123788.502748572,-2.127891629956541,0.00000000
302497.4919553703,4123788.4603088484,-2.1278916299366677,0.00000000
302497.46551922325,4123788.417869125,-2.127891629935674,0.00000000
302497.4390830762,4123788.3754294016,-2.127891629935624,0.00000000
302497.4126469292,4123788.332989678,-2.127891629935622,0.00000000
302497.386210782,4123788.2905499544,-2.1278916293098082,0.00000000
302497.35977463494,4123788.248110231,-2.1278916297478774,0.00000000
302497.33333848795,4123788.2056705076,-2.1278916299262343,0.00000000
302497.3069023409,4123788.1632307842,-2.1278916299351525,0.00000000
302497.28046619386,4123788.120791061,-2.127891629155947,0.00000000
302497.25403004687,4123788.078351337,-2.127891629896638,0.00000000
302497.2275938999,4123788.0359116136,-2.1278916299336723,0.00000000
302497.20115775266,4123787.99347189,-2.127891629466164,0.00000000
302497.1747216056,4123787.951032167,-2.1278916299121486,0.00000000
302497.14828545856,4123787.9085924434,-2.1278916291547967,0.00000000
302497.1218493115,4123787.8661527196,-2.1278916297401267,0.00000000
302497.0954131645,4123787.823712996,-2.1278916297693935,0.00000000
302497.06897701754,4123787.781273273,-2.1278916299273103,0.00000000
302497.0425408705,4123787.7388335494,-2.1278916304045667,0.00000000
302497.01610472327,4123787.696393826,-2.1278916291794174,0.00000000
302496.9896685762,4123787.653954102,-2.1278916298978117,0.00000000
302496.96323242923,4123787.611514379,-2.1278916299337314,0.00000000
302496.93679628224,4123787.5690746554,-2.1278916299355273,0.00000000
302496.9103601352,4123787.526634932,-2.127891629935617,0.00000000
302496.883923988,4123787.4841952086,-2.12789162868661,0.00000000
302496.8574878409,4123787.441755485,-2.1278916297167174,0.00000000
302496.8310516939,4123787.3993157614,-2.127891629768223,0.00000000
302496.8046155469,4123787.356876038,-2.1278916299272517,0.00000000
302496.7781793999,4123787.3144363146,-2.127891629935203,0.00000000
302496.75174325285,4123787.2719965912,-2.127891629155949,0.00000000
302496.7253071058,4123787.2295568674,-2.127891630209545,0.00000000
302496.69887095864,4123787.187117144,-2.1278916301057715,0.00000000
302496.6724348116,4123787.1446774206,-2.1278916299441293,0.00000000
302496.64599866455,4123787.102237697,-2.1278916297795933,0.00000000
302496.61956251756,4123787.059797974,-2.1278916291481687,0.00000000
302496.5931263705,4123787.01735825,-2.127891629896249,0.00000000
302496.56669022335,4123786.9749185266,-2.127891629464293,0.00000000
302496.54025407624,4123786.932478803,-2.127891629755602,0.00000000
302496.51381792926,4123786.89003908,-2.1278916299266206,0.00000000
302496.48738178227,4123786.8475993564,-2.1278916299351716,0.00000000
302496.4609456352,4123786.8051596326,-2.127891629935599,0.00000000
302496.4345094882,4123786.762719909,-2.1278916299356205,0.00000000
302496.4080733412,4123786.720280186,-2.1278916299356214,0.00000000
302496.38163719396,4123786.6778404624,-2.1278916294662618,0.00000000
302496.3552010469,4123786.635400739,-2.1278916297557,0.00000000
302496.3287648999,4123786.5929610156,-2.127891629146974,0.00000000
302496.3023287529,4123786.550521292,-2.1278916298961894,0.00000000
302496.27589260583,4123786.5080815684,-2.1278916297771966,0.00000000
302496.24945645884,4123786.465641845,-2.1278916299277,0.00000000
302496.2230203118,4123786.4232021216,-2.1278916302481328,0.00000000
302496.19658416463,4123786.3807623982,-2.1278916291715957,0.00000000
302496.1701480176,4123786.3383226744,-2.1278916298974204,0.00000000
302496.14371187054,4123786.295882951,-2.1278916299337114,0.00000000
302496.11727572355,4123786.2534432276,-2.127891629935526,0.00000000
302496.0908395765,4123786.211003504,-2.1278916291559655,0.00000000
302496.06440342934,4123786.168563781,-2.127891628804081,0.00000000
302496.0379672823,4123786.126124057,-2.127891629722591,0.00000000
302496.01153113524,4123786.0836843336,-2.12789162992497,0.00000000
302495.9850949882,4123786.04124461,-2.1278916297786354,0.00000000
302495.9586588412,4123785.998804887,-2.127891629927772,0.00000000
302495.93222269416,4123785.956365163,-2.1278916299352293,0.00000000
302495.9057865471,4123785.9139254396,-2.127891630248509,0.00000000
302495.8793504,4123785.871485716,-2.1278916301077198,0.00000000
302495.8529142529,4123785.829045993,-2.1278916299442265,0.00000000
302495.8264781059,4123785.7866062694,-2.1278916299360517,0.00000000
302495.80004195886,4123785.744166546,-2.1278916291559917,0.00000000
302495.7736058118,4123785.701726822,-2.127891630209547,0.00000000
302495.74716966465,4123785.659287099,-2.127891629949318,0.00000000
302495.7207335176,4123785.6168473754,-2.1278916299363066,0.00000000
302495.69429737056,4123785.574407652,-2.127891629935656,0.00000000
302495.66786122357,4123785.5319679286,-2.1278916291559717,0.00000000
302495.6414250765,4123785.489528205,-2.1278916298966393,0.00000000
302495.61498892936,4123785.4470884814,-2.127891629620766,0.00000000
302495.5885527823,4123785.404648758,-2.1278916297634254,0.00000000
302495.56211663526,4123785.3622090346,-2.127891629927012,0.00000000
302495.5356804882,4123785.319769311,-2.1278916297787376,0.00000000
302495.5092443412,4123785.2773295874,-2.1278916299277775,0.00000000
302495.4828081942,4123785.234889864,-2.1278916299352293,0.00000000
302495.45637204713,4123785.1924501406,-2.1278916300920554,0.00000000
302495.4299359,4123785.150010417,-2.1278916300998967,0.00000000
302495.4034997529,4123785.107570694,-2.1278916299438353,0.00000000
302495.37706360593,4123785.0651309704,-2.1278916291563807,0.00000000
302495.3506274589,4123785.0226912466,-2.1278916298966597,0.00000000
302495.32419131184,4123784.980251523,-2.12789162977722,0.00000000
302495.29775516473,4123784.9378118,-2.127891629614795,0.00000001
302495.27131901763,4123784.8953720764,-2.127891629763127,0.00000000
302495.2448828706,4123784.852932353,-2.1278916291473453,0.00000000
302495.2184467236,4123784.810492629,-2.127891629896208,0.00000000
302495.19201057655,4123784.768052906,-2.127891629933651,0.00000000
302495.16557442956,4123784.7256131824,-2.127891630091977,0.00000000
302495.1391382825,4123784.683173459,-2.127891629163788,0.00000000
302495.11270213535,4123784.6407337356,-2.1278916286480185,0.00000000
302495.08626598824,4123784.598294012,-2.1278916295583348,0.00000000
302495.05982984125,4123784.5558542884,-2.1278916299167574,0.00000000
302495.0333936942,4123784.513414565,-2.1278916299346786,0.00000000
302495.00695754716,4123784.4709748416,-2.127891629779121,0.00000000
302494.98052140017,4123784.428535118,-2.127891629771343,0.00000000
302494.9540852532,4123784.3860953944,-2.1278916302403146,0.00000000
302494.927649106,4123784.343655671,-2.12789163010731,0.00000001
302494.9012129589,4123784.3012159476,-2.127891629944206,0.00000000
302494.87477681186,4123784.258776224,-2.1278916297795973,0.00000000
302494.8483406649,4123784.216336501,-2.127891629148169,0.00000000
302494.8219045179,4123784.173896777,-2.127891629896249,0.00000000
302494.7954683707,4123784.1314570536,-2.1278916296207466,0.00000001
302494.7690322236,4123784.08901733,-2.1278916297634245,0.00000000
302494.74259607657,4123784.046577607,-2.1278916297705583,0.00000000
302494.7161599296,4123784.0041378834,-2.127891629147717,0.00000000
302494.68972378253,4123783.9616981596,-2.1278916297397727,0.00000000
302494.66328763554,4123783.919258436,-2.1278916299258293,0.00000000
302494.6368514885,4123783.876818713,-2.127891630248039,0.00000000
302494.61041534133,4123783.8343789894,-2.127891630107696,0.00000000
302494.5839791943,4123783.791939266,-2.1278916301006787,0.00000000
302494.55754304724,4123783.749499542,-2.1278916299438744,0.00000000
302494.53110690025,4123783.707059819,-2.1278916299360344,0.00000000
302494.5046707532,4123783.6646200954,-2.1278916299356423,0.00000000
302494.47823460604,4123783.622180372,-2.127891629622716,0.00000000
302494.45179845893,4123783.5797406486,-2.1278916288274186,0.00000001
302494.4253623119,4123783.5373009252,-2.1278916289441066,0.00000001
302494.3989261649,4123783.4948612014,-2.127891629886046,0.00000000
302494.3724900179,4123783.452421478,-2.127891629933143,0.00000000
302494.34605387086,4123783.4099817546,-2.1278916299354975,0.00000000
302494.3196177238,4123783.367542031,-2.127891629155964,0.00000000
302494.2931815767,4123783.3251023074,-2.1278916295837322,0.00000000
302494.2667454296,4123783.282662584,-2.1278916296051205,0.00000000
302494.24030928256,4123783.2402228606,-2.127891629762643,0.00000000
302494.21387313557,4123783.197783137,-2.127891629926973,0.00000000
302494.1874369885,4123783.155343414,-2.127891629155538,0.00000000
302494.1610008415,4123783.11290369,-2.127891629740164,0.00000000
302494.1345646945,4123783.0704639666,-2.127891630238756,0.00000000
302494.1081285474,4123783.028024243,-2.127891630263685,0.00000000
302494.0816924003,4123782.98558452,-2.1278916299520247,0.00000000
302494.0552562532,4123782.9431447964,-2.1278916299364417,0.00000000
302494.0288201062,4123782.9007050726,-2.1278916299356627,0.00000000
302494.0023839592,4123782.858265349,-2.1278916299356236,0.00000000
302493.975947812,4123782.815825626,-2.1278916296227153,0.00000000
302493.9495116649,4123782.7733859024,-2.127891629450616,0.00000000
302493.92307551793,4123782.730946179,-2.1278916299113715,0.00000000
302493.8966393709,4123782.6885064556,-2.1278916291547576,0.00000000
302493.87020322384,4123782.646066732,-2.1278916298965784,0.00000000
302493.84376707685,4123782.6036270084,-2.1278916299336696,0.00000000
302493.8173309298,4123782.561187285,-2.1278916300919777,0.00000000
302493.79089478275,4123782.5187475616,-2.1278916302563466,0.00000000
302493.7644586356,4123782.476307838,-2.1278916291720065,0.00000000
302493.73802248854,4123782.4338681144,-2.127891629897441,0.00000000
302493.7115863415,4123782.391428391,-2.127891629777259,0.00000000
302493.6851501945,4123782.3489886676,-2.1278916300841573,0.00000000
302493.6587140474,4123782.306548944,-2.1278916302559554,0.00000000
302493.6322779003,4123782.264109221,-2.1278916299516384,0.00000000
302493.60584175325,4123782.221669497,-2.1278916299364226,0.00000000
302493.5794056062,4123782.1792297736,-2.127891629935662,0.00000000
302493.5529694592,4123782.13679005,-2.1278916299356236,0.00000000
302493.5265333121,4123782.094350327,-2.1278916297791683,0.00000001
302493.50009716494,4123782.0519106034,-2.1278916286787872,0.00000000
302493.47366101795,4123782.00947088,-2.1278916290931287,0.00000000
302493.4472248709,4123781.967031156,-2.127891629893497,0.00000000
302493.42078872386,4123781.924591433,-2.127891629777062,0.00000000
302493.39435257687,4123781.8821517094,-2.1278916299276935,0.00000000
302493.3679164298,4123781.839711986,-2.127891629155574,0.00000000
302493.3414802828,4123781.797272262,-2.1278916302095263,0.00000000
302493.3150441356,4123781.754832539,-2.1278916299493167,0.00000000
302493.28860798856,4123781.7123928154,-2.1278916299363066,0.00000000
302493.2621718416,4123781.669953092,-2.127891629935656,0.00000000
302493.2357356945,4123781.6275133686,-2.127891629935623,0.00000000
302493.2092995475,4123781.5850736448,-2.1278916297791683,0.00000000
302493.1828634003,4123781.5426339214,-2.1278916296148926,0.00000000
302493.15642725327,4123781.500194198,-2.1278916299195854,0.00000000
302493.1299911062,4123781.4577544746,-2.12789162993482,0.00000000
302493.10355495923,4123781.415314751,-2.1278916299355815,0.00000000
302493.0771188122,4123781.372875028,-2.127891629155968,0.00000000
302493.0506826652,4123781.330435304,-2.127891629896639,0.00000000
302493.0242465181,4123781.2879955806,-2.127891629777219,0.00000000
302492.9978103709,4123781.245555857,-2.1278916294583414,0.00000000
302492.9713742239,4123781.203116134,-2.1278916297553043,0.00000000
302492.9449380769,4123781.1606764104,-2.1278916291469545,0.00000000
302492.91850192985,4123781.1182366866,-2.127891629739735,0.00000000
302492.89206578286,4123781.075796963,-2.1278916299258275,0.00000000
302492.8656296358,4123781.03335724,-2.127891629935132,0.00000000
302492.83919348876,4123780.9909175164,-2.1278916304049575,0.00000001
302492.8127573416,4123780.948477793,-2.127891629179437,0.00000000
302492.78632119455,4123780.906038069,-2.1278916298978126,0.00000000
302492.75988504756,4123780.863598346,-2.1278916299337314,0.00000000
302492.7334489005,4123780.8211586224,-2.1278916299355273,0.00000000
302492.70701275347,4123780.778718899,-2.1278916297791635,0.00000000
302492.68057660625,4123780.7362791756,-2.1278916286787872,0.00000000
302492.65414045926,4123780.6938394518,-2.12789162987278,0.00000000
302492.6277043122,4123780.6513997284,-2.1278916299324795,0.00000000
302492.6012681652,4123780.608960005,-2.1278916299354647,0.00000000
302492.5748320182,4123780.5665202816,-2.1278916297791604,0.00000000
302492.5483958712,4123780.524080558,-2.1278916291481473,0.00000000
302492.5219597241,4123780.4816408344,-2.1278916297397945,0.00000000
302492.4955235769,4123780.439201111,-2.12789162945647,0.00000000
302492.46908742987,4123780.3967613876,-2.1278916297552106,0.00000000
302492.4426512829,4123780.354321664,-2.127891629926601,0.00000000
302492.4162151359,4123780.311881941,-2.127891629155519,0.00000000
302492.38977898884,4123780.269442217,-2.1278916298966166,0.00000000
302492.3633428418,4123780.2270024936,-2.1278916299336714,0.00000000
302492.33690669475,4123780.18456277,-2.1278916304048847,0.00000000
302492.3104705476,4123780.142123047,-2.127891629959085,0.00000000
302492.28403440054,4123780.0996833234,-2.1278916291571432,0.00000000
302492.25759825355,4123780.0572435996,-2.127891629896698,0.00000000
302492.2311621065,4123780.014803876,-2.1278916299336754,0.00000000
302492.20472595945,4123779.972364153,-2.127891629935524,0.00000000
302492.17828981223,4123779.9299244294,-2.127891629466257,0.00000000
302492.15185366524,4123779.887484706,-2.1278916299121535,0.00000000
302492.1254175182,4123779.845044982,-2.1278916297779946,0.00000000
302492.0989813712,4123779.8026052588,-2.12789162992774,0.00000000
302492.07254522416,4123779.7601655354,-2.1278916299352275,0.00000001
302492.0461090771,4123779.717725812,-2.127891629935602,0.00000000
302492.01967293007,4123779.6752860886,-2.1278916302485276,0.00000000
302491.9932367829,4123779.632846365,-2.1278916291716157,0.00000000
302491.9668006359,4123779.5904066414,-2.1278916298974213,0.00000000
302491.94036448887,4123779.547966918,-2.127891629933712,0.00000000
302491.9139283418,4123779.5055271946,-2.1278916299355264,0.00000001
302491.8874921948,4123779.463087471,-2.127891630248524,0.00000000
302491.8610560476,4123779.420647748,-2.1278916291716152,0.00000000
302491.83461990056,4123779.378208024,-2.1278916298974213,0.00000000
302491.8081837536,4123779.3357683006,-2.127891629933712,0.00000000
302491.7817476065,4123779.293328577,-2.1278916299355264,0.00000000
302491.7553114595,4123779.250888854,-2.127891629935617,0.00000000
302491.7288753123,4123779.2084491304,-2.1278916288430634,0.00000000
302491.70243916527,4123779.1660094066,-2.1278916298809936,0.00000000
302491.6760030182,4123779.123569683,-2.1278916297764368,0.00000001
302491.64956687123,4123779.08112996,-2.1278916299276625,0.00000000
302491.6231307242,4123779.0386902364,-2.1278916299352235,0.00000000
302491.59669457714,4123778.996250513,-2.1278916291559504,0.00000000
302491.5702584301,4123778.953810789,-2.127891630209545,0.00000001
302491.5438222829,4123778.911371066,-2.127891629949318,0.00000002
302491.51738613594,4123778.8689313424,-2.1278916299363066,0.00000002
302491.4909499889,4123778.826491619,-2.127891629935656,0.00000002
302491.46451384184,4123778.7840518956,-2.1278916291559717,0.00000003
302491.4380776948,4123778.7416121718,-2.1278916297401858,0.00000003
302491.41164154763,4123778.6991724484,-2.127891629300036,0.00000004
302491.3852054006,4123778.656732725,-2.127891629747389,0.00000005
302491.3587692536,4123778.6142930016,-2.12789162992621,0.00000005
302491.33233310655,4123778.571853278,-2.127891629935151,0.00000007
302491.3058969595,4123778.5294135544,-2.127891629779145,0.00000008
302491.2794608125,4123778.486973831,-2.127891629927798,0.00000009
302491.2530246655,4123778.4445341076,-2.1278916299352306,0.00000011
302491.2265885183,4123778.402094384,-2.127891629466242,0.00000013
302491.20015237125,4123778.359654661,-2.1278916299121526,0.00000015
302491.1737162242,4123778.3172149374,-2.1278916291547967,0.00000018
302491.1472800772,4123778.2747752136,-2.12789162989658,0.00000021
302491.12084393017,4123778.23233549,-2.127891629777216,0.00000025
302491.0944077832,4123778.189895767,-2.1278916299277015,0.00000029
302491.06797163613,4123778.1474560434,-2.1278916304045863,0.00000035
302491.0415354889,4123778.10501632,-2.1278916291794183,0.00000040
302491.01509934186,4123778.062576596,-2.1278916298978117,0.00000047
302490.9886631949,4123778.020136873,-2.1278916299337314,0.00000055
302490.9622270479,4123777.9776971494,-2.1278916299355273,0.00000064
302490.93579090084,4123777.935257426,-2.1278916291559655,0.00000075
302490.9093547536,4123777.8928177026,-2.1278916286476273,0.00000087
302490.88291860657,4123777.8503779788,-2.127891629871222,0.00000101
302490.8564824595,4123777.8079382554,-2.1278916297759483,0.00000118
302490.83004631253,4123777.765498532,-2.127891629927638,0.00000136
302490.80361016555,4123777.7230588086,-2.1278916299352226,0.00000158
302490.7771740185,4123777.6806190847,-2.1278916297791484,0.00000183
302490.75073787145,4123777.6381793614,-2.1278916300842514,0.00000212
302490.7243017242,4123777.595739638,-2.1278916293172396,0.00000245
302490.69786557724,4123777.5532999146,-2.127891628342784,0.00000283
302490.6714294302,4123777.510860191,-2.1278916276682476,0.00000327
302490.6449932832,4123777.468420468,-2.1278916273216137,0.00000378
302490.6185571362,4123777.425980744,-2.1278916268349217,0.00000435
302490.59212098905,4123777.3835410206,-2.1278916250922153,0.00000502
302490.5656848421,4123777.341101297,-2.127891625161533,0.00000578
302490.5392486952,4123777.2986615733,-2.1278916253188376,0.00000665
302490.5128125484,4123777.25622185,-2.127891624234144,0.00000765
302490.4863764015,4123777.2137821265,-2.127891622305084,0.00000879
302490.4599402547,4123777.1713424027,-2.127891620957003,0.00001010
302490.4335041079,4123777.128902679,-2.127891618232507,0.00001160
302490.4070679609,4123777.0864629555,-2.1278916145004687,0.00001331
302490.3806318142,4123777.044023232,-2.127891609002297,0.00001527
302490.3541956675,4123777.001583508,-2.1278916037234943,0.00001750
302490.327759521,4123776.9591437844,-2.127891596270543,0.00002006
302490.3013233747,4123776.9167040605,-2.127891587144351,0.00002298
302490.27488722856,4123776.874264336,-2.127891577152229,0.00002632
302490.2484510826,4123776.8318246123,-2.1278915641494267,0.00003012
302490.222014937,4123776.7893848876,-2.1278915508370213,0.00003447
302490.1955787919,4123776.7469451632,-2.127891534854659,0.00003943
302490.16914264724,4123776.704505438,-2.1278915171742647,0.00004508
302490.1427065033,4123776.6620657127,-2.1278914969083287,0.00005154
302490.11627035984,4123776.619625987,-2.1278914732302106,0.00005889
302490.0898342171,4123776.577186261,-2.1278914432850295,0.00006728
302490.06339807506,4123776.534746534,-2.127891405368125,0.00007684
302490.0369619339,4123776.492306807,-2.127891357675891,0.00008773
302490.01052579377,4123776.449867079,-2.127891301364544,0.00010014
302489.984089655,4123776.4074273505,-2.1278912360251487,0.00011428
302489.95765351766,4123776.364987621,-2.1278911589827834,0.00013038
302489.9312173827,4123776.3225478902,-2.1278910744765493,0.00014871
302489.90478125046,4123776.2801081575,-2.127890975842299,0.00016958
302489.8783451214,4123776.2376684225,-2.1278908604000213,0.00019332
302489.8519089958,4123776.1952286856,-2.12789072458159,0.00022034
302489.8254728739,4123776.152788947,-2.1278905655488902,0.00025107
302489.7990367562,4123776.110349205,-2.1278903825315827,0.00028600
302489.7726006429,4123776.0679094605,-2.127890162680285,0.00032571
302489.74616453587,4123776.025469712,-2.1278899083172917,0.00037081
302489.7197284366,4123775.983029959,-2.1278896167477894,0.00042203
302489.6932923458,4123775.9405902,-2.1278892787705845,0.00048015
302489.6668562646,4123775.8981504356,-2.1278888881420723,0.00054607
302489.640420194,4123775.8557106648,-2.1278884336087938,0.00062077
302489.613984137,4123775.813270885,-2.1278879088245324,0.00070534
302489.5875480953,4123775.770831096,-2.1278873045619755,0.00080099
302489.5611120708,4123775.728391296,-2.12788660629465,0.00090904
302489.53467606666,4123775.6859514834,-2.127885804850347,0.00103093
302489.5082400856,4123775.6435116567,-2.127884876331236,0.00116820
302489.48180413165,4123775.601071813,-2.1278838065646233,0.00132247
302489.4553682092,4123775.5586319496,-2.1278825735851363,0.00149543
302489.42893232254,4123775.516192064,-2.1278811550377723,0.00168879
302489.40249647695,4123775.4737521526,-2.1278795258856866,0.00190421
302489.3760606785,4123775.4313122123,-2.127877649244933,0.00214319
302489.3496249355,4123775.388872237,-2.1278754948203074,0.00240695
302489.3231892558,4123775.3464322225,-2.1278730215509443,0.00269620
302489.2967536495,4123775.303992162,-2.127870187527432,0.00301086
302489.27031812636,4123775.26155205,-2.1278669384459117,0.00335012
302489.24388269865,4123775.2191118784,-2.1278632118835485,0.00371271
302489.2174473813,4123775.176671638,-2.127858945321813,0.00409707
302489.19101219054,4123775.1342313187,-2.1278540638879995,0.00450153
302489.16457714495,4123775.0917909094,-2.1278484774061712,0.00492436
302489.1381422651,4123775.0493503963,-2.1278420880457456,0.00536387
302489.1117075749,4123775.0069097653,-2.1278347840057967,0.00581843
302489.0852731025,4123774.964468999,-2.1278264384008514,0.00628650
302489.0588388788,4123774.9220280773,-2.1278169032732572,0.00676664
302489.0324049395,4123774.879586979,-2.127806015074646,0.00725754
302489.0059713258,4123774.8371456773,-2.1277935875918077,0.00775798
302488.9795380839,4123774.7947041444,-2.127779401596024,0.00826686
302488.953105266,4123774.7522623474,-2.1277632099443116,0.00878318
302488.92667293275,4123774.7098202487,-2.127744736278221,0.00930603
302488.9002411531,4123774.667377805,-2.1277236655765694,0.00983459
302488.8738100045,4123774.624934968,-2.1276996350859045,0.01036813
302488.8473795761,4123774.582491683,-2.1276722357446394,0.01090597
302488.8209499703,4123774.5400478854,-2.1276410042800453,0.01144751
302488.7945213026,4123774.497603504,-2.127605409536923,0.01199220
302488.76809370454,4123774.4551584567,-2.1275648489590733,0.01253953
302488.7416673256,4123774.41271265,-2.1275186385856317,0.01308905
302488.7152423365,4123774.370265978,-2.1274659991031504,0.01364033
302488.6888189312,4123774.32781832,-2.1274060456122146,0.01419295
302488.66239733086,4123774.285369539,-2.127337773670472,0.01474655
302488.63597778685,4123774.2429194776,-2.127260042339022,0.01530075
302488.60956058564,4123774.2004679586,-2.1271715583350326,0.01585520
302488.5831460522,4123774.1580147794,-2.1270708488142662,0.01640955
302488.556734557,4123774.11555971,-2.1269562504852026,0.01696345
302488.53032652073,4123774.073102489,-2.1268258738808306,0.01751653
302488.5039224225,4123774.030642819,-2.1266775840714462,0.01806842
302488.47752280644,4123773.9881803617,-2.126508965936675,0.01861872
302488.45112829085,4123773.945714734,-2.1263172866402793,0.01916702
302488.424739579,4123773.9032455,-2.126099469338859,0.01971286
302488.3983574679,4123773.8607721645,-2.1258520467032205,0.02025575
302488.37198286393,4123773.818294167,-2.125571122960651,0.02079515
302488.3456167946,4123773.775810872,-2.125252326786852,0.02133048
302488.3192604248,4123773.733321559,-2.1248907694061714,0.02186106
302488.29291507485,4123773.690825412,-2.1244810067930393,0.02238617
302488.2665822396,4123773.6483215094,-2.1240169937396356,0.02290498
302488.24026360863,4123773.6058088103,-2.1234920546988536,0.02341659
302488.21396109083,4123773.56328614,-2.1228988643245144,0.02391997
302488.18767684,4123773.520752177,-2.1222294473444263,0.02441396
302488.16141328105,4123773.478205434,-2.1214752066719718,0.02489729
302488.13517313957,4123773.4356442457,-2.1206269917806595,0.02536852
302488.10895947076,4123773.3930667476,-2.1196752347724153,0.02582604
302488.08277569036,4123773.3504708637,-2.118610161839602,0.02626807
302488.0566256033,4123773.307854288,-2.117422138488795,0.02669261
302488.03051343013,4123773.265214472,-2.1161021702354477,0.02709747
302488.004443828,4123773.222548617,-2.114642634287377,0.02748024
302487.9784219016,4123773.1798536694,-2.1130383228242406,0.02783826
302487.95245320076,4123773.13712633,-2.1112879009190326,0.02816867
302487.92654369463,4123773.094363072,-2.1093959377912412,0.02846838
302487.90069971397,4123773.051560185,-2.107375697788427,0.02873414
302487.87492784765,4123773.008713843,-2.1052529638242885,0.02896257
302487.84923477273,4123772.96582021,-2.103064896016107,0.02915026
302487.823626994,4123772.922875605,-2.1008551209899697,0.02929387
302487.7981104559,4123772.8798767286,-2.098669292358666,0.02939041
302487.77268998197,4123772.8368209936,-2.0965508565393742,0.02943745
302487.74736847525,4123772.793706982,-2.094536575049732,0.02943354
302487.7221457966,4123772.750535078,-2.092651309933536,0.02937885
302487.69701894023,4123772.7073073303,-2.0909078754274786,0.02927497
302487.67198307975,4123772.664026814,-2.0893105365321687,0.02912444
302487.6470323178,4123772.6206971793,-2.0878577573423702,0.02893034
302487.6221602178,4123772.577322339,-2.086544201854972,0.02869601
302487.59736017376,4123772.533906257,-2.0853621722229323,0.02842487
302487.5726256614,4123772.490452803,-2.084302640492087,0.02812028
302487.547950403,4123772.446965672,-2.083355956995128,0.02778547
302487.5233284716,4123772.4034483233,-2.0825123594806554,0.02742351
302487.4987543478,4123772.359903958,-2.081762296144738,0.02703722
302487.47422294616,4123772.3163355086,-2.081096642796345,0.02662921
302487.44972962147,4123772.27274564,-2.0805068319926994,0.02620187
302487.4252701575,4123772.2291367617,-2.0799849159481427,0.02575737
302487.4008407487,4123772.1855110386,-2.0795236011649934,0.02529765
302487.37643797474,4123772.1418704106,-2.0791162429259953,0.02482448
302487.35205877316,4123772.098216609,-2.078756827048309,0.02433944
302487.3277004098,4123772.0545511767,-2.0784399305359504,0.02384394
302487.3033604493,4123772.010875483,-2.0781606930193544,0.02333925
302487.2790367281,4123771.967190743,-2.0779147671196276,0.02282648
302487.2547273267,4123771.9234980326,-2.0776982756984865,0.02230665
302487.23043054424,4123771.8797983034,-2.0775077696272595,0.02178067
302487.20614487637,4123771.8360923966,-2.077340187627008,0.02124932
302487.18186899385,4123771.7923810533,-2.0771928178401686,0.02071334
302487.1576017226,4123771.748664929,-2.077063253070003,0.02017338
302487.1333420269,4123771.7049446004,-2.076949370488329,0.01963001
302487.1090889939,4123771.661220575,-2.076849293497498,0.01908378
302487.0848418188,4123771.617493301,-2.0767613658936326,0.01853516
302487.06059979234,4123771.5737631726,-2.076684124696747,0.01798460
302487.0363622906,4123771.530030536,-2.076616281815848,0.01743251
302487.01212876505,4123771.486295696,-2.0765567046555007,0.01687930
302486.9878987324,4123771.442558921,-2.076504393950834,0.01632532
302486.9636717675,4123771.398820446,-2.0764584697816026,0.01577095
302486.9394474969,4123771.355080479,-2.0764181588692523,0.01521653
302486.9152255921,4123771.311339202,-2.0763827794517877,0.01466241
302486.89100576425,4123771.2675967747,-2.0763517329708616,0.01410895
302486.86678775965,4123771.223853338,-2.076324494279661,0.01355652
302486.8425713551,4123771.1801090157,-2.076300600463922,0.01300551
302486.8183563549,4123771.1363639156,-2.0762796452835537,0.01245631
302486.7941425867,4123771.092618134,-2.0762612685742976,0.01190937
302486.7699298995,4123771.0488717537,-2.07624515541751,0.01136514
302486.74571816047,4123771.005124849,-2.076231029096209,0.01082414
302486.72150725266,4123770.961377484,-2.0762186459501413,0.01028693
302486.6972970734,4123770.9176297155,-2.0762077929764886,0.00975413
302486.6730875329,4123770.873881594,-2.076198284415541,0.00922640
302486.64887855254,4123770.830133162,-2.076189956096462,0.00870451
302486.6246700636,4123770.7863844587,-2.0761826645567516,0.00818928
302486.6004620051,4123770.742635517,-2.0761762862820863,0.00768163
302486.5762543237,4123770.6988863666,-2.0761707067508093,0.00718259
302486.55204697215,4123770.6551370337,-2.0761658238471488,0.00669326
302486.527839909,4123770.611387541,-2.076161551878851,0.00621488
302486.50363309856,4123770.5676379087,-2.076157815490534,0.00574878
302486.4794265091,4123770.523888154,-2.076154549356822,0.00529642
302486.4552201124,4123770.480138293,-2.0761516904067827,0.00485935
302486.4310138846,4123770.4363883385,-2.0761491912765417,0.00443922
302486.40680780506,4123770.3926383015,-2.07614701151635,0.00403772
302486.382601855,4123770.3488881933,-2.076145108074127,0.00365657
302486.3583960178,4123770.305138022,-2.0761434469820053,0.00329745
302486.3341902795,4123770.261387797,-2.076141999794885,0.00296187
302486.30998462735,4123770.2176375235,-2.0761407382512433,0.00265105
302486.2857790505,4123770.1738872086,-2.076139639098575,0.00236571
302486.2615735389,4123770.1301368577,-2.0761386811776887,0.00210579
302486.23736808466,4123770.0863864752,-2.076137849837783,0.00187049
302486.2131626802,4123770.042636065,-2.076137126446459,0.00165853
302486.1889573188,4123769.998885631,-2.0761364970556757,0.00146839
302486.16475199535,4123769.955135176,-2.076135951246035,0.00129838
302486.1405467048,4123769.9113847027,-2.0761354778068557,0.00114681
302486.11634144257,4123769.8676342135,-2.076135067354606,0.00101199
302486.0921362049,4123769.8238837114,-2.0761347108271146,0.00089230
302486.0679309888,4123769.7801331966,-2.0761344031626994,0.00078622
302486.0437257912,4123769.736382672,-2.0761341333049987,0.00069234
302486.0195206099,4123769.6926321383,-2.0761338990644775,0.00060934
302485.99531544273,4123769.648881597,-2.0761336973836637,0.00053605
302485.97111028736,4123769.6051310487,-2.076133522625967,0.00047138
302485.94690514234,4123769.561380495,-2.07613337202156,0.00041436
302485.92270000663,4123769.5176299363,-2.0761332418388143,0.00036411
302485.89849487925,4123769.4738793727,-2.0761331312221425,0.00031987
302485.874289759,4123769.4301288053,-2.076133036051772,0.00028092
302485.8500846442,4123769.3863782347,-2.0761329526421353,0.00024666
302485.82587953436,4123769.3426276613,-2.0761328788286786,0.00021652
302485.8016744287,4123769.298877086,-2.0761328142493136,0.00019002
302485.7774693267,4123769.2551265084,-2.076132758563363,0.00016673
302485.7532642281,4123769.211375929,-2.0761327115237975,0.00014626
302485.7290591325,4123769.1676253476,-2.0761326732556857,0.00012828
302485.70485403965,4123769.1238747654,-2.0761326405872946,0.00011249
302485.680648949,4123769.080124181,-2.0761326155703093,0.00009862
302485.65644386015,4123769.0363735966,-2.076132594000326,0.00008644
302485.6322387727,4123768.992623011,-2.0761325755745488,0.00007575
302485.60803368624,4123768.9488724247,-2.0761325588262647,0.00006637
302485.58382860076,4123768.905121838,-2.076132544258572,0.00005813
302485.55962351616,4123768.861371251,-2.0761325326791886,0.00005091
302485.53541843215,4123768.8176206634,-2.076132521019225,0.00004458
302485.51121334883,4123768.7738700756,-2.0761325113593734,0.00003902
302485.4870082661,4123768.7301194873,-2.0761325031585236,0.00003415
302485.46280318405,4123768.6863688985,-2.0761324964821974,0.00002987
302485.43859810225,4123768.6426183097,-2.07613248939824,0.00002613
302485.4143930208,4123768.598867721,-2.0761324823864764,0.00002285
302485.39018793975,4123768.5551171317,-2.0761324782576027,0.00001997
302485.36598285893,4123768.5113665424,-2.0761324749180172,0.00001745
302485.34177777846,4123768.467615953,-2.076132472585612,0.00001525
302485.3175726982,4123768.4238653635,-2.0761324711787044,0.00001331
302485.2933676183,4123768.3801147738,-2.0761324699106476,0.00001162
302485.26916253846,4123768.3363641836,-2.0761324700772406,0.00001014
302485.2449574585,4123768.292613594,-2.076132469762998,0.00000885
302485.2207523786,4123768.248863004,-2.0761324685495754,0.00000771
302485.19654729863,4123768.2051124144,-2.0761324681663322,0.00000672
302485.1723422188,4123768.1613618247,-2.0761324678245985,0.00000586
302485.1481371391,4123768.1176112345,-2.076132467323654,0.00000510
302485.12393205945,4123768.073860645,-2.0761324669760346,0.00000444
302485.0997269796,4123768.030110055,-2.0761324657609426,0.00000386
302485.07552189985,4123767.986359465,-2.0761324662527554,0.00000336
302485.05131682,4123767.942608875,-2.076132465079635,0.00000292
302485.0271117403,4123767.8988582855,-2.076132464698407,0.00000254
302485.0029066608,4123767.8551076953,-2.076132464679346,0.00000220
302484.97870158125,4123767.8113571056,-2.076132464678393,0.00000191
302484.9544965016,4123767.7676065154,-2.076132464678345,0.00000166
302484.9302914219,4123767.7238559257,-2.076132464517057,0.00000144
302484.90608634223,4123767.6801053355,-2.076132464508993,0.00000124
302484.88188126264,4123767.636354746,-2.076132463472164,0.00000108
302484.8576761831,4123767.5926041557,-2.0761324641341763,0.00000093
302484.8334711036,4123767.548853566,-2.0761324637759953,0.00000081
302484.8092660239,4123767.5051029758,-2.07613246447194,0.00000070
302484.78506094427,4123767.461352386,-2.076132464506737,0.00000060
302484.7608558646,4123767.417601796,-2.0761324646697625,0.00000052
302484.73665078514,4123767.3738512057,-2.0761324658756246,0.00000045
302484.7124457056,4123767.330100616,-2.0761324650607786,0.00000038
302484.68824062595,4123767.286350026,-2.0761324645361787,0.00000033
302484.6640355463,4123767.242599436,-2.076132464509949,0.00000028
302484.63983046665,4123767.1988488464,-2.0761324639560694,0.00000024
302484.61562538694,4123767.155098256,-2.076132464642229,0.00000021
302484.5914203073,4123767.1113476665,-2.076132464676537,0.00000018
302484.5672152278,4123767.0675970763,-2.076132464516967,0.00000015
302484.54301014834,4123767.023846486,-2.0761324645089885,0.00000013
302484.5188050687,4123766.9800958964,-2.076132464669875,0.00000011
302484.494599989,4123766.936345306,-2.076132464677919,0.00000010
302484.47039490927,4123766.8925947165,-2.076132464517036,0.00000008
302484.4461898296,4123766.848844127,-2.076132463795138,0.00000007
302484.4219847502,4123766.8050935366,-2.0761324646341826,0.00000006
302484.3977796707,4123766.7613429464,-2.076132464514849,0.00000005
302484.373574591,4123766.7175923567,-2.0761324645088823,0.00000004
302484.3493695113,4123766.6738417665,-2.076132464508584,0.00000004
302484.32516443165,4123766.630091177,-2.0761324645085693,0.00000003
302484.300959352,4123766.5863405867,-2.0761324645085684,0.00000003
302484.2767542725,4123766.542589997,-2.0761324645085684,0.00000002
302484.2525491931,4123766.4988394068,-2.076132464669854,0.00000002
302484.2283441134,4123766.455088817,-2.0761324646779182,0.00000002
302484.2041390337,4123766.411338227,-2.076132464517036,0.00000001
302484.17993395403,4123766.367587637,-2.0761324645089916,0.00000001
302484.1557288744,4123766.323837047,-2.0761324645085897,0.00000001
302484.1315237949,4123766.2800864573,-2.076132464669855,0.00000002
302484.1073187154,4123766.236335867,-2.0761324646779182,0.00000001
302484.0831136357,4123766.1925852774,-2.076132464517036,0.00000000
302484.05890855606,4123766.148834687,-2.0761324645089916,0.00000001
302484.0347034764,4123766.1050840975,-2.0761324646698753,0.00000000
302484.01049839676,4123766.0613335073,-2.0761324646779196,0.00000000
302483.9862933172,4123766.0175829176,-2.0761324646783215,0.00000001
302483.96208823775,4123765.9738323274,-2.0761324646783414,0.00000001
302483.9378831581,4123765.9300817377,-2.0761324639644894,0.00000001
302483.91367807845,4123765.8863311475,-2.07613246464265,0.00000001
302483.88947299874,4123765.842580558,-2.0761324645152723,0.00000000
302483.8652679191,4123765.7988299676,-2.0761324646701893,0.00000001
302483.84106283955,4123765.755079378,-2.0761324645166495,0.00000001
302483.8168577601,4123765.7113287877,-2.0761324645089725,0.00000001
302483.7926526804,4123765.6675781976,-2.0761324645085883,0.00000001
302483.76844760077,4123765.623827608,-2.076132464669855,0.00000000
302483.7442425211,4123765.580077018,-2.0761324646779182,0.00000001
302483.7200374414,4123765.536326428,-2.076132464517036,0.00000001
302483.69583236193,4123765.492575838,-2.076132463956424,0.00000001
302483.67162728246,4123765.448825248,-2.076132464480961,0.00000000
302483.6474222028,4123765.405074658,-2.076132464668474,0.00000000
302483.6232171231,4123765.361324068,-2.0761324645165637,0.00000000
302483.59901204344,4123765.3175734784,-2.0761324639564003,0.00000001
302483.5748069638,4123765.2738228883,-2.0761324646422454,0.00000001
302483.55060188426,4123765.230072298,-2.0761324645152524,0.00000001
302483.52639680484,4123765.1863217084,-2.076132464670188,0.00000001
302483.5021917251,4123765.142571118,-2.076132464677935,0.00000000
302483.4779866455,4123765.0988205285,-2.0761324646783224,0.00000001
302483.45378156577,4123765.0550699383,-2.0761324645170562,0.00000001
302483.4295764861,4123765.0113193486,-2.076132464508993,0.00000001
302483.40537140664,4123764.9675687584,-2.0761324646698753,0.00000001
302483.38116632716,4123764.9238181687,-2.0761324646779196,0.00000000
302483.35696124745,4123764.8800675785,-2.076132464517036,0.00000000
302483.3327561678,4123764.836316989,-2.0761324645089916,0.00000001
302483.30855108815,4123764.7925663986,-2.0761324645085897,0.00000001
302483.2843460085,4123764.748815809,-2.076132464669855,0.00000001
302483.26014092896,4123764.7050652187,-2.0761324646779182,0.00000001
302483.2359358495,4123764.661314629,-2.0761324646783215,0.00000001
302483.21173076984,4123764.617564039,-2.076132464517056,0.00000001
302483.1875256902,4123764.573813449,-2.076132464508993,0.00000001
302483.16332061053,4123764.530062859,-2.0761324646698753,0.00000001
302483.1391155308,4123764.4863122692,-2.0761324646779196,0.00000001
302483.1149104513,4123764.442561679,-2.076132465000893,0.00000001
302483.0907053718,4123764.3988110893,-2.076132465017042,0.00000000
302483.0665002922,4123764.355060499,-2.0761324646952777,0.00000001
302483.04229521257,4123764.3113099094,-2.0761324646791897,0.00000000
302483.01809013286,4123764.2675593193,-2.076132464678385,0.00000000
302482.99388505315,4123764.2238087296,-2.0761324645170594,0.00000001
302482.9696799735,4123764.1800581394,-2.0761324640251346,0.00000001
302482.945474894,4123764.1363075497,-2.0761324632866858,0.00000001
302482.92126981454,4123764.0925569595,-2.076132464447474,0.00000001
302482.8970647349,4123764.04880637,-2.076132464666799,0.00000000
302482.8728596552,4123764.0050557796,-2.07613246451648,0.00000001
302482.84865457553,4123763.96130519,-2.076132464508964,0.00000001
302482.82444949605,4123763.9175545997,-2.0761324646698736,0.00000001
302482.8002444166,4123763.8738040095,-2.076132464677919,0.00000000
302482.7760393369,4123763.83005342,-2.0761324646783215,0.00000001
302482.7518342572,4123763.78630283,-2.0761324638032024,0.00000000
302482.72762917756,4123763.74255224,-2.0761324644733,0.00000001
302482.7034240979,4123763.69880165,-2.076132464506805,0.00000001
302482.6792190184,4123763.65505106,-2.0761324646697656,0.00000001
302482.6550139389,4123763.61130047,-2.076132464677914,0.00000001
302482.63080885925,4123763.56754988,-2.076132464517036,0.00000001
302482.6066037796,4123763.52379929,-2.0761324645089916,0.00000001
302482.58239869995,4123763.4800487002,-2.0761324645085897,0.00000001
302482.5581936203,4123763.4362981105,-2.0761324639560015,0.00000001
302482.5339885407,4123763.3925475203,-2.0761324646422255,0.00000001
302482.5097834612,4123763.34879693,-2.076132464515251,0.00000001
302482.48557838163,4123763.3050463405,-2.076132464670188,0.00000001
302482.461373302,4123763.2612957503,-2.076132464677935,0.00000001
302482.4371682223,4123763.2175451606,-2.0761324646783224,0.00000001
302482.4129631426,4123763.1737945704,-2.076132464678342,0.00000001
302482.388758063,4123763.1300439807,-2.076132464839629,0.00000001
302482.3645529836,4123763.0862933905,-2.076132465170265,0.00000001
302482.34034790396,4123763.042542801,-2.0761324647029387,0.00000001
302482.3161428243,4123762.9987922106,-2.076132464518287,0.00000001
302482.29193774465,4123762.955041621,-2.07613246467034,0.00000001
302482.26773266494,4123762.9112910307,-2.076132464516657,0.00000000
302482.2435275853,4123762.867540441,-2.0761324641864007,0.00000001
302482.21932250576,4123762.823789851,-2.076132464008602,0.00000000
302482.1951174263,4123762.780039261,-2.076132464322284,0.00000000
302482.1709123467,4123762.736288671,-2.0761324646605397,0.00000001
302482.146707267,4123762.692538081,-2.0761324646774524,0.00000001
302482.1225021873,4123762.648787491,-2.0761324646782984,0.00000001
302482.0982971078,4123762.6050369013,-2.0761324650009123,0.00000001
302482.0740920283,4123762.561286311,-2.076132465178329,0.00000001
302482.0498869487,4123762.5175357214,-2.0761324650259136,0.00000000
302482.025681869,4123762.4737851312,-2.0761324646957213,0.00000001
302482.0014767893,4123762.4300345415,-2.0761324645179258,0.00000000
302481.97727170965,4123762.3862839513,-2.076132464509036,0.00000001
302481.95306663,4123762.3425333616,-2.0761324641860197,0.00000001
302481.92886155046,4123762.2987827715,-2.076132464169869,0.00000001
302481.9046564709,4123762.2550321817,-2.076132463616494,0.00000000
302481.88045139133,4123762.2112815916,-2.0761324644639645,0.00000001
302481.8562463117,4123762.167531002,-2.0761324637924847,0.00000001
302481.83204123203,4123762.1237804117,-2.0761324646340498,0.00000001
302481.8078361525,4123762.080029822,-2.076132464676128,0.00000000
302481.78363107296,4123762.036279232,-2.076132464516946,0.00000001
302481.75942599337,4123761.9925286416,-2.076132464508987,0.00000000
302481.7352209137,4123761.948778052,-2.0761324645085892,0.00000001
302481.71101583407,4123761.9050274617,-2.0761324645085693,0.00000001
302481.68681075436,4123761.861276872,-2.0761324645085684,0.00000001
302481.6626056748,4123761.8175262823,-2.0761324649924258,0.00000001
302481.63840059534,4123761.773775692,-2.0761324651779045,0.00000001
302481.61419551575,4123761.730025102,-2.0761324648646067,0.00000001
302481.5899904361,4123761.686274512,-2.07613246452637,0.00000001
302481.56578535645,4123761.642523922,-2.076132464670744,0.00000000
302481.54158027674,4123761.5987733323,-2.0761324646779626,0.00000000
302481.517375197,4123761.5550227426,-2.076132463480613,0.00000000
302481.4931701175,4123761.5112721524,-2.0761324639733125,0.00000001
302481.468965038,4123761.4675215622,-2.0761324641592336,0.00000001
302481.4447599585,4123761.4237709725,-2.076132464652387,0.00000001
302481.4205548788,4123761.3800203823,-2.0761324646770447,0.00000000
302481.39634979906,4123761.3362697926,-2.0761324645169923,0.00000001
302481.3721447195,4123761.2925192025,-2.076132464831561,0.00000001
302481.34793964005,4123761.2487686127,-2.0761324651698616,0.00000000
302481.3237345605,4123761.2050180226,-2.0761324650254904,0.00000000
302481.2995294808,4123761.161267433,-2.0761324646957,0.00000001
302481.2753244011,4123761.1175168427,-2.076132464517925,0.00000001
302481.25111932145,4123761.073766253,-2.076132464509036,0.00000001
302481.2269142418,4123761.030015663,-2.076132464508592,0.00000000
302481.2027091622,4123760.986265073,-2.0761324645085697,0.00000001
302481.1785040827,4123760.942514483,-2.076132464669854,0.00000001
302481.15429900313,4123760.898763893,-2.0761324645166326,0.00000001
302481.1300939235,4123760.855013303,-2.0761324645089716,0.00000001
302481.1058888438,4123760.8112627133,-2.076132464669874,0.00000001
302481.0816837642,4123760.767512123,-2.076132464677919,0.00000001
302481.0574786846,4123760.7237615334,-2.0761324646783215,0.00000001
302481.03327360505,4123760.680010943,-2.076132464517056,0.00000001
302481.0090685255,4123760.6362603535,-2.076132463956425,0.00000001
302480.98486344586,4123760.5925097633,-2.0761324646422468,0.00000000
302480.96065836615,4123760.5487591736,-2.0761324645152524,0.00000000
302480.9364532865,4123760.5050085834,-2.076132464670188,0.00000000
302480.9122482069,4123760.4612579937,-2.076132464677935,0.00000000
302480.88804312743,4123760.4175074035,-2.0761324646783224,0.00000000
302480.86383804784,4123760.3737568134,-2.0761324645170562,0.00000000
302480.8396329682,4123760.3300062236,-2.076132464508993,0.00000000
302480.81542788853,4123760.286255634,-2.0761324646698753,0.00000000
302480.7912228088,4123760.2425050437,-2.0761324643553474,0.00000000
302480.76701772923,4123760.198754454,-2.076132463303196,0.00000000
302480.74281264975,4123760.155003864,-2.076132464125728,0.00000000
302480.7186075702,4123760.1112532737,-2.0761324644894263,0.00000000
302480.69440249057,4123760.067502684,-2.076132464668897,0.00000000
302480.67019741086,4123760.0237520942,-2.076132463964017,0.00000000
302480.64599233127,4123759.980001504,-2.0761324648039126,0.00000000
302480.6217872518,4123759.936250914,-2.076132465007193,0.00000000
302480.59758217225,4123759.892500324,-2.0761324648560713,0.00000000
302480.5733770926,4123759.848749734,-2.076132464687229,0.00000000
302480.5491720129,4123759.8049991443,-2.076132464678787,0.00000000
302480.5249669332,4123759.761248554,-2.0761324645170793,0.00000000
302480.50076185353,4123759.7174979644,-2.076132464508994,0.00000000
302480.476556774,4123759.673747374,-2.0761324646698753,0.00000000
302480.4523516945,4123759.6299967845,-2.0761324646779196,0.00000000
302480.4281466149,4123759.5862461943,-2.0761324646783215,0.00000000
302480.4039415352,4123759.5424956046,-2.076132464517056,0.00000000
302480.37973645556,4123759.4987450144,-2.076132464508993,0.00000000
302480.3555313759,4123759.4549944247,-2.0761324645085897,0.00000000
302480.3313262963,4123759.4112438345,-2.076132464669855,0.00000000
302480.30712121684,4123759.367493245,-2.0761324646779182,0.00000000
302480.28291613725,4123759.3237426546,-2.076132464517036,0.00000000
302480.2587110576,4123759.279992065,-2.0761324645089916,0.00000000
302480.23450597795,4123759.2362414747,-2.0761324645085897,0.00000000
302480.2103008983,4123759.192490885,-2.076132464669855,0.00000000
302480.18609581864,4123759.148740295,-2.0761324646779182,0.00000000
302480.16189073917,4123759.104989705,-2.076132464517036,0.00000000
302480.13768565963,4123759.061239115,-2.0761324645089916,0.00000000
302480.11348058,4123759.0174885252,-2.0761324646698753,0.00000000
302480.08927550033,4123758.973737935,-2.0761324646779196,0.00000000
302480.0650704206,4123758.9299873454,-2.0761324646783215,0.00000000
302480.04086534097,4123758.886236755,-2.076132464517056,0.00000000
302480.01666026155,4123758.8424861655,-2.076132463956425,0.00000000
302479.992455182,4123758.7987355753,-2.0761324646422468,0.00000000
302479.9682501023,4123758.7549849856,-2.0761324639626846,0.00000000
302479.94404502265,4123758.7112343954,-2.07613246464256,0.00000000
302479.91983994294,4123758.6674838057,-2.076132464515268,0.00000000
302479.89563486335,4123758.6237332155,-2.076132464508903,0.00000000
302479.8714297839,4123758.5799826253,-2.0761324645085852,0.00000000
302479.84722470434,4123758.5362320356,-2.076132464669855,0.00000000
302479.82301962463,4123758.4924814454,-2.0761324645166326,0.00000000
302479.798814545,4123758.4487308557,-2.0761324645089716,0.00000000
302479.7746094653,4123758.404980266,-2.076132463794735,0.00000000
302479.75040438573,4123758.361229676,-2.076132464634162,0.00000000
302479.72619930626,4123758.3174790856,-2.076132464676134,0.00000000
302479.70199422666,4123758.273728496,-2.0761324645169466,0.00000000
302479.677789147,4123758.2299779058,-2.0761324674569765,0.00000000
302479.65358406736,4123758.186227316,-2.076132463320858,0.00000000
302479.6293789877,4123758.142476726,-2.076132467397172,0.00000000
302479.60517390806,4123758.098726136,-2.0761324604147213,0.00000000
302479.5809688286,4123758.054975546,-2.076132465316434,0.00000000
302479.55676374905,4123758.0112249563,-2.076132465316434,0.00000000
