302488.85066955606,4123774.6377539183,-1.9335462698408123,0.00000000
302488.8246545414,4123774.5950547494,-2.1087720884216874,0.00000000
302488.79863954615,4123774.552355569,-2.117531297217376,0.00000000
302488.77262458985,4123774.5096563646,-2.117966646849737,0.00000000
302488.7466096921,4123774.466957125,-2.1179852290855243,0.00000000
302488.72059487546,4123774.4242578354,-2.1179823560927575,0.00000000
302488.6945801619,4123774.381558483,-2.117977727705757,0.00000000
302488.66856557527,4123774.338859054,-2.11797225733782,0.00000000
302488.64255114144,4123774.296159531,-2.1179659065279326,0.00000000
302488.6165368893,4123774.253459898,-2.117958574740915,0.00000000
302488.5905228502,4123774.2107601343,-2.117950147338827,0.00000000
302488.56450905907,4123774.1680602203,-2.1179404885960915,0.00000000
302488.53849555505,4123774.1253601313,-2.1179294517559124,0.00000000
302488.51248238113,4123774.082659841,-2.1179168589751636,0.00000000
302488.4864695863,4123774.03995932,-2.1179025122036292,0.00000000
302488.46045722574,4123773.997258534,-2.1178861855244624,0.00000000
302488.43444536085,4123773.9545574468,-2.117867619871286,0.00000000
302488.40843406064,4123773.9118560147,-2.117846520874767,0.00000000
302488.38242340303,4123773.869154192,-2.117822553288444,0.00000000
302488.35641347646,4123773.8264519237,-2.1177953401342373,0.00000000
302488.33040438115,4123773.783749149,-2.1177644511540836,0.00000000
302488.30439623026,4123773.741045799,-2.1177293969569826,0.00000000
302488.2783891522,4123773.6983417957,-2.1176896256787763,0.00000000
302488.2523832925,4123773.655637051,-2.117644516182772,0.00000000
302488.2263788144,4123773.6129314643,-2.1175933578464674,0.00000000
302488.20037590433,4123773.570224923,-2.1175353467231406,0.00000000
302488.1743747733,4123773.5275172987,-2.117469258142942,0.00000000
302488.1483756609,4123773.4848084454,-2.1173940395151307,0.00000000
302488.1223788375,4123773.4420981985,-2.117308690232458,0.00000000
302488.0963846088,4123773.3993863724,-2.1172118692322033,0.00000000
302488.0703933222,4123773.3566727564,-2.117102058308058,0.00000000
302488.0444053708,4123773.3139571105,-2.1169775376353197,0.00000000
302488.0184212857,4123773.271239113,-2.11683668626922,0.00000000
302487.992441574,4123773.2285184553,-2.1166773450840783,0.00000000
302487.9664667626,4123773.185794818,-2.1164968886789293,0.00000000
302487.94049750554,4123773.1430678046,-2.116292572226443,0.00000000
302487.91453454236,4123773.1003369666,-2.1160613226021323,0.00000000
302487.88857871067,4123773.057601796,-2.115799703582922,0.00000000
302487.86263095663,4123773.0148617206,-2.115503868523549,0.00000000
302487.83669234964,4123772.9721160936,-2.115169532094666,0.00000000
302487.8107640971,4123772.929364185,-2.114791937435088,0.00000000
302487.784847561,4123772.886605173,-2.1143658227584274,0.00000000
302487.7589442757,4123772.8438381325,-2.11388539437146,0.00000000
302487.7330559686,4123772.8010620237,-2.113344319953289,0.00000000
302487.7071845822,4123772.7582756793,-2.1127357364350274,0.00000000
302487.68133229675,4123772.7154777916,-2.1120522804862207,0.00000000
302487.6555015537,4123772.672666899,-2.111286159157728,0.00000000
302487.6296950807,4123772.6298413724,-2.1104292863998215,0.00000000
302487.6039159178,4123772.5869994015,-2.109473501739017,0.00000000
302487.57816743973,4123772.544138983,-2.10841089951253,0.00000000
302487.5524533759,4123772.5012579095,-2.107234321112847,0.00000000
302487.5267778269,4123772.4583537653,-2.1059380887264143,0.00000000
302487.5011452696,4123772.415423924,-2.1045190494483705,0.00000000
302487.4755605473,4123772.3724655593,-2.1029780464396883,0.00000000
302487.4500288397,4123772.3294756664,-2.1013219949339352,0.00000000
302487.42455560004,4123772.2864511055,-2.099566779599202,0.00000000
302487.39914644667,4123772.2433886677,-2.0977393827052553,0.00000000
302487.3738069866,4123772.2002851847,-2.0958739352888056,0.00000000
302487.3485425468,4123772.1571376887,-2.094008017736665,0.00000000
302487.32335777435,4123772.1139436443,-2.0921792059501567,0.00000000
302487.2982560553,4123772.0707012806,-2.090421485120862,0.02515762
302487.2732386816,4123772.0274100644,-2.088761119714351,0.02513423
302487.24830418674,4123771.9840710564,-2.0872134364994066,0.02506839
302487.223449267,4123771.940686361,-2.085785660855939,0.02496184
302487.19866946107,4123771.8972587166,-2.08447930754961,0.02481689
302487.1739596434,4123771.8537912094,-2.0832919772627956,0.02463621
302487.149314378,4123771.8102870686,-2.0822186741841637,0.02442260
302487.1247281699,4123771.7667495226,-2.0812527859169,0.02417890
302487.1001956393,4123771.7231817064,-2.080386802232556,0.02390788
302487.07571163366,4123771.6795866014,-2.079612809145139,0.02361218
302487.05127130036,4123771.6359669967,-2.0789228458330804,0.02329430
302487.0268701257,4123771.5923254737,-2.0783091520223507,0.02295654
302487.0025039535,4123771.548664398,-2.0777643223910873,0.02260104
302486.97816898796,4123771.504985921,-2.0772814036885427,0.02222975
302486.9538617818,4123771.4612919893,-2.0768539378221327,0.02184443
302486.92957922246,4123771.4175843555,-2.0764759960358607,0.02144669
302486.9053185126,4123771.3738645893,-2.076142177151592,0.02103796
302486.88107714435,4123771.330134096,-2.0758475781080916,0.02061953
302486.8568528775,4123771.286394127,-2.075587777844027,0.02019258
302486.8326437171,4123771.2426457955,-2.075358810954437,0.01975812
302486.8084478903,4123771.1988900877,-2.0751571291154733,0.01931710
302486.7842638223,4123771.1551278797,-2.0749795614179707,0.01887034
302486.7600901181,4123771.111359946,-2.0748232885784326,0.01841858
302486.7359255433,4123771.0675869714,-2.074685801711229,0.01796249
302486.71176900656,4123771.02380956,-2.0745648800900067,0.01750266
302486.68761954416,4123770.980028246,-2.074458553452358,0.01703964
302486.66347630613,4123770.936243499,-2.0743650843624204,0.01657390
302486.6393385429,4123770.892455734,-2.0742829314381663,0.01610590
302486.61520559335,4123770.8486653157,-2.0742107346207774,0.01563604
302486.59107687604,4123770.804872565,-2.074147299872343,0.01516470
302486.56695187854,4123770.7610777654,-2.074091571729782,0.01469222
302486.54283014993,4123770.717281165,-2.0740426192684542,0.01421894
302486.5187112929,4123770.673482983,-2.0739996183462965,0.01374520
302486.49459495983,4123770.629683411,-2.0739618522314167,0.01327131
302486.47048084403,4123770.585882619,-2.0739286894149913,0.01279756
302486.44636867504,4123770.5420807544,-2.073899566863574,0.01232426
302486.42225821584,4123770.498277949,-2.0738739923805034,0.01185172
302486.3981492582,4123770.4544743174,-2.073851535680779,0.01138027
302486.37404162006,4123770.4106699596,-2.0738318201263466,0.01091025
302486.3499351399,4123770.366864964,-2.0738145134959245,0.01044201
302486.3258296762,4123770.3230594094,-2.073799318380215,0.00997595
302486.3017251055,4123770.279253363,-2.073785979294837,0.00951248
302486.2776213189,4123770.2354468857,-2.0737742700487747,0.00905205
302486.2535182205,4123770.1916400297,-2.0737639899808884,0.00859516
302486.22941572627,4123770.147832841,-2.0737549641583737,0.00814237
302486.2053137618,4123770.104025361,-2.0737470385747243,0.00769426
302486.18121226266,4123770.060217625,-2.073740083041867,0.00725152
302486.15711117245,4123770.016409664,-2.073733981644949,0.00681486
302486.1330104409,4123769.9726015055,-2.07372862719378,0.00638511
302486.10891002486,4123769.9287931737,-2.0737239313781317,0.00596316
302486.08480988553,4123769.8849846893,-2.0737198137450066,0.00554999
302486.0607099891,4123769.8411760717,-2.0737162043760726,0.00514667
302486.03661030484,4123769.797367337,-2.07371303588317,0.00475439
302486.0125108065,4123769.7535585,-2.0737102562831304,0.00437438
302485.9884114722,4123769.7097495734,-2.073707820273872,0.00400800
302485.96431228117,4123769.6659405674,-2.073705681628017,0.00365665
302485.94021321647,4123769.6221314925,-2.0737038060877717,0.00332178
302485.9161142616,4123769.5783223566,-2.0737021599296606,0.00300483
302485.892015404,4123769.534513167,-2.0737007192438397,0.00270716
302485.8679166311,4123769.4907039315,-2.0736994574458163,0.00242995
302485.8438179323,4123769.446894655,-2.0736983494323886,0.00217405
302485.8197192994,4123769.403085342,-2.073697380188075,0.00193977
302485.7956207238,4123769.3592759976,-2.0736965297101966,0.00172673
302485.77152219857,4123769.3154666256,-2.0736957841426165,0.00153405
302485.7474237168,4123769.2716572294,-2.0736951283214933,0.00136058
302485.7233252731,4123769.2278478127,-2.0736945520241914,0.00120499
302485.6992268633,4123769.184038377,-2.073694048053263,0.00106587
302485.6751284834,4123769.1402289253,-2.0736936077149135,0.00094181
302485.65103012975,4123769.0964194587,-2.0736932245341486,0.00083144
302485.626931799,4123769.0526099796,-2.073692890564002,0.00073342
302485.60283348843,4123769.0088004894,-2.073692600335838,0.00064653
302485.578735195,4123768.96499099,-2.07369234395028,0.00056959
302485.5546369167,4123768.921181482,-2.073692119458832,0.00050156
302485.5305386516,4123768.877371967,-2.073691920432878,0.00044146
302485.50644039793,4123768.8335624454,-2.0736917453236527,0.00038842
302485.48234215425,4123768.7897529183,-2.0736915909204665,0.00034163
302485.4582439195,4123768.7459433866,-2.0736914536386535,0.00030040
302485.43414569297,4123768.70213385,-2.0736913343973784,0.00026408
302485.4100474733,4123768.65832431,-2.073691230755361,0.00023209
302485.38594926003,4123768.6145147663,-2.0736911414600154,0.00020395
302485.36185105203,4123768.5707052196,-2.07369106357378,0.00017918
302485.3377528488,4123768.5268956707,-2.07369099662677,0.00015740
302485.3136546497,4123768.483086119,-2.073690939045147,0.00013825
302485.2895564542,4123768.4392765653,-2.073690889328816,0.00012141
302485.2654582616,4123768.3954670103,-2.0736908444310265,0.00010661
302485.2413600717,4123768.351657454,-2.0736908045224474,0.00009361
302485.217261884,4123768.307847896,-2.073690771033013,0.00008219
302485.19316369813,4123768.2640383374,-2.0736907411592895,0.00007215
302485.16906551423,4123768.2202287777,-2.073690714373411,0.00006333
302485.1449673318,4123768.176419217,-2.0736906914243725,0.00005559
302485.12086915085,4123768.1326096556,-2.073690672123433,0.00004879
302485.0967709712,4123768.088800093,-2.0736906563643385,0.00004282
302485.0726727923,4123768.0449905307,-2.0736906405561464,0.00003758
302485.0485746143,4123768.001180968,-2.073690625714519,0.00003297
302485.0244764372,4123767.957371404,-2.073690613634647,0.00002893
302485.00037826074,4123767.91356184,-2.073690602112686,0.00002538
302484.9762800848,4123767.8697522758,-2.0736905936550545,0.00002227
302484.95218190947,4123767.8259427114,-2.0736905854474554,0.00001953
302484.9280837347,4123767.7821331467,-2.073690579255085,0.00001713
302484.90398556046,4123767.7383235814,-2.073690573970992,0.00001503
302484.8798873867,4123767.694514016,-2.073690570250531,0.00001318
302484.85578921315,4123767.6507044504,-2.0736905667697543,0.00001156
302484.83169103955,4123767.606894885,-2.073690561944248,0.00001013
302484.80759286624,4123767.5630853195,-2.0736905582467164,0.00000889
302484.78349469305,4123767.5192757538,-2.073690554767086,0.00000779
302484.7593965201,4123767.4754661876,-2.0736905520090514,0.00000683
302484.7352983473,4123767.431656622,-2.0736905483502057,0.00000598
302484.7112001747,4123767.3878470557,-2.073690546875237,0.00000524
302484.68710200227,4123767.3440374895,-2.0736905459939714,0.00000460
302484.66300382995,4123767.3002279233,-2.0736905454653987,0.00000403
302484.6389056577,4123767.256418357,-2.0736905442437594,0.00000353
302484.61480748566,4123767.212608791,-2.073690544344181,0.00000309
302484.59070931363,4123767.1687992243,-2.073690545059902,0.00000271
302484.5666111415,4123767.124989658,-2.0736905440619813,0.00000237
302484.54251296935,4123767.081180092,-2.0736905436890787,0.00000208
302484.5184147972,4123767.0373705258,-2.0736905419907132,0.00000182
302484.4943166251,4123766.993560959,-2.073690540936775,0.00000159
302484.47021845303,4123766.949751393,-2.073690540561072,0.00000139
302484.446120281,4123766.9059418268,-2.0736905396700824,0.00000122
302484.422022109,4123766.86213226,-2.073690540013227,0.00000107
302484.39792393695,4123766.818322694,-2.0736905391581804,0.00000093
302484.37382576516,4123766.7745131273,-2.0736905403106385,0.00000082
302484.3497275934,4123766.7307035606,-2.073690541563472,0.00000071
302484.32562942145,4123766.6868939945,-2.073690540915413,0.00000062
302484.3015312495,4123766.643084428,-2.0736905403985,0.00000055
302484.2774330776,4123766.5992748616,-2.0736905400496477,0.00000048
302484.2533349056,4123766.555465295,-2.073690539870702,0.00000042
302484.22923673363,4123766.511655729,-2.073690539700251,0.00000036
302484.2051385617,4123766.4678461626,-2.0736905391425315,0.00000032
302484.18104038975,4123766.424036596,-2.0736905398253462,0.00000028
302484.15694221796,4123766.3802270293,-2.0736905401824934,0.00000024
302484.13284404617,4123766.336417463,-2.0736905406848605,0.00000021
302484.10874587425,4123766.2926078965,-2.0736905408714823,0.00000018
302484.08464770234,4123766.2487983303,-2.0736905410423168,0.00000016
302484.0605495304,4123766.2049887637,-2.073690540566349,0.00000014
302484.0364513584,4123766.1611791975,-2.0736905391858365,0.00000012
302484.0123531865,4123766.117369631,-2.073690539827511,0.00000011
302483.9882550145,4123766.0735600647,-2.073690539148895,0.00000009
302483.96415684256,4123766.029750498,-2.073690539825664,0.00000008
302483.9400586706,4123765.985940932,-2.073690538987299,0.00000007
302483.9159604988,4123765.942131365,-2.0736905401405914,0.00000006
302483.89186232706,4123765.8983217985,-2.0736905406827657,0.00000005
302483.86776415515,4123765.8545122324,-2.073690541032881,0.00000004
302483.8436659832,4123765.8107026657,-2.073690541761087,0.00000004
302483.8195678112,4123765.7668930995,-2.0736905404407837,0.00000003
302483.7954696393,4123765.723083533,-2.073690540051762,0.00000003
302483.77137146733,4123765.6792739667,-2.0736905398708076,0.00000002
302483.7472732954,4123765.6354644,-2.0736905398617598,0.00000002
302483.7231751234,4123765.591654834,-2.073690539699804,0.00000002
302483.6990769514,4123765.5478452677,-2.0736905389810056,0.00000001
302483.6749787797,4123765.504035701,-2.07369054030178,0.00000001
302483.6508806079,4123765.4602261344,-2.0736905408523283,0.00000001
302483.626782436,4123765.416416568,-2.0736905408798556,0.00000000
302483.6026842641,4123765.3726070016,-2.0736905410427355,0.00000001
302483.5785860921,4123765.3287974354,-2.07369054056637,0.00000000
302483.55448792013,4123765.2849878687,-2.073690539896538,0.00000000
302483.53038974816,4123765.2411783026,-2.0736905389908427,0.00000000
302483.5062915762,4123765.197368736,-2.0736905396562584,0.00000001
302483.4821934043,4123765.1535591697,-2.073690539140332,0.00000000
302483.4580952323,4123765.109749603,-2.073690539825236,0.00000001
302483.4339970605,4123765.065940037,-2.073690540182488,0.00000000
302483.4098988888,4123765.0221304703,-2.0736905408463637,0.00000000
302483.3858007169,4123764.9783209036,-2.0736905417517613,0.00000001
302483.3617025449,4123764.9345113374,-2.073690540924827,0.00000000
302483.33760437294,4123764.890701771,-2.073690540398971,0.00000000
302483.31350620097,4123764.8468922046,-2.073690539888168,0.00000000
302483.28940802906,4123764.8030826384,-2.0736905391519276,0.00000000
302483.2653098571,4123764.759273072,-2.073690539825816,0.00000000
302483.2412116851,4123764.7154635056,-2.07369053914881,0.00000000
302483.2171135132,4123764.671653939,-2.07369053982566,0.00000000
302483.1930153414,4123764.6278443723,-2.0736905403440127,0.00000001
302483.1689171696,4123764.584034806,-2.07369054085444,0.00000000
302483.1448189977,4123764.5402252395,-2.0736905408799613,0.00000000
302483.12072082574,4123764.4964156733,-2.073690540881237,0.00000000
302483.0966226538,4123764.4526061066,-2.073690540558295,0.00000001
302483.07252448186,4123764.4087965405,-2.0736905393469374,0.00000000
302483.0484263099,4123764.364986974,-2.0736905398355665,0.00000000
302483.0243281379,4123764.3211774076,-2.073690538987794,0.00000000
302483.000229966,4123764.277367841,-2.0736905398176093,0.00000000
302482.97613179404,4123764.233558275,-2.0736905391483997,0.00000000
302482.9520336222,4123764.189748708,-2.0736905399871426,0.00000000
302482.92793545045,4123764.1459391415,-2.0736905413857936,0.00000000
302482.90383727854,4123764.1021295753,-2.073690540906529,0.00000000
302482.87973910663,4123764.0583200087,-2.0736905405595594,0.00000000
302482.85564093466,4123764.0145104425,-2.073690540057701,0.00000000
302482.8315427627,4123763.970700876,-2.0736905398711047,0.00000000
302482.8074445908,4123763.9268913097,-2.073690539861775,0.00000000
302482.7833464188,4123763.8830817435,-2.0736905391506077,0.00000000
302482.75924824685,4123763.839272177,-2.07369053982575,0.00000000
302482.73515007505,4123763.79546261,-2.073690540182514,0.00000001
302482.71105190326,4123763.751653044,-2.073690540684862,0.00000001
302482.68695373135,4123763.7078434774,-2.073690540709979,0.00000000
302482.66285555944,4123763.664033911,-2.073690541034242,0.00000000
302482.63875738747,4123763.6202243445,-2.073690540565945,0.00000000
302482.6146592155,4123763.5764147784,-2.0736905391858165,0.00000000
302482.5905610436,4123763.5326052117,-2.0736905398275103,0.00000000
302482.5664628716,4123763.4887956455,-2.0736905391488945,0.00000000
302482.5423646997,4123763.444986079,-2.073690539825664,0.00000000
302482.5182665277,4123763.4011765127,-2.073690538987299,0.00000000
302482.4941683559,4123763.357366946,-2.0736905401405914,0.00000000
302482.47007018415,4123763.3135573794,-2.0736905406827657,0.00000000
302482.44597201224,4123763.269747813,-2.0736905408713775,0.00000000
302482.42187384027,4123763.2259382466,-2.073690541591509,0.00000000
302482.39777566836,4123763.1821286804,-2.0736905407553117,0.00000000
302482.3736774964,4123763.1383191138,-2.0736905400674885,0.00000000
302482.3495793244,4123763.0945095476,-2.073690539871594,0.00000000
302482.3254811525,4123763.050699981,-2.0736905398617993,0.00000000
302482.30138298054,4123763.0068904147,-2.0736905398613095,0.00000000
302482.2772848086,4123762.9630808486,-2.0736905391505847,0.00000000
302482.2531866367,4123762.919271282,-2.0736905401487555,0.00000000
302482.229088465,4123762.8754617153,-2.073690540683174,0.00000000
302482.2049902931,4123762.831652149,-2.073690540871398,0.00000000
302482.18089212116,4123762.7878425824,-2.0736905410423128,0.00000000
302482.1567939492,4123762.7440330163,-2.0736905405663486,0.00000000
302482.1326957772,4123762.7002234496,-2.073690539896537,0.00000000
302482.10859760526,4123762.6564138834,-2.0736905389908427,0.00000000
302482.08449943335,4123762.612604317,-2.0736905398177616,0.00000000
302482.0604012614,4123762.5687947506,-2.0736905391484073,0.00000000
302482.0363030894,4123762.524985184,-2.07369053982564,0.00000000
302482.0122049176,4123762.481175618,-2.073690540182508,0.00000001
302481.9881067459,4123762.437366051,-2.0736905408463646,0.00000000
302481.96400857397,4123762.3935564845,-2.0736905417517613,0.00000000
302481.939910402,4123762.3497469183,-2.073690540924827,0.00000000
302481.91581223,4123762.3059373517,-2.073690540560474,0.00000000
302481.89171405806,4123762.2621277855,-2.0736905398962433,0.00000000
302481.86761588615,4123762.2183182193,-2.073690538990828,0.00000000
302481.8435177142,4123762.1745086526,-2.0736905398177607,0.00000000
302481.8194195422,4123762.1306990865,-2.0736905389869036,0.00000000
302481.7953213703,4123762.08688952,-2.073690539817565,0.00000000
302481.77122319845,4123762.043079953,-2.0736905401821044,0.00000000
302481.7471250267,4123761.999270387,-2.0736905406848414,0.00000001
302481.72302685486,4123761.9554608203,-2.0736905410329847,0.00000000
302481.69892868283,4123761.911651254,-2.0736905408888884,0.00000000
302481.6748305109,4123761.8678416875,-2.0736905407201807,0.00000000
302481.65073233895,4123761.8240321213,-2.073690539355032,0.00000000
302481.626634167,4123761.7802225547,-2.073690539835971,0.00000000
302481.6025359951,4123761.7364129885,-2.0736905391493177,0.00000000
302481.5784378231,4123761.692603422,-2.0736905398256855,0.00000000
302481.55433965113,4123761.6487938557,-2.0736905391488034,0.00000000
302481.5302414793,4123761.604984289,-2.073690539987163,0.00000000
302481.50614330755,4123761.5611747224,-2.073690541385795,0.00000000
302481.48204513564,4123761.517365156,-2.0736905407450257,0.00000000
302481.4579469637,4123761.4735555896,-2.0736905407129873,0.00000000
302481.43384879176,4123761.4297460234,-2.073690540065372,0.00000000
302481.4097506198,4123761.3859364567,-2.0736905397099847,0.00000000
302481.3856524479,4123761.3421268906,-2.0736905398537187,0.00000000
302481.3615542759,4123761.2983173244,-2.073690539150205,0.00000000
302481.337456104,4123761.2545077577,-2.07369053982573,0.00000000
302481.3133579321,4123761.210698191,-2.0736905400210093,0.00000000
302481.28925976035,4123761.166888625,-2.0736905406767865,0.00000001
302481.2651615885,4123761.1230790582,-2.0736905408710786,0.00000000
302481.2410634165,4123761.079269492,-2.073690540880793,0.00000000
302481.21696524456,4123761.0354599254,-2.073690540558273,0.00000000
302481.19286707265,4123760.9916503592,-2.0736905395084397,0.00000000
302481.1687689007,4123760.9478407926,-2.0736905398436414,0.00000000
302481.1446707287,4123760.9040312264,-2.0736905391497014,0.00000000
302481.1205725568,4123760.8602216598,-2.0736905398257046,0.00000000
302481.09647438483,4123760.8164120936,-2.0736905391488043,0.00000000
302481.072376213,4123760.772602527,-2.073690539987163,0.00000000
302481.0482780412,4123760.7287929603,-2.0736905405135913,0.00000000
302481.02417986933,4123760.684983394,-2.073690540862919,0.00000000
302481.00008169736,4123760.6411738275,-2.0736905415910862,0.00000000
302480.97598352545,4123760.5973642613,-2.0736905407552904,0.00000000
302480.9518853535,4123760.5535546946,-2.073690540067487,0.00000000
302480.9277871816,4123760.5097451285,-2.0736905398715937,0.00000000
302480.9036890096,4123760.465935562,-2.0736905398617993,0.00000000
302480.87959083763,4123760.4221259956,-2.0736905398613095,0.00000000
302480.85549266567,4123760.3783164294,-2.0736905391505847,0.00000000
302480.8313944938,4123760.334506863,-2.0736905401487555,0.00000000
302480.8072963221,4123760.290697296,-2.073690540683174,0.00000000
302480.7831981502,4123760.24688773,-2.0736905410329016,0.00000000
302480.75909997826,4123760.2030781633,-2.0736905410503876,0.00000000
302480.7350018063,4123760.159268597,-2.0736905405667523,0.00000000
302480.7109036343,4123760.1154590305,-2.0736905400580605,0.00000000
302480.68680546235,4123760.0716494643,-2.073690538998919,0.00000000
302480.66270729044,4123760.0278398977,-2.073690539656662,0.00000000
302480.63860911847,4123759.9840303315,-2.0736905389788487,0.00000000
302480.6145109465,4123759.940220765,-2.0736905396556584,0.00000000
302480.5904127747,4123759.8964111987,-2.0736905394633087,0.00000001
302480.5663146029,4123759.852601632,-2.0736905406489017,0.00000000
302480.54221643106,4123759.8087920654,-2.073690541580385,0.00000000
302480.51811825915,4123759.764982499,-2.073690541077762,0.00000000
302480.4940200872,4123759.7211729325,-2.073690540729624,0.00000000
302480.4699219152,4123759.6773633664,-2.073690540066204,0.00000000
302480.44582374324,4123759.6335537997,-2.073690539710026,0.00000000
302480.4217255713,4123759.5897442335,-2.073690539692217,0.00000000
302480.39762739936,4123759.5459346673,-2.07369053914213,0.00000000
302480.3735292274,4123759.5021251007,-2.073690539825326,0.00000000
302480.34943105554,4123759.458315534,-2.0736905401824925,0.00000000
302480.3253328838,4123759.414505968,-2.0736905406848605,0.00000000
302480.30123471195,4123759.370696401,-2.0736905410329856,0.00000000
302480.27713654,4123759.326886835,-2.0736905408888884,0.00000000
302480.253038368,4123759.2830772684,-2.0736905407201807,0.00000000
302480.22894019604,4123759.239267702,-2.0736905400657317,0.00000000
302480.2048420241,4123759.1954581356,-2.0736905397100025,0.00000000
302480.18074385216,4123759.1516485694,-2.073690539143019,0.00000000
302480.1566456802,4123759.1078390027,-2.0736905398253707,0.00000000
302480.1325475083,4123759.0640294366,-2.073690539148788,0.00000000
302480.1084493364,4123759.02021987,-2.073690539987162,0.00000001
302480.08435116464,4123758.9764103037,-2.0736905399643937,0.00000000
302480.0602529928,4123758.932600737,-2.073690540835459,0.00000000
302480.0361548208,4123758.8887911704,-2.073690540717509,0.00000000
302480.01205664885,4123758.8449816043,-2.073690540065598,0.00000000
302479.98795847694,4123758.8011720376,-2.0736905398714995,0.00000000
302479.96386030497,4123758.7573624714,-2.0736905398617944,0.00000000
302479.939762133,4123758.713552905,-2.0736905398613095,0.00000000
302479.9156639611,4123758.6697433386,-2.073690539861285,0.00000000
302479.8915657892,4123758.625933772,-2.073690540022787,0.00000001
302479.86746761744,4123758.582124206,-2.0736905405153725,0.00000000
302479.8433694456,4123758.538314639,-2.0736905408630077,0.00000000
302479.8192712736,4123758.494505073,-2.07369054088039,0.00000000
302479.79517310165,4123758.4506955063,-2.0736905407197557,0.00000000
302479.77107492974,4123758.40688594,-2.0736905395165137,0.00000000
302479.7469767578,4123758.3630763735,-2.073690539844045,0.00000000
302479.72287858586,4123758.3192668073,-2.0736905391497213,0.00000000
302479.6987804139,4123758.2754572406,-2.0736905398257055,0.00000000
302479.6746822419,4123758.2316476745,-2.0736905391488043,0.00000000
302479.65058407,4123758.187838108,-2.0736905398256598,0.00000001
302479.6264858983,4123758.144028541,-2.073690540505516,0.00000001
302479.6023877264,4123758.100218975,-2.0736905408625153,0.00000000
302479.5782895545,4123758.0564094083,-2.0736905417525686,0.00000000
302479.55419138254,4123758.012599842,-2.0736905407633643,0.00000000
302479.5300932106,4123757.9687902755,-2.073690540067891,0.00000000
302479.50599503866,4123757.9249807093,-2.073690539871614,0.00000000
302479.4818968667,4123757.8811711427,-2.0736905398618,0.00000000
302479.4577986947,4123757.8373615765,-2.073690539699806,0.00000000
302479.43370052276,4123757.7935520103,-2.073690538981006,0.00000000
302479.4096023509,4123757.7497424437,-2.0736905399787733,0.00000000
302479.38550417917,4123757.705932877,-2.073690540674675,0.00000000
302479.3614060073,4123757.662123311,-2.0736905410324766,0.00000000
302479.33730783535,4123757.618313744,-2.073690540888863,0.00000000
302479.31320966344,4123757.574504178,-2.0736905408816826,0.00000000
302479.28911149147,4123757.5306946114,-2.0736905402353103,0.00000000
302479.2650133195,4123757.486885045,-2.073690539169285,0.00000000
302479.24091514753,4123757.4430754785,-2.07369053966518,0.00000000
302479.21681697556,4123757.3992659124,-2.0736905389792746,0.00000000
302479.19271880365,4123757.3554563457,-2.0736905398171834,0.00000000
302479.16862063174,4123757.3116467795,-2.0736905393098817,0.00000000
302479.14452246,4123757.267837213,-2.07369054064123,0.00000000
302479.12042428815,4123757.2240276462,-2.0736905415800018,0.00000000
302479.09632611624,4123757.18021808,-2.0736905410777426,0.00000000
302479.07222794427,4123757.1364085134,-2.0736905407296233,0.00000000
302479.0481297723,4123757.092598947,-2.073690540066204,0.00000000
302479.02403160033,4123757.0487893806,-2.073690539710026,0.00000000
302478.99993342836,4123757.0049798144,-2.073690539692217,0.00000000
302478.97583525645,4123756.961170248,-2.07369053914213,0.00000000
302478.9517370845,4123756.9173606816,-2.073690539825326,0.00000000
302478.92763891263,4123756.873551115,-2.073690540020989,0.00000001
302478.9035407409,4123756.8297415487,-2.0736905406767856,0.00000000
302478.87944256904,4123756.785931982,-2.073690541032582,0.00000000
302478.8553443971,4123756.742122416,-2.0736905408888684,0.00000000
302478.8312462251,4123756.6983128493,-2.0736905407201793,0.00000000
302478.80714805314,4123756.654503283,-2.0736905402272354,0.00000000
302478.7830498812,4123756.6106937164,-2.073690539879581,0.00000000
302478.75895170926,4123756.5668841503,-2.073690539151498,0.00000000
302478.7348535373,4123756.5230745836,-2.0736905398257943,0.00000000
302478.7107553654,4123756.4792650174,-2.0736905391488087,0.00000000
302478.68665719347,4123756.435455451,-2.073690539987163,0.00000000
302478.6625590217,4123756.3916458846,-2.073690539641387,0.00000001
302478.6384608499,4123756.347836318,-2.0736905408193085,0.00000000
302478.6143626779,4123756.3040267513,-2.0736905407167017,0.00000000
302478.59026450594,4123756.260217185,-2.0736905400655576,0.00000000
302478.566166334,4123756.2164076185,-2.0736905398714973,0.00000000
302478.54206816206,4123756.1725980523,-2.0736905398617944,0.00000000
302478.51796999015,4123756.1287884857,-2.0736905398613095,0.00000000
302478.4938718182,4123756.0849789195,-2.073690539861285,0.00000000
302478.46977364627,4123756.041169353,-2.073690540022787,0.00000000
302478.44567547453,4123755.9973597866,-2.0736905405153725,0.00000000
302478.4215773027,4123755.95355022,-2.0736905408630077,0.00000000
302478.3974791307,4123755.909740654,-2.07369054088039,0.00000000
302478.3733809588,4123755.865931087,-2.073690540881259,0.00000000
302478.34928278683,4123755.822121521,-2.0736905402352894,0.00000000
302478.32518461486,4123755.7783119543,-2.0736905397184806,0.00000000
302478.30108644295,4123755.734502388,-2.0736905391434433,0.00000000
302478.276988271,4123755.6906928215,-2.0736905398253915,0.00000000
302478.252890099,4123755.6468832553,-2.073690538987285,0.00000000
302478.2287919271,4123755.6030736887,-2.0736905398175836,0.00000001
302478.20469375537,4123755.5592641225,-2.0736905405051123,0.00000000
302478.1805955836,4123755.515454556,-2.0736905410239985,0.00000000
302478.1564974116,4123755.471644989,-2.073690541760643,0.00000000
302478.13239923964,4123755.427835423,-2.073690540763768,0.00000000
302478.1083010677,4123755.3840258564,-2.073690540390918,0.00000000
302478.08420289576,4123755.34021629,-2.0736905398877656,0.00000000
302478.0601047238,4123755.296406724,-2.0736905391519076,0.00000000
302478.0360065518,4123755.2525971574,-2.0736905396643115,0.00000000
302478.01190837985,4123755.208787591,-2.073690538979231,0.00000000
302477.987810208,4123755.1649780245,-2.0736905399786845,0.00000000
302477.9637120362,4123755.121168458,-2.073690540513167,0.00000001
302477.9396138644,4123755.0773588917,-2.0736905410244013,0.00000000
302477.91551569244,4123755.033549325,-2.0736905408884594,0.00000000
302477.8914175205,4123754.989739759,-2.073690540881662,0.00000000
302477.86731934856,4123754.9459301922,-2.0736905402353094,0.00000000
302477.8432211766,4123754.902120626,-2.073690539007781,0.00000000
302477.8191230046,4123754.8583110594,-2.0736905396571053,0.00000000
302477.79502483265,4123754.8145014932,-2.073690538978871,0.00000000
302477.77092666074,4123754.7706919266,-2.073690539817163,0.00000000
302477.74682848883,4123754.7268823604,-2.073690539309881,0.00000000
302477.7227303171,4123754.6830727938,-2.0736905404797272,0.00000000
302477.6986321453,4123754.639263227,-2.0736905410227293,0.00000000
302477.67453397333,4123754.595453661,-2.073690541049879,0.00000000
302477.65043580136,4123754.5516440943,-2.07369054072823,0.00000000
302477.6263376294,4123754.507834528,-2.0736905402276378,0.00000000
302477.6022394574,4123754.4640249615,-2.073690539718098,0.00000000
302477.5781412855,4123754.4202153953,-2.0736905398541245,0.00000000
302477.55404311355,4123754.3764058286,-2.0736905398609258,0.00000000
302477.5299449416,4123754.3325962625,-2.073690539861266,0.00000000
302477.5058467697,4123754.288786696,-2.073690540022786,0.00000001
302477.48174859793,4123754.2449771296,-2.0736905405153725,0.00000001
302477.45765042613,4123754.201167563,-2.0736905408630077,0.00000000
302477.43355225417,4123754.157357997,-2.07369054088039,0.00000000
302477.4094540822,4123754.11354843,-2.0736905407197557,0.00000000
302477.3853559102,4123754.069738864,-2.073690540227214,0.00000000
302477.3612577383,4123754.0259292973,-2.07369053987958,0.00000000
302477.33715956635,4123753.982119731,-2.073690539151498,0.00000000
302477.31306139444,4123753.9383101645,-2.0736905398257943,0.00000000
302477.28896322247,4123753.8945005983,-2.0736905391488087,0.00000000
302477.26486505056,4123753.8506910317,-2.073690539987163,0.00000000
302477.24076687876,4123753.8068814655,-2.073690539641387,0.00000001
302477.21666870697,4123753.763071899,-2.0736905408193085,0.00000000
302477.192570535,4123753.719262332,-2.0736905407167017,0.00000000
302477.1684723631,4123753.675452766,-2.0736905403885646,0.00000000
302477.1443741911,4123753.6316431994,-2.073690539887648,0.00000000
302477.12027601915,4123753.587833633,-2.0736905397010985,0.00000000
302477.09617784724,4123753.5440240665,-2.0736905398532746,0.00000000
302477.0720796753,4123753.5002145004,-2.073690539860883,0.00000000
302477.04798150336,4123753.4564049337,-2.0736905398612637,0.00000000
302477.02388333157,4123753.4125953675,-2.0736905403457926,0.00000001
302476.9997851598,4123753.368785801,-2.0736905408545288,0.00000000
302476.97568698786,4123753.3249762347,-2.073690541041469,0.00000000
302476.9515888159,4123753.281166668,-2.073690540889313,0.00000000
302476.9274906439,4123753.237357102,-2.0736905402356918,0.00000000
302476.903392472,4123753.193547535,-2.0736905398800043,0.00000000
302476.87929430004,4123753.149737969,-2.0736905391515195,0.00000000
302476.8551961281,4123753.1059284024,-2.0736905398257957,0.00000000
302476.8310979561,4123753.062118836,-2.0736905389873055,0.00000000
302476.8069997842,4123753.0183092696,-2.073690539817585,0.00000000
302476.78290161246,4123752.9744997034,-2.0736905397944114,0.00000000
302476.75880344067,4123752.9306901367,-2.0736905409884634,0.00000000
302476.7347052687,4123752.88688057,-2.0736905417588662,0.00000000
302476.7106070967,4123752.843071004,-2.073690540763679,0.00000000
302476.6865089248,4123752.7992614373,-2.0736905403909134,0.00000000
302476.66241075285,4123752.755451871,-2.073690539887765,0.00000000
302476.6383125809,4123752.7116423044,-2.0736905397011043,0.00000000
302476.6142144089,4123752.6678327383,-2.0736905396917713,0.00000000
302476.59011623694,4123752.624023172,-2.073690538980604,0.00000001
302476.5660180651,4123752.5802136054,-2.073690539978753,0.00000000
302476.5419198933,4123752.536404039,-2.0736905405131707,0.00000000
302476.5178217215,4123752.4925944726,-2.0736905408628976,0.00000001
302476.4937235496,4123752.448784906,-2.0736905410418878,0.00000000
302476.4696253776,4123752.40497534,-2.073690540889334,0.00000000
302476.44552720565,4123752.361165773,-2.073690540235693,0.00000001
302476.4214290337,4123752.317356207,-2.0736905390078,0.00000001
302476.3973308617,4123752.2735466403,-2.073690539657106,0.00000001
302476.3732326898,4123752.229737074,-2.0736905391403746,0.00000002
302476.34913451783,4123752.1859275075,-2.0736905398252383,0.00000001
302476.3250363459,4123752.1421179413,-2.0736905393102845,0.00000002
302476.3009381742,4123752.0983083746,-2.073690540479747,0.00000002
302476.2768400024,4123752.054498808,-2.07369054102273,0.00000002
302476.2527418304,4123752.010689242,-2.073690540888376,0.00000003
302476.22864365845,4123751.966879675,-2.073690540720155,0.00000003
302476.2045454865,4123751.923070109,-2.073690540227234,0.00000004
302476.1804473145,4123751.8792605423,-2.073690539718078,0.00000005
302476.1563491426,4123751.835450976,-2.07369053969262,0.00000006
302476.13225097064,4123751.7916414095,-2.0736905398528505,0.00000007
302476.1081527987,4123751.7478318433,-2.073690539860862,0.00000008
302476.0840546268,4123751.7040222767,-2.073690540022766,0.00000009
302476.059956455,4123751.6602127105,-2.073690540515371,0.00000011
302476.0358582832,4123751.616403144,-2.0736905408630077,0.00000012
302476.0117601113,4123751.5725935777,-2.073690541041893,0.00000014
302475.9876619393,4123751.528784011,-2.0736905407278305,0.00000017
302475.9635637674,4123751.484974445,-2.073690540389121,0.00000019
302475.9394655954,4123751.441164878,-2.0736905398876755,0.00000022
302475.91536742344,4123751.397355312,-2.0736905389903995,0.00000026
302475.89126925153,4123751.3535457454,-2.0736905398177394,0.00000030
302475.86717107956,4123751.309736179,-2.073690539148406,0.00000034
302475.84307290765,4123751.2659266125,-2.07369053982564,0.00000040
302475.81897473586,4123751.2221170464,-2.073690539633311,0.00000046
302475.79487656406,4123751.1783074797,-2.073690540818905,0.00000053
302475.77077839215,4123751.134497913,-2.0736905408781845,0.00000061
302475.7466802202,4123751.090688347,-2.0736905403966386,0.00000070
302475.7225820482,4123751.0468787802,-2.0736905398880516,0.00000080
302475.6984838763,4123751.003069214,-2.073690539862622,0.00000092
302475.67438570433,4123750.9592596474,-2.0736905398613508,0.00000106
302475.65028753236,4123750.915450081,-2.0736905398612873,0.00000122
302475.62618936045,4123750.8716405146,-2.0736905398612837,0.00000140
302475.60209118866,4123750.8278309484,-2.073690540345794,0.00000160
302475.57799301686,4123750.7840213818,-2.0736905406930255,0.00000184
302475.55389484495,4123750.7402118156,-2.0736905405488844,0.00000211
302475.529796673,4123750.696402249,-2.0736905402186703,0.00000241
302475.505698501,4123750.6525926827,-2.0736905386839424,0.00000276
302475.4816003291,4123750.608783116,-2.073690537638186,0.00000317
302475.45750215714,4123750.56497355,-2.0736905350986614,0.00000362
302475.4334039852,4123750.5211639833,-2.073690533356652,0.00000415
302475.4093058134,4123750.477354417,-2.0736905297486077,0.00000474
302475.3852076415,4123750.4335448504,-2.0736905273071593,0.00000542
302475.36110946984,4123750.389735284,-2.0736905240518366,0.00000620
302475.3370112983,4123750.345925717,-2.07369052075582,0.00000709
302475.31291312695,4123750.3021161505,-2.0736905176192724,0.00000810
302475.2888149556,4123750.258306584,-2.073690512810978,0.00000926
302475.2647167845,4123750.2144970167,-2.0736905081452863,0.00001058
302475.2406186135,4123750.17068745,-2.073690502453018,0.00001208
302475.2165204427,4123750.126877883,-2.073690496224911,0.00001379
302475.192422272,4123750.083068316,-2.0736904890009917,0.00001574
302475.1683241015,4123750.0392587488,-2.0736904798860585,0.00001797
302475.1442259313,4123749.995449181,-2.0736904689000375,0.00002051
302475.12012776156,4123749.9516396136,-2.0736904547840287,0.00002341
302475.096029592,4123749.907830046,-2.073690436409251,0.00002671
302475.0719314228,4123749.864020478,-2.0736904140422703,0.00003047
302475.0478332541,4123749.82021091,-2.0736903883424294,0.00003475
302475.02373508597,4123749.7764013414,-2.073690359181193,0.00003963
302474.99963691883,4123749.7325917725,-2.0736903280056618,0.00004520
302474.9755387527,4123749.6887822025,-2.07369029398386,0.00005153
302474.95144058793,4123749.644972632,-2.0736902534885573,0.00005875
302474.9273424247,4123749.601163061,-2.0736902064677656,0.00006698
302474.9032442628,4123749.557353489,-2.073690149333256,0.00007635
302474.8791461024,4123749.5135439164,-2.073690083585336,0.00008702
302474.8550479434,4123749.469734343,-2.0736900071994784,0.00009917
302474.8309497864,4123749.425924768,-2.07368991758722,0.00011300
302474.8068516323,4123749.382115192,-2.073689816783367,0.00012875
302474.7827534817,4123749.338305614,-2.073689703629764,0.00014668
302474.75865533494,4123749.294496034,-2.073689573869416,0.00016709
302474.73455719184,4123749.2506864513,-2.073689425674439,0.00019032
302474.71045905305,4123749.2068768665,-2.0736892538174616,0.00021675
302474.6863609198,4123749.163067279,-2.0736890586184433,0.00024681
302474.66226279247,4123749.119257688,-2.0736888338268824,0.00028101
302474.6381646716,4123749.0754480935,-2.073688573962144,0.00031990
302474.61406655906,4123749.031638494,-2.073688276036771,0.00036410
302474.58996845526,4123748.9878288903,-2.073687933957897,0.00041434
302474.56587036216,4123748.944019281,-2.073687544287629,0.00047141
302474.5417722805,4123748.900209665,-2.073687096646804,0.00053622
302474.5176742125,4123748.856400041,-2.0736865856066724,0.00060977
302474.4935761605,4123748.8125904086,-2.073686000882173,0.00069320
302474.46947812685,4123748.768780766,-2.0736853346267066,0.00078779
302474.44538011355,4123748.7249711123,-2.073684574011766,0.00089493
302474.4212821235,4123748.681161446,-2.0736837040863842,0.00101619
302474.3971841603,4123748.637351765,-2.0736827095672865,0.00115331
302474.3730862277,4123748.593542067,-2.0736815708908067,0.00130819
302474.34898833034,4123748.5497323493,-2.0736802696359615,0.00148289
302474.324890473,4123748.50592261,-2.0736787831426136,0.00167966
302474.30079266086,4123748.4621128454,-2.073677080689633,0.00190093
302474.27669490094,4123748.4183030524,-2.0736751326385447,0.00214924
302474.25259720086,4123748.3744932264,-2.073672910503361,0.00242728
302474.2284995695,4123748.3306833627,-2.073670376649655,0.00273780
302474.20440201665,4123748.286873456,-2.0736674858147146,0.00308356
302474.1803045525,4123748.2430635,-2.0736641867985734,0.00346725
302474.1562071909,4123748.199253488,-2.073660424744986,0.00389131
302474.1321099464,4123748.1554434113,-2.0736561341168342,0.00435785
302474.10801283433,4123748.111633262,-2.073651239249474,0.00486838
302474.0839158733,4123748.0678230296,-2.0736456585129015,0.00542354
302474.0598190851,4123748.024012702,-2.0736392956046266,0.00602276
302474.0357224938,4123747.980202266,-2.0736320402448927,0.00666432
302474.01162612764,4123747.9363917066,-2.0736237714093098,0.00734576
302473.98753001826,4123747.8925810056,-2.073614347993764,0.00806426
302473.96343420114,4123747.848770144,-2.0736036084123954,0.00881686
302473.93933871656,4123747.8049590993,-2.073591369285231,0.00960058
302473.91524361185,4123747.761147846,-2.0735774217550165,0.01041358
302473.8911489401,4123747.7173363543,-2.073561529073988,0.01125291
302473.8670547615,4123747.6735245916,-2.073543410881959,0.01211472
302473.84296114533,4123747.6297125197,-2.0735227706188946,0.01299664
302473.81886816944,4123747.5859000953,-2.073499254548722,0.01389648
302473.79477592296,4123747.54208727,-2.073472462049459,0.01481224
302473.77068450826,4123747.4982739873,-2.0734419406044773,0.01574209
302473.7465940413,4123747.4544601836,-2.073407173696502,0.01668437
302473.7225046563,4123747.410645785,-2.073367582109157,0.01763755
302473.698416501,4123747.3668307103,-2.073322489816333,0.01860026
302473.674329747,4123747.323014865,-2.0732711374581685,0.01957127
302473.6502445894,4123747.2791981427,-2.073212661761621,0.02054946
302473.62616125005,4123747.2353804205,-2.073146078616382,0.02153386
302473.602079982,4123747.19156156,-2.0730702734783533,0.02252396
302473.5780010725,4123747.1477414034,-2.0729839779199746,0.02351866
302473.5539248485,4123747.1039197715,-2.072885746494866,0.02451710
302473.5298516826,4123747.0600964595,-2.072773945563518,0.02551865
302473.5057819982,4123747.016271235,-2.0726467156259676,0.02652272
302473.48171627824,4123746.9724438335,-2.072501954052256,0.02752873
302473.45765507047,4123746.9286139547,-2.072337269587035,0.02853615
302473.43359899835,4123746.884781257,-2.0721499586169903,0.02954445
302473.4095487716,4123746.8409453514,-2.071936966865431,0.03055311
302473.38550519606,4123746.797105798,-2.071694835900237,0.03156159
302473.3614691875,4123746.7532620947,-2.0714196664443323,0.03256934
302473.3374417866,4123746.709413674,-2.0711070581640967,0.03357580
302473.3134241751,4123746.6655598907,-2.0707520631328293,0.03458033
302473.28941769357,4123746.621700013,-2.0703491233854456,0.03558238
302473.26542386255,4123746.5778332143,-2.069892007437843,0.03658132
302473.2414444054,4123746.533958556,-2.0693737545101776,0.03757615
302473.21748127433,4123746.490074979,-2.0687866066854954,0.03856596
302473.19353667885,4123746.4461812857,-2.0681219572445158,0.03954969
302473.16961311677,4123746.402276125,-2.067370299112112,0.04052615
302473.14571340795,4123746.3583579753,-2.066521173921031,0.04149394
302473.1218407321,4123746.3144251257,-2.065563165945363,0.04245144
302473.0979986687,4123746.270475656,-2.0644839061884825,0.04339680
302473.07419124007,4123746.226507415,-2.063270119063058,0.04432792
302473.0504229555,4123746.182518002,-2.0619077299407635,0.04524245
302473.0266988566,4123746.1385047445,-2.060382039630944,0.04613776
302473.00302456605,4123746.0944646765,-2.0586780117763044,0.04701102
302472.9794063287,4123746.050394524,-2.0567806707191942,0.04785930
302472.9558510521,4123746.006290689,-2.05467567632926,0.04867884
302472.93236633955,4123745.9621492424,-2.0523501032857774,0.04946583
302472.9089605077,4123745.9179659225,-2.049793471026814,0.05021617
302472.8856425884,4123745.8737361482,-2.046999095029319,0.05092540
302472.8624223031,4123745.8294550455,-2.043965816200639,0.05158878
302472.8393100003,4123745.7851174944,-2.0407001810683587,0.05220128
302472.816316544,4123745.7407182036,-2.0372191656955856,0.05275764
302472.7934531386,4123745.696251815,-2.033553556472587,0.05325247
302472.7707310696,4123745.651713053,-2.029752147531501,0.05368034
302472.7481613375,4123745.6070969184,-2.025880306540105,0.05403603
302472.72575415764,4123745.562398941,-2.0220112419969105,0.05431497
302472.70351829595,4123745.517615505,-2.018218526198708,0.05451257
302472.68146019895,4123745.4727442544,-2.0145695384603703,0.05462568
302472.65958287055,4123745.427784592,-2.0111191925540512,0.05465278
302472.6378844322,4123745.38273831,-2.007888355917588,0.05459472
302472.61635818274,4123745.3376094718,-2.004895110201394,0.05445465
302472.5949945315,4123745.292403411,-2.0021601092671624,0.05423711
302472.5737823266,4123745.2471260666,-1.9996777806132036,0.05394735
302472.55270975013,4123745.201783547,-1.9974363207195338,0.05359093
302472.5317649094,4123745.156381863,-1.995420848630613,0.05317341
302472.51094052295,4123745.1109247967,-1.9936299823761379,0.05269809
302472.4902247446,4123745.065418138,-1.992044801293478,0.05217047
302472.4696020325,4123745.0198692363,-1.990630521965903,0.05159774
302472.449062866,4123744.9742826037,-1.9893704675313395,0.05098428
302472.42859850393,4123744.9286623416,-1.9882495631920394,0.05033404
302472.40820096125,4123744.8830121625,-1.9872534598341454,0.04965065
302472.3878629774,4123744.8373354147,-1.9863683791260607,0.04893735
302472.3675779801,4123744.791635108,-1.9855760236829318,0.04819710
302472.3473400489,4123744.7459139368,-1.9848684426976768,0.04743253
302472.32714388357,4123744.7001742986,-1.9842364619526536,0.04664603
302472.30698478187,4123744.6544183115,-1.9836695484411129,0.04583972
302472.2868586266,4123744.6086478215,-1.9831581791523816,0.04501549
302472.2667618843,4123744.562864408,-1.9826940406565068,0.04417480
302472.2466930364,4123744.5170687605,-1.9822750612320745,0.04331859
302472.226648167,4123744.471262613,-1.981890480266832,0.04244874
302472.2066244908,4123744.425447197,-1.98153235416206,0.04156662
302472.1866202012,4123744.3796233134,-1.981195665595284,0.04067313
302472.16663377016,4123744.333791638,-1.98087595080891,0.03976901
302472.1466639215,4123744.2879527346,-1.9805691453088095,0.03885490
302472.12670960784,4123744.2421070663,-1.980271540788305,0.03793132
302472.1067699909,4123744.1962550045,-1.9799785311253124,0.03699870
302472.08684442367,4123744.1503968346,-1.979685228601891,0.03605738
302472.0669324347,4123744.104532768,-1.9793916276131052,0.03510761
302472.0470337126,4123744.058662943,-1.9790955794560319,0.03414960
302472.0271480923,4123744.012787437,-1.9787953441917208,0.03318319
302472.00727554015,4123743.966906268,-1.9784898442556829,0.03220874
302471.98741649755,4123743.92101925,-1.9781800704524668,0.03122629
302471.9675716672,4123743.875126084,-1.9778686952830995,0.03023576
302471.94774050754,4123743.829227009,-1.9775547938673383,0.02923785
302471.9279233304,4123743.783321895,-1.9772405360392986,0.02823297
302471.90812044364,4123743.737410615,-1.976928350675143,0.02722176
302471.8883321016,4123743.6914930646,-1.9766204661567466,0.02620497
302471.8685584431,4123743.645569189,-1.9763181854610312,0.02518358
302471.84879941086,4123743.5996390185,-1.9760183726975147,0.02415876
302471.8290547698,4123743.5537026594,-1.9757249753322332,0.02313189
302471.80932418944,4123743.5077602593,-1.9754372949620849,0.02210451
302471.78960730426,4123743.4618119798,-1.9751539916680818,0.02107829
302471.7699037571,4123743.4158579786,-1.974873443804213,0.02005505
302471.75021334086,4123743.3698983495,-1.9745942859587784,0.01903664
302471.7305369272,4123743.323932724,-1.974318674216136,0.01802456
302471.71087308903,4123743.2779617175,-1.97404088547237,0.01702163
302471.6912217551,4123743.231985364,-1.973759415028896,0.01603014
302471.6715829387,4123743.186003663,-1.973473320404314,0.01505246
302471.65195673326,4123743.1400165777,-1.9731816285307178,0.01409112
302471.63234330475,4123743.094024042,-1.9728802752346692,0.01314877
302471.6127428785,4123743.0480259634,-1.9725756693834053,0.01222813
302471.59315572085,4123743.0020222333,-1.9722713058236365,0.01133205
302471.5735821143,4123742.956012735,-1.9719714553196477,0.01046339
302471.55402232456,4123742.9099973617,-1.971680959836008,0.00962501
302471.53447671473,4123742.863975963,-1.9714054181599923,0.00881958
302471.5149466184,4123742.817947979,-1.9711540463916268,0.00804909
302471.49543033965,4123742.7719141343,-1.9709259616266102,0.00731662
302471.4759272222,4123742.7258747127,-1.9707234173376615,0.00662416
302471.4564363577,4123742.6798301022,-1.9705479822594778,0.00597296
302471.4369566651,4123742.633780764,-1.9704003818218192,0.00536318
302471.4174869495,4123742.5877272068,-1.970281477000844,0.00479393
302471.39802594454,4123742.5416699676,-1.9701923635496106,0.00426367
302471.37857234315,4123742.495609601,-1.9701330146065479,0.00377035
302471.35912481847,4123742.449546668,-1.9701032130580054,0.00331191
302471.33968203724,4123742.403481733,-1.9701026220381332,0.00288634
302471.3202427286,4123742.357415332,-1.9701309885978526,0.00249271
302471.30080545635,4123742.3113480723,-1.970187316075389,0.00212909
302471.28136864665,4123742.265280617,-1.9702698371932585,0.00179273
302471.26193101524,4123742.2192135085,-1.9703773603758128,0.00148219
302471.2424912974,4123742.1731472802,-1.9705082431508494,0.00119621
302471.2230482546,4123742.1270824554,-1.9706603779888834,0.00093364
302471.20360068465,4123742.0810195417,-1.9708340261868587,0.00069338
302471.1841474378,4123742.0349590257,-1.9710233283572052,0.00047436
302471.1646874404,4123741.988901361,-1.971225341712907,0.00027546
302471.1452197297,4123741.9428469557,-1.9714376856743332,0.00009538
302471.12574350263,4123741.8967961515,-1.9716586725925425,0.00006726
302471.1062581105,4123741.8507492244,-1.9718873533990773,0.00021374
302471.08676224586,4123741.8047067304,-1.9721207647186825,0.00034534
302471.06725646765,4123741.7586684353,-1.9723625048782758,0.00046367
302471.0477404742,4123741.71263447,-1.9726137913543336,0.00057048
302471.0282139531,4123741.666604969,-1.9728759325289753,0.00066725
302471.0086765578,4123741.6205800828,-1.9731503430167787,0.00075521
302470.98912789224,4123741.574559983,-1.9734384337219208,0.00083554
302470.96956749714,4123741.528544867,-1.973745904474512,0.00090933
302470.9499948428,4123741.482534964,-1.9740706050359473,0.00097757
302470.9304093266,4123741.4365305346,-1.9744119010801708,0.00104117
302470.9108102747,4123741.3905318705,-1.9747690241003246,0.00110097
302470.8911969496,4123741.3445392903,-1.9751398561987277,0.00115769
302470.8715685665,4123741.298553134,-1.9755203065716185,0.00121194
302470.85192303325,4123741.2525743013,-1.9759002252873366,0.00126420
302470.83226052934,4123741.2066027243,-1.976275978305274,0.00131514
302470.8125806068,4123741.1606386015,-1.9766414280915328,0.00136459
302470.79288280715,4123741.114682137,-1.976989862990346,0.00141253
302470.7731669988,4123741.068733396,-1.9773154327588398,0.00145934
302470.7534335552,4123741.022792226,-1.9776139719257497,0.00150544
302470.7336832718,4123740.9768582927,-1.9778828404335078,0.00155148
302470.71391723485,4123740.9309311365,-1.9781205202413603,0.00159833
302470.6941367235,4123740.8850102117,-1.9783266282887761,0.00164704
302470.6743431366,4123740.8390949215,-1.978500857025029,0.00169887
302470.65453794,4123740.7931846376,-1.9786425111038772,0.00175525
302470.63472262817,4123740.7472787187,-1.9787520104279057,0.00181778
302470.6148986992,4123740.70137652,-1.9788299546686345,0.00188926
302470.5950676383,4123740.6554774023,-1.9788770250318188,0.00197128
302470.5752308116,4123740.609580776,-1.978893643141014,0.00206521
302470.55538969877,4123740.5636860025,-1.9788807909613157,0.00217288
302470.535545961,4123740.5177923637,-1.978840350362891,0.00229691
302470.5157009593,4123740.4718992715,-1.9787735639140134,0.00243952
302470.4958560231,4123740.4260061514,-1.9786820282712374,0.00260296
302470.4760124473,4123740.380112442,-1.9785677250532179,0.00278956
302470.4561714857,4123740.3342176033,-1.978432783670006,0.00300169
302470.4363343393,4123740.2883211155,-1.978279273694108,0.00324185
302470.41650213784,4123740.2424224904,-1.97810899908739,0.00351266
302470.39667591,4123740.196521285,-1.9779232843104269,0.00381679
302470.37685654056,4123740.1506171175,-1.9777227484048623,0.00415702
302470.3570447745,4123740.104709668,-1.9775059703910165,0.00453900
302470.3372412774,4123740.058798651,-1.9772714413559223,0.00496202
302470.31744668196,4123740.0128837954,-1.9770193543661536,0.00542855
302470.2976616263,4123739.9669648283,-1.976748208325173,0.00594008
302470.2778867817,4123739.9210414626,-1.9764562516361728,0.00649700
302470.25812287425,4123739.875113389,-1.976141685894499,0.00709880
302470.2383710708,4123739.8291801084,-1.975804096065192,0.00774456
302470.21863245557,4123739.7832411593,-1.975442844207059,0.00843288
302470.19890758477,4123739.737296307,-1.9750556438874676,0.00916186
302470.1791975363,4123739.6913450942,-1.974642370859279,0.00992971
302470.1595034701,4123739.6453870297,-1.9742040929193732,0.01073464
302470.13982661057,4123739.5994215957,-1.9737434394358833,0.01157491
302470.12016822194,4123739.5534482594,-1.9732651650368902,0.01244894
302470.10052957025,4123739.507466489,-1.9727768789560953,0.01335532
302470.080911869,4123739.461475776,-1.972289625477461,0.01429265
302470.0613162027,4123739.4154756707,-1.9718165973839337,0.01525966
302470.0417434226,4123739.369465823,-1.9713698476135397,0.01625512
302470.02219400846,4123739.323446042,-1.970966387511167,0.01727777
302470.0026678841,4123739.277416374,-1.970620902472432,0.01832623
302469.9831641753,4123739.231377203,-1.9703443512368986,0.01939885
302469.96368099714,4123739.1853293395,-1.970144389502119,0.02049365
302469.9442157582,4123739.13927389,-1.9700263432289873,0.02160837
302469.9247659947,4123739.0932119023,-1.9699960732731345,0.02274091
302469.9053274101,4123739.047145196,-1.9700533141039056,0.02388856
302469.88589589915,4123739.0010755057,-1.9701982380359677,0.02504835
302469.866467607,4123738.9550044574,-1.9704318937328535,0.02621772
302469.8470385754,4123738.9089337215,-1.9707548603151643,0.02739418
302469.82760476955,4123738.862864999,-1.9711670825062864,0.02857526
302469.8081620955,4123738.8168000192,-1.971667629026813,0.02975854
302469.7887064181,4123738.77074053,-1.9722629431631447,0.03094168
302469.7692335801,4123738.724688294,-1.9729471051917433,0.03212237
302469.74973942916,4123738.678645076,-1.9737078412507305,0.03329840
302469.7302198606,4123738.6326126284,-1.974535642389683,0.03446760
302469.71067087445,4123738.5865926654,-1.9754207948661933,0.03562796
302469.69108865905,4123738.540586831,-1.9763541380739373,0.03677755
302469.6714672105,4123738.494597716,-1.977319386139141,0.03791376
302469.651804204,4123738.4486263543,-1.9783133333890817,0.03903522
302469.6320989857,4123738.402673073,-1.9793402589919007,0.04014156
302469.612350053,4123738.3567385636,-1.9804032066173594,0.04123199
302469.59255610604,4123738.3108234354,-1.9815073611018457,0.04230578
302469.57271586807,4123738.264928292,-1.9826597384047562,0.04336210
302469.55282794556,4123738.2190537923,-1.9838843119273433,0.04439997
302469.53289071925,4123738.1732006995,-1.9851875033039175,0.04541826
302469.5129022582,4123738.127369918,-1.9865723479706663,0.04641563
302469.4928602532,4123738.0815625247,-1.9880500189531123,0.04739057
302469.4727619623,4123738.035779797,-1.9896322098575627,0.04834131
302469.4526041707,4123737.9900232316,-1.9913303653743886,0.04926589
302469.4323786822,4123737.944296548,-1.9931396134518726,0.05015992
302469.4120824002,4123737.8986012465,-1.995073093397716,0.05102150
302469.39171264553,4123737.852938657,-1.9971480118227678,0.05184895
302469.3712639704,4123737.807311363,-1.9993742188067263,0.05263924
302469.3507304723,4123737.761722186,-2.0017617201914697,0.05338904
302469.33010586875,4123737.716174161,-2.0043211091111055,0.05409496
302469.3093836148,4123737.670670485,-2.0070642364379734,0.05475344
302469.28855683724,4123737.6252145595,-2.0100439892736697,0.05536079
302469.2676181846,4123737.5798100606,-2.01322692226164,0.05591307
302469.2465597405,4123737.5344609944,-2.016608280124135,0.05640609
302469.22537300375,4123737.489171716,-2.0201723130843603,0.05683537
302469.2040489494,4123737.4439469147,-2.0238836249197396,0.05719617
302469.1825779661,4123737.398791662,-2.027690175334243,0.05748350
302469.16093848937,4123737.3537169127,-2.0314874207000617,0.05768651
302469.1391336962,4123737.308721931,-2.0352484903901296,0.05780643
302469.11715678993,4123737.2638107906,-2.038911455776581,0.05783964
302469.09500392596,4123737.218986204,-2.0424209444293275,0.05778392
302469.072676128,4123737.17424851,-2.045738522653477,0.05763944
302469.0501782148,4123737.1295961253,-2.04884060282131,0.05740824
302469.02751765255,4123737.0850260598,-2.0517151154677475,0.05709354
302469.0047036525,4123737.04053433,-2.0543587164399946,0.05669949
302468.98174646875,4123736.996116302,-2.0567744995424793,0.05623089
302468.95865686005,4123736.9517669566,-2.0589701663845625,0.05569270
302468.9354456865,4123736.9074811027,-2.0609565559349217,0.05508992
302468.91212361393,4123736.863253541,-2.0627464982895396,0.05442748
302468.8887009067,4123736.819079184,-2.0643539251269853,0.05371010
302468.86518728966,4123736.7749531437,-2.065793210398469,0.05294227
302468.8415918631,4123736.7308707885,-2.067078677840935,0.05212818
302468.8179230584,4123736.686827784,-2.068224254690502,0.05127175
302468.7941886238,4123736.642820108,-2.069243231542101,0.05037660
302468.770395631,4123736.598844062,-2.070148113411563,0.04944615
302468.74655049917,4123736.554896263,-2.07095053727439,0.04848360
302468.72265902685,4123736.510973637,-2.071661227388198,0.04749207
302468.6987264323,4123736.467073403,-2.0722899990485097,0.04647462
302468.6747573942,4123736.423193055,-2.072845777455654,0.04543422
302468.6507560972,4123736.3793303426,-2.0733366455787157,0.04437356
302468.626726274,4123736.335483251,-2.0737698810694893,0.04329558
302468.6026712464,4123736.2916499814,-2.074152020500825,0.04220292
302468.57859396713,4123736.24782893,-2.0744889118088468,0.04109802
302468.5544970558,4123736.204018671,-2.0747857769895806,0.03998316
302468.53038283315,4123736.160217938,-2.0750472696137074,0.03886048
302468.50625335245,4123736.1164256083,-2.0752775245792026,0.03773204
302468.48211043,4123736.0726406877,-2.0754802102797854,0.03659974
302468.4579556693,4123736.028862297,-2.0756585787412387,0.03546542
302468.4337904868,4123735.985089658,-2.075815514512461,0.03433081
302468.4096161321,4123735.941322083,-2.0759535675697864,0.03319755
302468.38543370634,4123735.8975589676,-2.0760749842226445,0.03206717
302468.36124417995,4123735.8537997766,-2.0761817495274144,0.03094110
302468.33704840875,4123735.810044038,-2.076275623874279,0.02982123
302468.3128471456,4123735.766291337,-2.0763581550233967,0.02870854
302468.28864105284,4123735.7225413076,-2.0764307029889375,0.02760352
302468.26443071396,4123735.678793628,-2.0764944686519735,0.02650685
302468.2402166431,4123735.6350480136,-2.0765505139211147,0.02541912
302468.2159992922,4123735.591304215,-2.076599768915025,0.02434088
302468.19177905755,4123735.547562013,-2.0766430574785595,0.02327270
302468.1675562883,4123735.5038212147,-2.0766811148605844,0.02221514
302468.14333129185,4123735.4600816495,-2.076714551187171,0.02116886
302468.1191043384,4123735.4163431684,-2.076743921601987,0.02013456
302468.09487566503,4123735.37260564,-2.0767697173579265,0.01911303
302468.0706454814,4123735.3288689484,-2.0767923754162023,0.01810519
302468.0464139689,4123735.285132993,-2.0768122694572786,0.01711312
302468.02218128444,4123735.241397687,-2.0768297161114067,0.01613768
302467.99794757745,4123735.1976629472,-2.0768450402376457,0.01517961
302467.97371297283,4123735.153928705,-2.0768585012199066,0.01424031
302467.94947757956,4123735.1101948996,-2.0768703283515464,0.01332129
302467.9252414935,4123735.0664614784,-2.0768807172142942,0.01242416
302467.90100479894,4123735.0227283947,-2.0768898400949642,0.01155057
302467.87676757027,4123734.978995607,-2.0768978541322323,0.01070226
302467.8525298714,4123734.935263079,-2.0769048902288825,0.00988108
302467.82829176035,4123734.89153078,-2.076911069495197,0.00908904
302467.8040532863,4123734.8477986823,-2.0769164918885568,0.00832828
302467.7798144942,4123734.804066761,-2.076921251885877,0.00760107
302467.75557542325,4123734.760334994,-2.076925430695195,0.00690985
302467.7313361069,4123734.716603363,-2.0769290971835908,0.00625999
302467.70709657547,4123734.6728718514,-2.07693231658038,0.00565080
302467.6828568549,4123734.6291404446,-2.0769351392135853,0.00508406
302467.65861696855,4123734.5854091295,-2.076937614988606,0.00456079
302467.63437693665,4123734.5416778955,-2.0769397842503277,0.00408085
302467.6101367771,4123734.4979467317,-2.076941689080327,0.00364313
302467.58589650586,4123734.45421563,-2.076943362521237,0.00324585
302467.56165613583,4123734.410484583,-2.076944828156897,0.00288680
302467.5374156801,4123734.366753584,-2.0769461159181004,0.00256349
302467.51317514904,4123734.3230226263,-2.076947245616359,0.00227329
302467.48893455206,4123734.279291705,-2.076948238400614,0.00201353
302467.4646938965,4123734.2355608167,-2.0769491060173237,0.00178158
302467.44045318937,4123734.1918299566,-2.0769498642356785,0.00157489
302467.41621243756,4123734.148099121,-2.076950529579703,0.00139106
302467.39197164634,4123734.1043683076,-2.07695111252727,0.00122782
302467.36773082096,4123734.060637513,-2.0769516236464285,0.00108307
302467.3434899654,4123734.0169067355,-2.076952071484028,0.00095486
302467.3192490839,4123733.9731759722,-2.0769524631471925,0.00084142
302467.2950081794,4123733.9294452216,-2.0769528073321535,0.00074116
302467.27076725446,4123733.8857144825,-2.0769531066606386,0.00065260
302467.2465263115,4123733.8419837533,-2.0769533690298223,0.00057444
302467.2222853529,4123733.7982530324,-2.076953597343904,0.00050549
302467.19804438076,4123733.7545223194,-2.0769537958484694,0.00044471
302467.17380339716,4123733.7107916125,-2.076953971645764,0.00039115
302467.14956240304,4123733.6670609117,-2.076954122301309,0.00034398
302467.1253214,4123733.6233302155,-2.0769542546534114,0.00030244
302467.1010803889,4123733.5795995244,-2.076954368441308,0.00026587
302467.0768393709,4123733.5358688366,-2.076954470037203,0.00023369
302467.05259834696,4123733.492138152,-2.076954561785408,0.00020538
302467.0283573177,4123733.4484074707,-2.076954640922397,0.00018048
302467.0041162842,4123733.4046767913,-2.076954710583223,0.00015858
302466.97987524694,4123733.3609461146,-2.076954770300873,0.00013932
302466.9556342059,4123733.3172154394,-2.0769548226803765,0.00012239
302466.93139316153,4123733.2734847665,-2.076954866352092,0.00010751
302466.9071521138,4123733.2297540954,-2.0769549026773655,0.00009443
302466.8829110638,4123733.1860234253,-2.076954935018579,0.00008293
302466.85867001227,4123733.142292756,-2.076954965709677,0.00007282
302466.83442895935,4123733.098562088,-2.076954994474868,0.00006395
302466.81018790486,4123733.0548314205,-2.0769550196181727,0.00005615
302466.78594684904,4123733.0111007537,-2.0769550428771106,0.00004929
302466.7617057918,4123732.9673700877,-2.076955060511626,0.00004327
302466.73746473336,4123732.9236394223,-2.0769550752855204,0.00003798
302466.7132236739,4123732.8799087577,-2.0769550868744306,0.00003334
302466.6889826135,4123732.8361780937,-2.0769550960471173,0.00002926
302466.66474155226,4123732.7924474296,-2.0769551034868687,0.00002567
302466.64050049055,4123732.7487167665,-2.076955108926507,0.00002253
302466.6162594287,4123732.704986103,-2.0769551146586287,0.00001976
302466.5920183665,4123732.6612554397,-2.076955119206823,0.00001734
302466.5677773039,4123732.6175247766,-2.076955123765886,0.00001521
302466.54353624117,4123732.573794114,-2.076955127288153,0.00001334
302466.5192951782,4123732.5300634513,-2.0769551298824522,0.00001170
302466.4950541149,4123732.4863327886,-2.0769551326616313,0.00001026
302466.47081305156,4123732.442602126,-2.0769551363261813,0.00000900
302466.4465719881,4123732.3988714633,-2.07695513899766,0.00000789
302466.4223309245,4123732.355140801,-2.076955140582146,0.00000691
302466.3980898608,4123732.311410139,-2.0769551421122823,0.00000606
302466.37384879694,4123732.267679476,-2.0769551437097657,0.00000531
302466.34960773296,4123732.223948814,-2.0769551451494044,0.00000465
302466.32536666887,4123732.1802181522,-2.0769551451513215,0.00000407
302466.3011256048,4123732.13648749,-2.076955146672394,0.00000357
302466.2768845406,4123732.092756828,-2.076955147232085,0.00000312
302466.2526434764,4123732.0490261656,-2.0769551472600694,0.00000273
302466.22840241226,4123732.0052955034,-2.076955147422681,0.00000239
302466.20416134805,4123731.9615648417,-2.076955147269599,0.00000209
302466.1799202837,4123731.9178341795,-2.07695514693952,0.00000183
302466.15567921934,4123731.8741035177,-2.0769551457244644,0.00000160
302466.131438155,4123731.8303728555,-2.0769551462174136,0.00000140
302466.1071970908,4123731.7866421933,-2.076955146886911,0.00000122
302466.0829560266,4123731.742911531,-2.076955148118938,0.00000107
302466.05871496245,4123731.6991808694,-2.0769551474656245,0.00000093
302466.03447389824,4123731.655450207,-2.0769551474329586,0.00000081
302466.010232834,4123731.611719545,-2.0769551474313253,0.00000071
302465.98599176976,4123731.5679888832,-2.0769551472700316,0.00000062
302465.9617507053,4123731.524258221,-2.076955146617117,0.00000054
302465.93750964093,4123731.4805275593,-2.076955145385919,0.00000047
302465.9132685768,4123731.436796897,-2.0769551456467843,0.00000041
302465.8890275126,4123731.393066235,-2.0769551468583796,0.00000036
302465.86478644836,4123731.3493355727,-2.0769551472413843,0.00000031
302465.84054538416,4123731.305604911,-2.0769551472605343,0.00000027
302465.81630431995,4123731.2618742487,-2.0769551472614918,0.00000023
302465.79206325574,4123731.2181435865,-2.0769551472615397,0.00000020
302465.76782219147,4123731.1744129243,-2.07695514710033,0.00000018
302465.7435811271,4123731.1306822626,-2.076955146608632,0.00000015
302465.71934006276,4123731.0869516004,-2.0769551464228346,0.00000013
302465.69509899855,4123731.0432209386,-2.07695514569863,0.00000011
302465.67085793434,4123730.9994902764,-2.0769551468609717,0.00000010
302465.64661687013,4123730.9557596142,-2.076955147402726,0.00000009
302465.6223758059,4123730.912028952,-2.0769551474298136,0.00000007
302465.5981347417,4123730.8682982903,-2.076955147431168,0.00000006
302465.57389367744,4123730.824567628,-2.0769551472700236,0.00000006
302465.54965261323,4123730.780836966,-2.0769551472619665,0.00000005
302465.52541154885,4123730.737106304,-2.076955145901799,0.00000004
302465.50117048447,4123730.693375642,-2.0769551462262803,0.00000004
302465.47692942026,4123730.6496449797,-2.076955146726142,0.00000003
302465.45268835605,4123730.605914318,-2.0769551472347723,0.00000002
302465.42844729184,4123730.562183656,-2.076955147260204,0.00000002
302465.4042062276,4123730.5184529936,-2.0769551472614753,0.00000002
302465.3799651635,4123730.4747223314,-2.0769551474227512,0.00000001
302465.3557240992,4123730.4309916697,-2.0769551472696026,0.00000001
302465.3314830348,4123730.3872610074,-2.0769551466170957,0.00000001
302465.30724197044,4123730.3435303457,-2.076955145547131,0.00000001
302465.28300090623,4123730.2997996835,-2.076955146208547,0.00000001
302465.258759842,4123730.2560690213,-2.0769551467252554,0.00000000
302465.2345187778,4123730.212338359,-2.076955148110855,0.00000001
302465.2102777136,4123730.1686076974,-2.076955147304008,0.00000000
302465.18603664945,4123730.124877035,-2.076955147424878,0.00000000
302465.1617955852,4123730.081146373,-2.076955147269709,0.00000000
302465.137554521,4123730.037415711,-2.0769551472619505,0.00000000
302465.1133134566,4123729.993685049,-2.0769551467779253,0.00000001
302465.08907239215,4123729.9499543873,-2.0769551453939594,0.00000000
302465.064831328,4123729.906223725,-2.0769551466845257,0.00000000
302465.0405902638,4123729.862493063,-2.0769551472326917,0.00000000
302465.0163491996,4123729.8187624007,-2.0769551472601,0.00000000
302464.99210813537,4123729.775031739,-2.0769551472614705,0.00000000
302464.96786707116,4123729.7313010767,-2.076955147261539,0.00000001
302464.94362600695,4123729.6875704145,-2.0769551474227543,0.00000000
302464.91938494256,4123729.643839753,-2.0769551462322635,0.00000000
302464.8951438782,4123729.6001090906,-2.076955146404016,0.00000000
302464.870902814,4123729.5563784284,-2.0769551464126037,0.00000000
302464.84666174976,4123729.5126477666,-2.076955146181756,0.00000000
302464.82242068555,4123729.4689171044,-2.076955147368765,0.00000000
302464.7981796213,4123729.425186442,-2.0769551472669034,0.00000000
302464.7739385571,4123729.38145578,-2.0769551472618106,0.00000000
302464.74969749287,4123729.3377251183,-2.0769551472615557,0.00000000
302464.72545642866,4123729.293994456,-2.076955147261543,0.00000000
302464.7012153643,4123729.250263794,-2.076955146777905,0.00000000
302464.6769742999,4123729.206533132,-2.0769551462700857,0.00000000
302464.6527332357,4123729.16280247,-2.0769551465671197,0.00000000
302464.62849217147,4123729.1190718077,-2.0769551472268213,0.00000000
302464.60425110726,4123729.075341146,-2.0769551472598065,0.00000000
302464.58001004305,4123729.031610484,-2.0769551474226677,0.00000000
302464.55576897884,4123728.9878798216,-2.0769551474308106,0.00000000
302464.53152791463,4123728.94414916,-2.076955147270006,0.00000000
302464.5072868503,4123728.9004184976,-2.0769551469395404,0.00000000
302464.48304578586,4123728.8566878354,-2.0769551462781677,0.00000000
302464.45880472165,4123728.8129571737,-2.0769551455301847,0.00000000
302464.4345636574,4123728.7692265115,-2.076955146530125,0.00000000
302464.4103225932,4123728.7254958493,-2.0769551470637593,0.00000000
302464.386081529,4123728.6817651875,-2.0769551474128654,0.00000000
302464.3618404648,4123728.6380345253,-2.0769551474303207,0.00000000
302464.3375994006,4123728.594303863,-2.0769551472699814,0.00000000
302464.3133583364,4123728.550573201,-2.0769551472619643,0.00000000
302464.289117272,4123728.506842539,-2.076955146777926,0.00000000
302464.2648762076,4123728.463111877,-2.076955146270087,0.00000000
302464.24063514336,4123728.4193812152,-2.0769551453685677,0.00000000
302464.21639407915,4123728.375650553,-2.0769551465220437,0.00000000
302464.192153015,4123728.331919891,-2.0769551472245675,0.00000000
302464.1679119508,4123728.2881892286,-2.0769551474209056,0.00000000
302464.1436708866,4123728.244458567,-2.0769551474307226,0.00000000
302464.11942982237,4123728.2007279047,-2.0769551474312133,0.00000000
302464.09518875816,4123728.1569972425,-2.076955147431238,0.00000000
302464.0709476938,4123728.1132665807,-2.0769551462326876,0.00000000
302464.0467066294,4123728.0695359185,-2.0769551464040372,0.00000000
302464.0224655651,4123728.0258052563,-2.0769551465738174,0.00000000
302463.9982245009,4123727.9820745946,-2.0769551470659438,0.00000000
302463.9739834367,4123727.9383439324,-2.0769551472517622,0.00000000
302463.9497423725,4123727.89461327,-2.0769551472610535,0.00000000
302463.9255013083,4123727.850882608,-2.0769551479764323,0.00000000
302463.9012602441,4123727.8071519462,-2.0769551472972867,0.00000000
302463.87701917975,4123727.763421284,-2.0769551469409047,0.00000000
302463.85277811537,4123727.7196906223,-2.0769551457245337,0.00000000
302463.8285370511,4123727.67595996,-2.0769551465398424,0.00000000
302463.8042959869,4123727.632229298,-2.0769551472254575,0.00000000
302463.7800549227,4123727.588498636,-2.0769551474209504,0.00000000
302463.7558138585,4123727.544767974,-2.076955147430725,0.00000000
302463.73157279426,4123727.5010373117,-2.076955147431214,0.00000000
302463.70733173005,4123727.4573066495,-2.076955147431238,0.00000000
302463.6830906657,4123727.413575988,-2.076955147108815,0.00000000
302463.6588496013,4123727.3698453256,-2.0769551466090563,0.00000000
302463.634608537,4123727.326114664,-2.076955144831814,0.00000000
302463.6103674728,4123727.2823840016,-2.0769551447429517,0.00000000
302463.5861264086,4123727.2386533394,-2.0769551447385086,0.00000000
302463.5618853444,4123727.1949226772,-2.0769551490277744,0.00000000
302463.5376442802,4123727.1511920155,-2.076955145920025,0.00000000
302463.5134032159,4123727.1074613533,-2.076955145920025,0.00000000
