302492.2436010089,4123768.551611553,1.0880536488190045,0.00000000
302492.2678392235,4123768.5953437947,1.065870211530099,0.00000000
302492.2920774383,4123768.639076036,1.0647610396656537,0.00000000
302492.31631565315,4123768.682808277,1.0647055892306532,0.00000000
302492.34055386775,4123768.726540519,1.064702807583372,0.00000000
302492.36479208263,4123768.77027276,1.0647026737573007,0.00000000
302492.38903029746,4123768.814005002,1.0647026656789422,0.00000000
302492.4132685121,4123768.857737243,1.0647026676293887,0.00000000
302492.4375067269,4123768.901469485,1.0647026624706182,0.00000000
302492.4617449417,4123768.945201726,1.064702669403592,0.00000000
302492.48598315637,4123768.988933968,1.06470267071755,0.00000000
302492.51022137096,4123769.0326662096,1.0647026626250264,0.00000000
302492.5344595858,4123769.076398451,1.0647026612530905,0.00000000
302492.5586978007,4123769.120130692,1.064702670310025,0.00000000
302492.5829360153,4123769.163862934,1.06470266260465,0.00000000
302492.6071742301,4123769.207595175,1.0647026665083645,0.00000000
302492.6314124449,4123769.251327417,1.064702666283805,0.00000000
302492.6556506595,4123769.295059658,1.0647026666923223,0.00000000
302492.67988887435,4123769.3387919,1.064702662423765,0.00000000
302492.7041270892,4123769.382524141,1.0647026684339396,0.00000000
302492.7283653039,4123769.426256383,1.0647026634781553,0.00000000
302492.75260351866,4123769.469988624,1.0647026665520398,0.00000000
302492.7768417335,4123769.513720866,1.0647026653186793,0.00000000
302492.80107994814,4123769.557453107,1.0647026705133045,0.00000000
302492.82531816274,4123769.601185349,1.0647026635821235,0.00000000
302492.8495563775,4123769.64491759,1.064702666557238,0.00000000
302492.87379459233,4123769.688649832,1.06470266435163,0.00000000
302492.89803280705,4123769.732382073,1.0647026665957136,0.00000000
302492.9222710219,4123769.776114315,1.064702663386244,0.00000000
302492.94650923664,4123769.819846556,1.064702669449373,0.00000000
302492.9707474513,4123769.863578798,1.0647026625616174,0.00000000
302492.9949856661,4123769.907311039,1.0647026674735225,0.00000000
302493.0192238809,4123769.951043281,1.0647026653647533,0.00000000
302493.04346209555,4123769.994775522,1.0647026695482986,0.00000000
302493.0677003102,4123770.0385077638,1.0647026625665639,0.00000000
302493.09193852503,4123770.082240005,1.0647026665064603,0.00000000
302493.11617673986,4123770.1259722468,1.0647026653164002,0.00000000
302493.1404149545,4123770.169704488,1.0647026676112616,0.00000000
302493.1646531693,4123770.2134367297,1.064702662469712,0.00000000
302493.1888913841,4123770.257168971,1.0647026694035464,0.00000000
302493.21312959876,4123770.3009012127,1.064702662559326,0.00000000
302493.2373678136,4123770.344633454,1.0647026665060983,0.00000000
302493.2616060284,4123770.3883656957,1.0647026653163822,0.00000000
302493.2858442431,4123770.432097937,1.0647026676112608,0.00000000
302493.31008245784,4123770.4758301787,1.0647026624697118,0.00000000
302493.3343206727,4123770.51956242,1.0647026694035464,0.00000000
302493.3585588873,4123770.5632946617,1.0647026654612546,0.00000000
302493.382797102,4123770.607026903,1.0647026676185043,0.00000000
302493.40703531675,4123770.6507591447,1.0647026615027644,0.00000000
302493.43127353163,4123770.694491386,1.064702669355199,0.00000000
302493.4555117463,4123770.7382236277,1.0647026635242183,0.00000000
302493.47974996106,4123770.781955869,1.0647026665543429,0.00000000
302493.5039881759,4123770.8256881107,1.0647026653187945,0.00000000
302493.52822639054,4123770.869420352,1.0647026676113813,0.00000000
302493.5524646053,4123770.9131525937,1.0647026624697178,0.00000000
302493.57670282014,4123770.956884835,1.0647026694035469,0.00000000
302493.6009410348,4123771.0006170766,1.064702662559326,0.00000000
302493.6251792496,4123771.044349318,1.0647026622171152,0.00000000
302493.64941746445,4123771.088081559,1.0647026693909167,0.00000000
302493.6736556791,4123771.131813801,1.0647026697496067,0.00000000
302493.69789389375,4123771.1755460426,1.0647026645112483,0.00000000
302493.72213210847,4123771.219278284,1.0647026623147113,0.00000000
302493.7463703233,4123771.263010525,1.0647026684284868,0.00000000
302493.770608538,4123771.306742767,1.064702662510573,0.00000000
302493.79484675283,4123771.350475008,1.0647026665036607,0.00000001
302493.81908496766,4123771.39420725,1.0647026653162603,0.00000001
302493.8433231823,4123771.437939491,1.0647026676112545,0.00000000
302493.8675613971,4123771.481671733,1.0647026634370211,0.00000000
302493.89179961185,4123771.525403974,1.0647026684846024,0.00000000
302493.91603782657,4123771.569136216,1.064702669704291,0.00000000
302493.9402760412,4123771.6128684576,1.064702663541673,0.00000001
302493.964514256,4123771.656600699,1.0647026622662326,0.00000000
302493.9887524708,4123771.70033294,1.064702668426063,0.00000000
302494.0129906855,4123771.744065182,1.064702664445071,0.00000001
302494.03722890024,4123771.787797423,1.0647026666003856,0.00000000
302494.06146711507,4123771.831529665,1.0647026653210965,0.00000000
302494.0857053297,4123771.875261906,1.0647026666441868,0.00000000
302494.10994354455,4123771.918994148,1.0647026624213582,0.00000000
302494.1341817594,4123771.962726389,1.0647026684338192,0.00000000
302494.1584199741,4123772.006458631,1.064702664445459,0.00000001
302494.1826581888,4123772.050190872,1.064702666600405,0.00000000
302494.20689640363,4123772.093923114,1.0647026643537882,0.00000001
302494.23113461834,4123772.137655355,1.0647026685304408,0.00000000
302494.25537283305,4123772.1813875968,1.0647026615483612,0.00000000
302494.27961104794,4123772.225119838,1.0647026683901695,0.00000000
302494.30384926265,4123772.2688520798,1.0647026654105858,0.00000001
302494.3280874773,4123772.312584321,1.0647026685832806,0.00000000
302494.352325692,4123772.3563165627,1.064702662518313,0.00000000
302494.37656390684,4123772.400048804,1.0647026694059765,0.00000000
302494.4008021215,4123772.4437810457,1.0647026635267571,0.00000001
302494.42504033627,4123772.487513287,1.0647026665544699,0.00000000
302494.4492785511,4123772.5312455287,1.0647026643514914,0.00000001
302494.4735167658,4123772.57497777,1.0647026675630162,0.00000000
302494.4977549806,4123772.6187100117,1.0647026624672997,0.00000000
302494.5219931954,4123772.662442253,1.0647026684361163,0.00000001
302494.5462314101,4123772.7061744947,1.0647026663801926,0.00000001
302494.5704696247,4123772.749906736,1.064702667664451,0.00000001
302494.5947078395,4123772.7936389777,1.064702663439681,0.00000001
302494.61894605425,4123772.837371219,1.0647026675174256,0.00000001
302494.643184269,4123772.8811034607,1.0647026634323298,0.00000002
302494.6674224838,4123772.924835702,1.0647026665497485,0.00000002
302494.6916606986,4123772.9685679437,1.0647026643512554,0.00000002
302494.71589891333,4123773.012300185,1.064702668530314,0.00000001
302494.74013712804,4123773.0560324267,1.0647026634829742,0.00000002
302494.7643753428,4123773.099764668,1.0647026684869,0.00000002
302494.7886135575,4123773.1434969096,1.0647026654154224,0.00000003
302494.8128517722,4123773.187229151,1.0647026676162126,0.00000003
302494.83708998695,4123773.2309613926,1.0647026624699594,0.00000003
302494.8613282018,4123773.274693634,1.0647026622126468,0.00000004
302494.8855664166,4123773.318425875,1.0647026664887644,0.00000004
302494.90980463143,4123773.362158117,1.0647026643482063,0.00000005
302494.93404284614,4123773.405890358,1.0647026704647808,0.00000006
302494.95828106074,4123773.4496226,1.0647026678686806,0.00000006
302494.9825192755,4123773.4933548416,1.0647026624825828,0.00000007
302495.00675749034,4123773.537087083,1.0647026631805876,0.00000008
302495.0309957051,4123773.580819324,1.0647026684717806,0.00000009
302495.0552339198,4123773.624551566,1.0647026634800474,0.00000010
302495.0794721346,4123773.668283807,1.0647026684867538,0.00000012
302495.1037103493,4123773.712016049,1.0647026644481057,0.00000013
302495.127948564,4123773.75574829,1.0647026656332277,0.00000015
302495.1521867789,4123773.799480532,1.0647026643054294,0.00000017
302495.1764249936,4123773.843212773,1.0647026685280228,0.00000019
302495.2006632083,4123773.886945015,1.06470266251555,0.00000022
302495.22490142315,4123773.930677256,1.0647026645692903,0.00000025
302495.2491396381,4123773.974409498,1.064702661350304,0.00000028
302495.273377853,4123774.018141739,1.0647026611893544,0.00000032
302495.29761606787,4123774.0618739803,1.0647026592466877,0.00000037
302495.32185428287,4123774.1056062216,1.0647026634385377,0.00000042
302495.3460924979,4123774.1493384633,1.0647026593591469,0.00000048
302495.3703307129,4123774.1930707046,1.064702657220558,0.00000054
302495.394568928,4123774.236802946,1.0647026580809382,0.00000062
302495.41880714305,4123774.280535187,1.0647026600585767,0.00000070
302495.443045358,4123774.3242674284,1.0647026582228392,0.00000080
302495.46728357306,4123774.3679996696,1.0647026571637428,0.00000091
302495.4915217882,4123774.411731911,1.0647026561434785,0.00000104
302495.51576000336,4123774.455464152,1.0647026531905366,0.00000118
302495.5399982187,4123774.4991963934,1.06470265207558,0.00000135
302495.5642364341,4123774.5429286347,1.0647026477308486,0.00000153
302495.5884746495,4123774.5866608755,1.0647026498679764,0.00000175
302495.61271286506,4123774.6303931167,1.0647026427839208,0.00000199
302495.63695108076,4123774.6741253575,1.0647026467187013,0.00000226
302495.66118929646,4123774.717857599,1.0647026397245283,0.00000257
302495.68542751233,4123774.7615898396,1.0647026364728909,0.00000293
302495.7096657284,4123774.8053220804,1.0647026233155394,0.00000334
302495.73390394496,4123774.8490543207,1.064702616853815,0.00000380
302495.7581421619,4123774.892786561,1.0647026136287998,0.00000432
302495.782380379,4123774.9365188014,1.0647026082112558,0.00000492
302495.80661859614,4123774.9802510412,1.0647026160986006,0.00000560
302495.83085681306,4123775.0239832816,1.064702618427587,0.00000637
302495.85509502987,4123775.067715522,1.0647026185440363,0.00000726
302495.8793332467,4123775.111447762,1.0647026175825491,0.00000826
302495.90357146354,4123775.1551800026,1.0647026136652364,0.00000940
302495.92780968064,4123775.198912243,1.0647026043438395,0.00001070
302495.952047898,4123775.2426444828,1.0647025942046744,0.00001217
302495.976286116,4123775.2863767226,1.0647025739317801,0.00001385
302496.0005243349,4123775.330108962,1.0647025599233655,0.00001575
302496.0247625543,4123775.373841201,1.064702563092183,0.00001792
302496.0490007735,4123775.41757344,1.0647025622833142,0.00002038
302496.0732389928,4123775.461305679,1.0647025554717042,0.00002317
302496.09747721243,4123775.5050379178,1.06470253688006,0.00002635
302496.1217154327,4123775.5487701558,1.0647025156369785,0.00002995
302496.14595365414,4123775.5925023938,1.064702484716047,0.00003403
302496.1701918769,4123775.636234631,1.064702469207921,0.00003866
302496.1944301002,4123775.6799668674,1.0647024428627216,0.00004391
302496.2186683248,4123775.7236991036,1.0647024068501363,0.00004985
302496.242906551,4123775.767431339,1.0647023713214916,0.00005656
302496.2671447787,4123775.811163573,1.0647023309804966,0.00006415
302496.2913830082,4123775.8548958064,1.0647022894315745,0.00007270
302496.31562123954,4123775.898628039,1.0647022228000247,0.00008234
302496.33985947375,4123775.9423602694,1.0647021640398764,0.00009317
302496.3640977105,4123775.9860924985,1.0647021047059888,0.00010531
302496.3883359499,4123776.0298247263,1.0647020366376316,0.00011891
302496.41257419245,4123776.0735569526,1.064701948914173,0.00013407
302496.43681243877,4123776.1172891767,1.0647018443112595,0.00015093
302496.46105068957,4123776.161021398,1.0647017305783446,0.00016959
302496.4852889456,4123776.204753617,1.0647015977181036,0.00019014
302496.50952720724,4123776.248485832,1.0647014358495346,0.00021264
302496.53376547614,4123776.2922180435,1.0647012556665425,0.00023707
302496.5580037531,4123776.3359502507,1.0647010702788346,0.00026336
302496.58224203804,4123776.3796824533,1.0647008460663288,0.00029137
302496.60648033285,4123776.4234146504,1.064700583282638,0.00032090
302496.6307186392,4123776.467146841,1.064700287196753,0.00035176
302496.65495695866,4123776.5108790244,1.0646999586196662,0.00038371
302496.67919529264,4123776.5546112,1.064699566765828,0.00041652
302496.7034336438,4123776.598343366,1.0646991423091385,0.00044994
302496.7276720136,4123776.6420755214,1.064698665630276,0.00048374
302496.7519104044,4123776.6858076653,1.0646981029875553,0.00051765
302496.7761488199,4123776.7295397953,1.064697463206545,0.00055143
302496.80038726365,4123776.77327191,1.0646967371831788,0.00058479
302496.82462573936,4123776.817004007,1.0646959258493607,0.00061748
302496.8488642509,4123776.860736084,1.0646949850109746,0.00064920
302496.87310280366,4123776.9044681382,1.0646939349984816,0.00067964
302496.8973414026,4123776.9482001667,1.0646927252690752,0.00070850
302496.9215800549,4123776.991932166,1.0646913456847942,0.00073543
302496.94581876777,4123777.035664131,1.0646897840035012,0.00076006
302496.97005754954,4123777.0793960583,1.0646879939851377,0.00078199
302496.99429641006,4123777.123127942,1.0646859776067588,0.00080079
302497.0185353592,4123777.1668597762,1.064683675122074,0.00081601
302497.0427744098,4123777.2105915546,1.064681036948345,0.00082713
302497.0670135764,4123777.2543232683,1.0646780440349624,0.00083352
302497.0912528749,4123777.2980549093,1.0646746329371448,0.00083446
302497.1154923234,4123777.341786467,1.0646707623380753,0.00082945
302497.1397319422,4123777.38551793,1.0646663433699701,0.00081779
302497.16397175565,4123777.4292492857,1.0646613211244125,0.00079875
302497.1882117899,4123777.4729805184,1.0646556261131321,0.00077154
302497.21245207504,4123777.5167116127,1.0646491221377528,0.00073535
302497.23669264617,4123777.560442548,1.0646417380006359,0.00068939
302497.26093354245,4123777.604173303,1.064633345029015,0.00063282
302497.285174808,4123777.6479038536,1.064623802717461,0.00056490
302497.30941649346,4123777.691634171,1.0646129329188476,0.00048496
302497.33365865744,4123777.735364224,1.0646005745285025,0.00039246
302497.35790136515,4123777.7790939747,1.0645865627522086,0.00028714
302497.3821446894,4123777.822823384,1.0645706546412494,0.00016894
302497.40638871375,4123777.866552405,1.0645525523255432,0.00003795
302497.4306335346,4123777.9102809844,1.0645320326137266,0.00010568
302497.45487925835,4123777.954009063,1.0645087537099787,0.00026180
302497.47912600654,4123777.997736574,1.0644823540491979,0.00043032
302497.5033739161,4123778.0414634407,1.0644524654491638,0.00061119
302497.52762314084,4123778.0851895786,1.064418628253132,0.00080512
302497.55187385395,4123778.1289148903,1.0643803647445291,0.00101188
302497.57612625055,4123778.172639269,1.0643371336262395,0.00123158
302497.6003805486,4123778.2163625923,1.064288366423607,0.00146469
302497.62463699176,4123778.260084726,1.0642330091954206,0.00171181
302497.6488958703,4123778.303805508,1.0641709701375939,0.00197372
302497.6731574767,4123778.347524777,1.0641014162526667,0.00225133
302497.6974221411,4123778.3912423486,1.0640235390216426,0.00254573
302497.7216902292,4123778.4349580198,1.0639366054919746,0.00285817
302497.74596213835,4123778.4786715694,1.0638398772460826,0.00319008
302497.7702382983,4123778.5223827586,1.0637326903596296,0.00354302
302497.79451916745,4123778.566091332,1.0636144805560133,0.00391872
302497.8188052285,4123778.609797021,1.063484926580028,0.00431904
302497.8430969776,4123778.6534995483,1.063343964138756,0.00474592
302497.86739491334,4123778.697198637,1.0631920036767681,0.00520134
302497.89169951447,4123778.740894018,1.0630300811477587,0.00568763
302497.91601121344,4123778.784585451,1.0628601193648526,0.00620794
302497.9403303564,4123778.8282727404,1.0626852600033065,0.00676208
302497.9646571494,4123778.8719557705,1.0625103534911813,0.00735082
302497.98899158253,4123778.915634545,1.062342453895527,0.00797399
302498.0133333329,4123778.959309242,1.0621871610168054,0.00863068
302498.0376818364,4123779.002980175,1.062048161321838,0.00931950
302498.0620363725,4123779.046647744,1.06192782576368,0.01003880
302498.08639612026,4123779.0903124055,1.061827646910015,0.01078677
302498.110760196,4123779.1339746527,1.0617485274511058,0.01156159
302498.1351276775,4123779.1776349987,1.061691096525856,0.01236148
302498.1594976168,4123779.2212939733,1.0616558054506735,0.01318475
302498.183869046,4123779.264952116,1.06164307919997,0.01402985
302498.2082409789,4123779.308609978,1.0616534036187086,0.01489539
302498.2326124081,4123779.3522681207,1.0616874136637295,0.01578015
302498.25698229804,4123779.395927123,1.061745947382841,0.01668306
302498.28134957614,4123779.439587583,1.0618300530598268,0.01760326
302498.30571312323,4123779.483250125,1.0619410405537515,0.01854004
302498.3300717623,4123779.526915405,1.0620805080072964,0.01949330
302498.35442424583,4123779.5705841184,1.0622503634673874,0.02046289
302498.37876924174,4123779.6142570064,1.0624528186894007,0.02144793
302498.40310532035,4123779.657934864,1.062690408589546,0.02244833
302498.42743094015,4123779.7016185476,1.0629660207685365,0.02346405
302498.4517444317,4123779.745308982,1.0632828259303735,0.02449511
302498.476043986,4123779.78900717,1.0636443146397356,0.02554153
302498.50032763975,4123779.8327141968,1.0640628030242434,0.02660322
302498.52459286916,4123779.8764314544,1.0645429715982146,0.02767977
302498.5488369623,4123779.9201604375,1.0650694182348044,0.02877044
302498.5730579242,4123779.963902236,1.0656567635008125,0.02987448
302498.59725305,4123780.0076583303,1.0663093532610484,0.03099021
302498.62141946534,4123780.0514302873,1.0670305201378412,0.03211525
302498.64555414894,4123780.095219747,1.067822638277179,0.03324678
302498.66965397436,4123780.1390283997,1.0686867059159468,0.03438166
302498.6937157708,4123780.18285795,1.069621596672261,0.03551663
302498.7177364166,4123780.226710065,1.0706232518905265,0.03664842
302498.741712971,4123780.270586301,1.0716835020938196,0.03777385
302498.76564285625,4123780.3144880068,1.072788586058158,0.03888997
302498.789524108,4123780.358416186,1.0739172244158626,0.03999423
302498.813355711,4123780.4023713204,1.0750477012728217,0.04108487
302498.8371376045,4123780.4463533703,1.0761670890083666,0.04216043
302498.8608702764,4123780.490362001,1.077269394343929,0.04321952
302498.8845544632,4123780.5343967457,1.0783537070643807,0.04426130
302498.90819093114,4123780.5784571245,1.0794227668701348,0.04528507
302498.9317803184,4123780.622542729,1.080482094137804,0.04629011
302498.9553230151,4123780.666653288,1.0815945602782004,0.04727568
302498.9788165023,4123780.710790076,1.0826825586023527,0.04823964
302499.0022620111,4123780.754952367,1.0837705437785823,0.04918184
302499.02565945726,4123780.7991401386,1.0848884581122151,0.05010154
302499.04900742,4123780.843354074,1.086049276036426,0.05099741
302499.07230394194,4123780.887595133,1.0872656339134035,0.05186799
302499.0955465034,4123780.9318645624,1.0885505419187398,0.05271166
302499.1187320025,4123780.9761639014,1.0899173323087177,0.05352666
302499.14185674,4123781.0204949863,1.0913794846732026,0.05431117
302499.16491641005,4123781.064859949,1.092950403964948,0.05506327
302499.1879061029,4123781.109261212,1.0946430136177734,0.05578094
302499.2108203236,4123781.1537014693,1.0964692983436624,0.05646202
302499.2336530323,4123781.1981836604,1.0984396170778172,0.05710419
302499.2563977157,4123781.2427109266,1.1005616519045125,0.05770525
302499.27904750523,4123781.2872865414,1.1028390989465633,0.05826268
302499.3015953558,4123781.3319138153,1.105303494777565,0.05877394
302499.32403272286,4123781.376596749,1.1080262634808662,0.05923591
302499.34634773614,4123781.42134091,1.1107316362736996,0.05964396
302499.36854165373,4123781.466145246,1.113492876736927,0.06000007
302499.3906116341,4123781.511010748,1.1162422781136756,0.06030431
302499.41255820234,4123781.5559367384,1.1189278858131497,0.06055854
302499.434384187,4123781.600921429,1.1215164533137905,0.06076593
302499.4560938824,4123781.6459623557,1.123989180009839,0.06093046
302499.477692413,4123781.6910566958,1.1263380094773265,0.06105660
302499.4991852609,4123781.736201505,1.1285628457499186,0.06114902
302499.5205779126,4123781.781393885,1.130669365688979,0.06121234
302499.5418756015,4123781.8266310995,1.1326674355337778,0.06125094
302499.5630831213,4123781.871910661,1.134569820850441,0.06126877
302499.58420469327,4123781.917230382,1.1363913398103689,0.06126910
302499.60524387425,4123781.9625884155,1.1381481201514372,0.06125456
302499.6262034949,4123782.007983272,1.1398571048958126,0.06122804
302499.64708562166,4123782.0534138326,1.1415357116325708,0.06118913
302499.66789153306,4123782.0988793517,1.1432014852797252,0.06113848
302499.6886217126,4123782.144379455,1.1449107597864934,0.06107641
302499.7092739864,4123782.189914975,1.1466623146539252,0.06100206
302499.72984636866,4123782.235486643,1.1484013366512051,0.06091482
302499.7503394979,4123782.281094,1.1501930928156656,0.06081553
302499.7707507487,4123782.326738056,1.1520528283176228,0.06070370
302499.791076913,4123782.3724200604,1.1539906130554511,0.06057877
302499.8113143277,4123782.418141446,1.1560124726919947,0.06044023
302499.8314590544,4123782.46390374,1.1581189003363215,0.06028766
302499.85150713584,4123782.509708451,1.1603026894746389,0.06012090
302499.8714549534,4123782.555556911,1.1625460113573451,0.05994027
302499.8912997231,4123782.6014500647,1.1648164946073065,0.05974672
302499.91104017646,4123782.6473881854,1.1670619580925308,0.05954182
302499.9306774891,4123782.6933704927,1.1692284420775685,0.05932854
302499.95021532883,4123782.739395159,1.1712800325860067,0.05911319
302499.9696589844,4123782.785459699,1.173194949577378,0.05889924
302499.9890147284,4123782.831561254,1.1749616756804975,0.05869084
302500.0082893551,4123782.877696787,1.1765759502620938,0.05849229
302500.02748985344,4123782.9238632247,1.1780385401012237,0.05830759
302500.04662317876,4123782.9700575457,1.1793536025739815,0.05814046
302500.06569609913,4123783.016276843,1.1805274284033394,0.05799443
302500.0847150974,4123783.062518357,1.1815883937015461,0.05787280
302500.10368529946,4123783.1087799114,1.182521252404981,0.05777817
302500.1226126497,4123783.1550590144,1.1833086233609842,0.05771352
302500.1415039093,4123783.2013528603,1.1839873908830774,0.05768238
302500.16036400665,4123783.247659411,1.1845670543642313,0.05768764
302500.17919750005,4123783.2939767875,1.1850555734254524,0.05773235
302500.19800858665,4123783.340303269,1.1854605756341352,0.05781977
302500.2168011132,4123783.3866372835,1.1857896326932915,0.05795340
302500.23557857744,4123783.432977404,1.1860504420337246,0.05814102
302500.2543441218,4123783.4793223534,1.1862510970174465,0.05838371
302500.27310051303,4123783.5256710076,1.1864005135340654,0.05868509
302500.2918501039,4123783.5720224134,1.1865088945857658,0.05904951
302500.31059477123,4123783.618375811,1.186588396693403,0.05948120
302500.32933582383,4123783.66473067,1.1866539826563134,0.05998414
302500.34807386994,4123783.711086744,1.186724552786902,0.06056165
302500.3668086327,4123783.7574441456,1.1868213000152372,0.06121604
302500.38553884625,4123783.803803385,1.1869611148673993,0.06194802
302500.40426247305,4123783.850165285,1.1871574902042399,0.06275681
302500.422976857,4123783.896530917,1.187421626904458,0.06364070
302500.4416788282,4123783.9429015573,1.1877831195319766,0.06459740
302500.46036379784,4123783.989279051,1.1882317076886801,0.06562388
302500.47902774846,4123784.035665007,1.1887702244804534,0.06671746
302500.49766649696,4123784.0820610947,1.1894129842014285,0.06787558
302500.5162751651,4123784.1284692544,1.1901684078715136,0.06909820
302500.5348484944,4123784.1748915673,1.191044607952114,0.07038276
302500.55338084546,4123784.2213302525,1.1920496673958356,0.07172368
302500.5718661975,4123784.2677876633,1.193191372675439,0.07311788
302500.5902981615,4123784.3142662784,1.1944768721810615,0.07456166
302500.60867000895,4123784.3607686856,1.1959121188229747,0.07605103
302500.62697472726,4123784.4072975544,1.1975010587164374,0.07758190
302500.64520511334,4123784.4538555946,1.1992445048785731,0.07915029
302500.66335392074,4123784.5004454935,1.2011386175177101,0.08075247
302500.6814140791,4123784.547069827,1.2031728679389067,0.08238513
302500.69937901123,4123784.5937309377,1.2053272341278558,0.08404549
302500.717243083,4123784.64043076,1.2075685942891372,0.08573152
302500.7350022276,4123784.6871705935,1.2098655839527963,0.08744212
302500.7526538303,4123784.733951155,1.2122715045962267,0.08917695
302500.77019256266,4123784.7807741486,1.2145359850248187,0.09093428
302500.7876255663,4123784.8276366005,1.2167708153788315,0.09272208
302500.8049538676,4123784.8745378614,1.2189846146306897,0.09453706
302500.82217834675,4123784.921477345,1.2211859690246345,0.09637784
302500.839299483,4123784.968454616,1.223387270134673,0.09824417
302500.8563171656,4123785.015469459,1.2256038370952245,0.10013550
302500.87323055597,4123785.0625219173,1.2278530220457766,0.10205045
302500.8900379922,4123785.1096123243,1.2301534441035578,0.10398834
302500.9067369284,4123785.1567413136,1.2325243304041593,0.10594854
302500.9233239048,4123785.203909822,1.2349848057191983,0.10793050
302500.9397945511,4123785.2511190753,1.2375531692318942,0.10993375
302500.95614362456,4123785.298370569,1.2402459940035486,0.11195786
302500.9723650901,4123785.3456660258,1.2430770631833006,0.11400238
302500.9884522515,4123785.3930073394,1.2460560411755703,0.11606809
302501.0043979475,4123785.4403965008,1.2491866588714609,0.11815807
302501.020194835,4123785.4878354915,1.2526478861573778,0.12026693
302501.03582660615,4123785.5353291514,1.2561371392293215,0.12238928
302501.05129248975,4123785.582877072,1.2596541242233295,0.12452651
302501.06659097667,4123785.6304790936,1.2631921968593032,0.12667928
302501.08172089054,4123785.6781349443,1.2667165572685302,0.12884778
302501.0966827849,4123785.725843799,1.2702094016687626,0.13103205
302501.11147802527,4123785.7736045886,1.2736674971849475,0.13323105
302501.1261081022,4123785.821416225,1.2770984393498406,0.13544230
302501.14057412226,4123785.869277752,1.2805178098435124,0.13766218
302501.1548764311,4123785.917188456,1.2839470236792079,0.13988647
302501.1690143362,4123785.965147934,1.287411686459593,0.14210998
302501.18298590527,4123786.0131561384,1.290940371423964,0.14432813
302501.1967878223,4123786.0612133997,1.2945635344865651,0.14653661
302501.2104152944,4123786.1093204333,1.2983126022057314,0.14872529
302501.22386200074,4123786.157478327,1.3022190495969532,0.15088763
302501.23712008726,4123786.2056885203,1.3066028021956209,0.15301686
302501.250165494,4123786.253956702,1.311001075969293,0.15509963
302501.26299843297,4123786.3022817713,1.3155968810388379,0.15713380
302501.27560863143,4123786.3506654,1.3204475688954398,0.15911317
302501.2879833282,4123786.399109752,1.3255576146764088,0.16103096
302501.30010963936,4123786.4476168314,1.3309131755117882,0.16288093
302501.31197535846,4123786.496188274,1.3364775476872044,0.16465768
302501.32357008435,4123786.5448250887,1.3421825909843799,0.16635714
302501.3348867842,4123786.59352733,1.3479172901250704,0.16797724
302501.3459239326,4123786.642293694,1.3535680653223787,0.16951877
302501.3566855595,4123786.691121624,1.3590610434495887,0.17098560
302501.367179228,4123786.7400078773,1.3643542407154148,0.17238605
302501.3774145087,4123786.7889489215,1.3717311264022525,0.17372275
302501.38740183774,4123786.8379412075,1.3766055628574678,0.17500191
302501.3971516698,4123786.88698135,1.3812673269710716,0.17622880
302501.4066738572,4123786.936066242,1.3858029638542197,0.17740802
302501.41596715443,4123786.985194998,1.3900993143322358,0.17853932
302501.4250443447,4123787.034364118,1.3942396244188988,0.17962849
302501.4339163858,4123787.0835706405,1.3983164312326863,0.18068066
302501.44258691906,4123787.132813048,1.4023694229384989,0.18169812
302501.45105778164,4123787.182090179,1.4064353469523736,0.18268269
302501.4593289947,4123787.2314011995,1.4105496341844843,0.18363577
302501.4673987959,4123787.280745568,1.4147455401481477,0.18455842
302501.4752637191,4123787.330122996,1.4190530056770436,0.18545131
302501.482918725,4123787.3795333942,1.42349724749969,0.18631482
302501.49035739596,4123787.4289768194,1.4280969975125857,0.18715107
302501.49757220905,4123787.4784534075,1.4328622845595502,0.18795991
302501.50455490814,4123787.527963298,1.437791629406669,0.18873909
302501.51129700156,4123787.577506549,1.4428685094233316,0.18948780
302501.51779041835,4123787.627083045,1.4482366731371952,0.19020513
302501.5240283638,4123787.676692388,1.4536927543163445,0.19089118
302501.52998763276,4123787.7263359893,1.458934838092605,0.19153603
302501.53568340803,4123787.7760104607,1.4640535597306925,0.19214661
302501.5411229959,4123787.8257135884,1.4690842121862386,0.19272566
302501.546310579,4123787.875443614,1.4763550085867032,0.19327381
302501.5512502771,4123787.9251988498,1.4813510370044987,0.19379123
302501.5559454893,4123787.9749777387,1.486219849253482,0.19427770
302501.5603984215,4123788.0247788806,1.4911019113134758,0.19473266
302501.564609751,4123788.074601039,1.4960401454302001,0.19515979
302501.56857839815,4123788.124443127,1.5010740251950305,0.19555327
302501.5723013805,4123788.174304188,1.508978218223493,0.19591135
302501.57577373675,4123788.2241833634,1.5147109151052116,0.19623224
302501.5789885161,4123788.2740798523,1.5234873190249647,0.19651389
302501.58193114627,4123788.3239931865,1.5298162341641288,0.19675154
302501.5845738389,4123788.373923282,1.5393854372718399,0.19693544
302501.58692444593,4123788.4238679,1.5461902838930586,0.19707095
302501.58896954777,4123788.4738258803,1.5529708884111557,0.19715695
302501.5906955489,4123788.5237958287,1.5597841235444712,0.19718897
302501.5920896645,4123788.573776075,1.5665465379625803,0.19716323
302501.5931412928,4123788.623764659,1.5731702603789681,0.19708103
302501.59384389856,4123788.6737593566,1.57959937325177,0.19693805
302501.59419756895,4123788.723757771,1.585807006443608,0.19673386
302501.5942094555,4123788.773757493,1.591713961734318,0.19647153
302501.59389133204,4123788.8237562776,1.5973129115976779,0.19615589
302501.59325773886,4123788.873752137,1.602614136983932,0.19579297
302501.59232458356,4123788.923743378,1.607638816263775,0.19538975
302501.5911016787,4123788.9737284207,1.6123953011878511,0.19495111
302501.5895967869,4123789.0237057507,1.6168908186566786,0.19448172
302501.58784169465,4123789.073674871,1.621214630949088,0.19399689
302501.585849275,4123789.1236350616,1.6254060142923317,0.19350489
302501.583630728,4123789.1735857055,1.6295019577639864,0.19301410
302501.58119544835,4123789.223526245,1.6335386718925602,0.19254172
302501.5785509509,4123789.273456141,1.6375507831056484,0.19208951
302501.5757028461,4123789.323374839,1.6415703255966878,0.19166524
302501.57265485637,4123789.373281736,1.6456306008391262,0.19127742
302501.56940887246,4123789.4231761545,1.6498000521686043,0.19093422
302501.565965051,4123789.473057319,1.6540471157975418,0.19064321
302501.5623219596,4123789.522924341,1.658372181712447,0.19041108
302501.55847678124,4123789.5727762077,1.662761983762913,0.19024306
302501.55442559556,4123789.622611784,1.6671925364025206,0.19014234
302501.5501621657,4123789.6724296836,1.671628769426896,0.19010904
302501.54566740687,4123789.722227242,1.6759935172554687,0.19013566
302501.54095252446,4123789.7720044022,1.6803049779571804,0.19022498
302501.5360155093,4123789.821759988,1.684546685090489,0.19037287
302501.5308577645,4123789.8714931533,1.688714821665378,0.19057651
302501.52548274037,4123789.9212032887,1.6928169036587435,0.19083938
302501.519894879,4123789.9708899423,1.6968687632386361,0.19115484
302501.5140988237,4123790.020552739,1.700892057139394,0.19152058
302501.50809883414,4123790.070191314,1.7049122585529972,0.19193505
302501.5018983607,4123790.1198052517,1.7089873672581137,0.19239853
302501.4954997434,4123790.169394035,1.713148468078816,0.19291182
302501.48890401097,4123790.2189569985,1.7173978465894912,0.19347617
302501.4821107586,4123790.2684932933,1.7217600014857761,0.19409320
302501.47511809645,4123790.318001856,1.726256026939084,0.19476476
302501.46792265977,4123790.367481386,1.7309001798100119,0.19549282
302501.46051019296,4123790.4169288864,1.7356666860654852,0.19627522
302501.4528742798,4123790.466342353,1.7405442816652457,0.19711332
302501.44501577556,4123790.5157208666,1.7455324258210854,0.19801124
302501.4369267347,4123790.5650620973,1.7505894770193806,0.19896868
302501.4285991583,4123790.6143635907,1.7556637158950963,0.19998706
302501.42002567183,4123790.6636228827,1.7607011527738003,0.20106454
302501.41120041086,4123790.7128376677,1.7656516999572447,0.20219333
302501.4021201691,4123790.762006041,1.7705426596314306,0.20336378
302501.3927858714,4123790.8111268342,1.775287273322515,0.20456951
302501.38320260035,4123790.860199695,1.779874159125793,0.20580663
302501.3733778393,4123790.9092248236,1.78431246324538,0.20707253
302501.36332019954,4123790.958202758,1.788620986062309,0.20836561
302501.3530385098,4123791.007134205,1.792824795622759,0.20968510
302501.3425203779,4123791.0560153765,1.796885532371792,0.21102217
302501.33179392165,4123791.1048512096,1.8008976277198074,0.21238586
302501.3208663134,4123791.153642392,1.8048988673863735,0.21377739
302501.30974194384,4123791.2023890666,1.8089190656524892,0.21519804
302501.298423678,4123791.251091073,1.8129857476868407,0.21665482
302501.2869128337,4123791.2997479164,1.81718375003876,0.21814405
302501.27520920435,4123791.348358751,1.8214943847103242,0.21967085
302501.2633111268,4123791.396922367,1.8259093442336478,0.22123212
302501.251215598,4123791.4454372018,1.8304254607513424,0.22282871
302501.2389184506,4123791.4939013566,1.835032355229775,0.22446069
302501.2264146026,4123791.542312642,1.8397153158241786,0.22612697
302501.21367993386,4123791.590663735,1.844398177449363,0.22781744
302501.2007213599,4123791.6389552555,1.8491060319775314,0.22953372
302501.18753957486,4123791.6871862737,1.853852957366239,0.23127331
302501.1741325268,4123791.735355122,1.8586487632877111,0.23303109
302501.1604992789,4123791.783460412,1.8635127909404265,0.23480526
302501.14663918543,4123791.8315008217,1.8684725302267686,0.23658708
302501.13255124295,4123791.879474907,1.8736411891304394,0.23836959
302501.11823358,4123791.9273809427,1.8789985153895892,0.24014823
302501.1036830579,4123791.975216785,1.8845786903786932,0.24191869
302501.0888949593,4123792.022979747,1.890427101297195,0.24367124
302501.0738627512,4123792.070666491,1.8965894571366761,0.24539972
302501.05857791007,4123792.1182729295,1.9031091818359995,0.24709783
302501.043006021,4123792.1657862565,1.9099452886142736,0.24874916
302501.02715327434,4123792.213206537,1.9171863653902925,0.25035477
302501.0110062831,4123792.2605273454,1.9248564254890141,0.25190813
302500.9945476472,4123792.307740573,1.93295023059807,0.25340286
302500.97775835264,4123792.3548371377,1.9414339689727753,0.25483216
302500.9606182293,4123792.4018070707,1.9502396857785995,0.25618464
302500.9431066358,4123792.4486397016,1.9592777663407346,0.25745109
302500.92520344735,4123792.4953239826,1.9684573569375279,0.25862241
302500.906890441,4123792.541849015,1.9777702035780877,0.25969026
302500.88815320324,4123792.588204858,1.9870349518911599,0.26064821
302500.868983716,4123792.6343837287,1.9961905011265613,0.26149520
302500.849382327,4123792.680381073,2.005216967794337,0.26222726
302500.8293545712,4123792.7261945433,2.0141224238771263,0.26284550
302500.80890632566,4123792.771822049,2.0229263342294357,0.26335058
302500.7880214328,4123792.8172513344,2.0315806485340255,0.26373346
302500.7667381433,4123792.8624951825,2.0402317878537857,0.26400821
302500.7450635717,4123792.9075527648,2.048935481686075,0.26417835
302500.72300283035,4123792.952422437,2.0577414430073193,0.26424185
302500.70055871265,4123792.9971014936,2.066693752773364,0.26419844
302500.6777315534,4123793.0415860023,2.0758266444342115,0.26404719
302500.65451925213,4123793.085870707,2.0851594151571384,0.26378642
302500.6309174585,4123793.129949023,2.094690397708269,0.26341376
302500.6069199255,4123793.173813123,2.104436709523755,0.26292620
302500.5825190489,4123793.217454143,2.114364110902178,0.26232021
302500.5577066212,4123793.260862537,2.124283923320766,0.26159395
302500.5324748392,4123793.3040286186,2.1340801058214343,0.26074369
302500.5068176112,4123793.346943342,2.143642759931048,0.25976461
302500.4807322266,4123793.389599389,2.1528752405987017,0.25865523
302500.4542089052,4123793.4319846863,2.1616584060779283,0.25741306
302500.4272507043,4123793.4740946344,2.169924631044079,0.25603623
302500.39990005794,4123793.515950542,2.177764891150252,0.25454367
302500.3721776986,4123793.5575610525,2.1852061061004693,0.25294415
302500.34410486644,4123793.598935857,2.1922828927019156,0.25124618
302500.3157022235,4123793.640084942,2.199036901560551,0.24945745
302500.2869891355,4123793.6810180335,2.205518761949975,0.24758491
302500.2579832177,4123793.7217441965,2.211860405648972,0.24563474
302500.2287000733,4123793.7622715533,2.2180205080081983,0.24361249
302500.19915317337,4123793.8026071014,2.2240377739245787,0.24152756
302500.1693538405,4123793.8427566076,2.2299486787474065,0.23938030
302500.1393113136,4123793.8827245682,2.2357808107551342,0.23717674
302500.10903157614,4123793.922513229,2.241544283594755,0.23491672
302500.0784989334,4123793.9621081427,2.247152744633155,0.23259216
302500.0477403367,4123794.001527677,2.252676446415867,0.23021661
302500.01675846294,4123794.0407718862,2.258092288284344,0.22779148
302499.98555557843,4123794.0798405414,2.2633690103110924,0.22531805
302499.95413419267,4123794.1187336473,2.268476295676177,0.22279792
302499.9224978925,4123794.157452136,2.273444963614498,0.22023350
302499.89065240714,4123794.1959987828,2.278222586517365,0.21762870
302499.8586055717,4123794.234378245,2.282793153248795,0.21499296
302499.8263663183,4123794.272596281,2.287169183312772,0.21233205
302499.79394393833,4123794.3106591552,2.291371051795797,0.20965106
302499.76134755067,4123794.3485731925,2.2954237346769353,0.20695441
302499.72857270355,4123794.3863330837,2.2993001866295755,0.20424107
302499.69563763845,4123794.423953262,2.303070032497776,0.20152259
302499.6625528713,4123794.4614418102,2.3067796106741802,0.19880677
302499.6293236571,4123794.498802357,2.3104550890958895,0.19609896
302499.5959541385,4123794.536037626,2.3141189220230083,0.19340436
302499.56244736403,4123794.5731494282,2.317809410914451,0.19072797
302499.52880533994,4123794.6101386733,2.321559176921524,0.18807451
302499.49502911663,4123794.6470054286,2.3253301013514585,0.18544838
302499.4611189169,4123794.6837490094,2.3291074406034076,0.18286394
302499.427074313,4123794.7203681236,2.3328690954555356,0.18031660
302499.3928944633,4123794.756861074,2.3365875349584604,0.17780866
302499.3585738297,4123794.793221686,2.340213083502755,0.17534170
302499.3241074457,4123794.829444153,2.3436971736696828,0.17291798
302499.2895055351,4123794.865537133,2.3470588778257713,0.17054897
302499.25477127865,4123794.901502737,2.3502921320544186,0.16824230
302499.2199091197,4123794.93734436,2.353397785692448,0.16600624
302499.1849241905,4123794.973066154,2.356383059698816,0.16384899
302499.1498218756,4123795.00867261,2.3592597901133234,0.16177780
302499.1146074893,4123795.044168244,2.3620809195808468,0.15979806
302499.07928604016,4123795.079557358,2.3648281281549215,0.15791835
302499.0438620636,4123795.1148438607,2.367517506328611,0.15613090
302499.00833951,4123795.150031145,2.3701673059943147,0.15443349
302498.97272167867,4123795.1851220042,2.372794593462691,0.15282837
302498.93701118603,4123795.2201185855,2.3754140861945436,0.15130403
302498.9012016092,4123795.255013774,2.3779990270293463,0.14985081
302498.8653024382,4123795.2898167623,2.380590971402541,0.14846931
302498.82931432634,4123795.324527755,2.3831914296142385,0.14715548
302498.7932372873,4123795.3591462965,2.3857927056912267,0.14590578
302498.75707100786,4123795.393671586,2.3883829830545213,0.14471741
302498.72081502987,4123795.4281026623,2.390950900082645,0.14359011
302498.6844689821,4123795.4624386434,2.393520623828667,0.14252183
302498.6480328787,4123795.49667905,2.396045800177391,0.14151289
302498.61150750023,4123795.53082422,2.3985220909705784,0.14056601
302498.57489454804,4123795.5648754863,2.400954106047868,0.13968512
302498.538196173,4123795.5988346934,2.403351804481948,0.13887447
302498.5014142247,4123795.632703385,2.405726909850091,0.13813735
302498.46454305673,4123795.666474925,2.4080589544375637,0.13747391
302498.42759282555,4123795.7001599194,2.410402712742948,0.13689053
302498.3905646849,4123795.733759237,2.4127773545106015,0.13637720
302498.3534592411,4123795.767273153,2.4152000877496738,0.13592873
302498.3162765171,4123795.800701301,2.4176958192594507,0.13553912
302498.27901593904,4123795.8340426427,2.4203174094051,0.13520282
302498.2416763392,4123795.867295462,2.4230378902092897,0.13491208
302498.2042559757,4123795.9004573743,2.4258633452549185,0.13466019
302498.166752573,4123795.933525359,2.4287956558795196,0.13444061
302498.1291633818,4123795.966495814,2.431828436216966,0.13424701
302498.09148349165,4123795.9993626038,2.434940233077389,0.13407221
302498.0537017698,4123796.0321122766,2.4380765034127063,0.13390550
302498.0158233565,4123796.0647500292,2.441259174484686,0.13374774
302497.9778451426,4123796.0972715626,2.444475190381886,0.13360044
302497.9397647155,4123796.129673324,2.447714967627682,0.13345381
302497.9015808499,4123796.161953109,2.4510120304406207,0.13330558
302497.8632931736,4123796.194109691,2.454371508257061,0.13315422
302497.8249017134,4123796.2261423036,2.4577799269359772,0.13299844
302497.7864065512,4123796.2580502373,2.4612542975071916,0.13283675
302497.7478075671,4123796.2898325296,2.4648155663494027,0.13266693
302497.7091042482,4123796.3214877276,2.4684859565471955,0.13248596
302497.670288693,4123796.353005226,2.4722529522859715,0.13228544
302497.63135999616,4123796.384382839,2.4761384637031956,0.13206160
302497.59232102527,4123796.4156230935,2.4801853985524422,0.13181335
302497.55316848226,4123796.446720846,2.484404881811819,0.13153928
302497.51389844925,4123796.4776700605,2.488798859723676,0.13123098
302497.4745064752,4123796.508463888,2.493431233586179,0.13088182
302497.4349877103,4123796.539094813,2.4982308380619864,0.13048639
302497.395337101,4123796.5695548807,2.503157238830632,0.13003940
302497.3555496563,4123796.599836024,2.5081868772964806,0.12953586
302497.3156208017,4123796.629930524,2.5132995147790136,0.12897133
302497.2755468471,4123796.659831642,2.5184802183538477,0.12834220
302497.2353119709,4123796.6895158924,2.5236494679447707,0.12763623
302497.1949259962,4123796.71899414,2.5288599522978643,0.12685981
302497.1543913028,4123796.748267449,2.5341301774223695,0.12601419
302497.1137073863,4123796.7773329318,2.5394573849997473,0.12509989
302497.0728736309,4123796.8061874732,2.544831435398704,0.12411723
302497.03188928124,4123796.834827682,2.5503178376126048,0.12306174
302496.9907535109,4123796.863249979,2.5557698603540895,0.12193100
302496.94946558913,4123796.891450833,2.56111721554815,0.12072221
302496.9080251507,4123796.919427162,2.5662885795683423,0.11943258
302496.86643257894,4123796.947176929,2.5712132300492585,0.11805979
302496.82468924404,4123796.9746995377,2.5758251460972628,0.11660226
302496.782783331,4123797.001973964,2.579982693167832,0.11504795
302496.74074015673,4123797.0290361876,2.583758626809614,0.11341443
302496.69856965967,4123797.055899505,2.5871537948336,0.11170757
302496.65628271096,4123797.082579118,2.590177539221588,0.10993440
302496.6138905538,4123797.1090912665,2.5928723666975055,0.10810262
302496.57140438206,4123797.135452535,2.595250244700761,0.10622296
302496.5288350232,4123797.161679307,2.597345451018166,0.10430097
302496.48619269335,4123797.187787313,2.599215674602918,0.10234463
302496.4434867951,4123797.2137912456,2.600925548136178,0.10036160
302496.4007257351,4123797.2397043975,2.602540313939486,0.09835890
302496.35791305196,4123797.265532176,2.6040970937911907,0.09633961
302496.3150576214,4123797.2912889514,2.6056605018506067,0.09431133
302496.27216418134,4123797.3169823703,2.6072638455186743,0.09227810
302496.22923337633,4123797.3426133003,2.6089079103110113,0.09024029
302496.1862642438,4123797.368179918,2.6105775374016815,0.08819656
302496.14325491333,4123797.393678848,2.612247895340186,0.08614466
302496.1002033361,4123797.419106384,2.613903204918679,0.08408223
302496.05710814265,4123797.444459932,2.6155025480775915,0.08200997
302496.01396920404,4123797.4697389845,2.6170258621301334,0.07992444
302495.97078733024,4123797.4949446353,2.618460708433364,0.07782595
302495.92756402394,4123797.52007918,2.619799656499111,0.07571562
302495.8843012804,4123797.5451457915,2.6210392091339396,0.07359519
302495.8409993884,4123797.5701447143,2.6221660142223944,0.07146512
302495.7976633154,4123797.5950843315,2.6231967748894642,0.06933022
302495.75429572264,4123797.619969095,2.6241361604686797,0.06719346
302495.7108991443,4123797.644803275,2.6249884743410177,0.06505794
302495.66747606284,4123797.6695910846,2.6257587131830515,0.06292687
302495.62402886973,4123797.6943366085,2.6264523343397936,0.06080415
302495.5805598383,4123797.7190437512,2.6270750325000334,0.05869570
302495.53707110323,4123797.743716197,2.6276325409313803,0.05660185
302495.49356465135,4123797.7683573896,2.628130495199082,0.05452559
302495.4500423164,4123797.7929705186,2.6285743308260017,0.05246955
302495.40650577866,4123797.817558517,2.6289692065083963,0.05043584
302495.3629565696,4123797.8421240672,2.629319959576091,0.04842613
302495.3193960784,4123797.8666696064,2.62963108639605,0.04644185
302495.27582555916,4123797.8911973406,2.629906727401298,0.04448427
302495.23224613967,4123797.9157092585,2.630150668362798,0.04255464
302495.188658831,4123797.9402071456,2.630366350952251,0.04065424
302495.14506453753,4123797.964692601,2.6305568910962602,0.03878683
302495.1014640663,4123797.9891670546,2.6307251005855923,0.03695370
302495.0578581358,4123798.01363178,2.6308735002693306,0.03515467
302495.0142473844,4123798.038087911,2.6310043519398234,0.03339171
302494.97063237906,4123798.0625364548,2.6311196775434906,0.03166694
302494.9270136221,4123798.0869783047,2.6312212787333142,0.02998263
302494.8833915579,4123798.111414252,2.631310752887317,0.02834118
302494.83976658003,4123798.1358449967,2.631389521661773,0.02674504
302494.796139036,4123798.160271159,2.631458851255601,0.02519661
302494.7525092325,4123798.184693285,2.63151985977786,0.02369816
302494.70887743984,4123798.209111857,2.631573535515164,0.02225163
302494.66524389695,4123798.2335273013,2.631620746178745,0.02086349
302494.62160881417,4123798.257939994,2.631662264421083,0.01953072
302494.5779723772,4123798.282350266,2.6316987777420593,0.01825298
302494.53433474904,4123798.306758408,2.6317308811993385,0.01703100
302494.4906960727,4123798.331164676,2.6317591020720905,0.01586555
302494.4470564749,4123798.3555692965,2.631783908616286,0.01475745
302494.40341606736,4123798.379972469,2.6318057158581607,0.01370757
302494.3597749483,4123798.4043743694,2.631824884299319,0.01271672
302494.3161332033,4123798.42877515,2.631841726619359,0.01178559
302494.2724909083,4123798.453174947,2.6318565261547637,0.01091458
302494.22884813,4123798.477573879,2.6318695277957107,0.01010369
302494.1852049266,4123798.501972051,2.6318809507619645,0.00935831
302494.14156134956,4123798.5263695545,2.6318909871790703,0.00866874
302494.0979174447,4123798.550766472,2.631899807065778,0.00803133
302494.0542732519,4123798.575162874,2.631907557745941,0.00744199
302494.01062880625,4123798.5995588237,2.631914368130276,0.00689635
302493.9669841384,4123798.623954376,2.6319203541409615,0.00639001
302493.9233392751,4123798.6483495785,2.63192561164767,0.00591864
302493.8796942397,4123798.672744473,2.6319302262037803,0.00547807
302493.8360490533,4123798.6971390974,2.631934280002702,0.00506447
302493.79240373423,4123798.7215334848,2.6319378409054295,0.00467435
302493.7487582989,4123798.745927664,2.6319409700082956,0.00430630
302493.70511276135,4123798.77032166,2.6319437192953266,0.00395657
302493.6614671341,4123798.794715496,2.6319461307732226,0.00362318
302493.61782142817,4123798.8191091907,2.631948253015289,0.00330589
302493.57417565264,4123798.8435027613,2.63195011423284,0.00300518
302493.5305298162,4123798.867896223,2.6319517475772205,0.00272191
302493.4868839263,4123798.8922895887,2.631953177554537,0.00245702
302493.4432379894,4123798.91668287,2.6319544366812484,0.00221118
302493.39959201164,4123798.941076079,2.631955547065412,0.00198449
302493.3559459974,4123798.965469222,2.6319565196938512,0.00177667
302493.3122999515,4123798.989862309,2.631957372304334,0.00158711
302493.26865387795,4123799.014255346,2.631958126355906,0.00141498
302493.2250077802,4123799.03864834,2.631958790706415,0.00126020
302493.18136166024,4123799.063041294,2.631959367895277,0.00112061
302493.1377155211,4123799.087434214,2.63195987122469,0.00099506
302493.09406936564,4123799.1118271044,2.6319603156140787,0.00088245
302493.05042319593,4123799.1362199695,2.6319607044737534,0.00078170
302493.00677701266,4123799.1606128104,2.631961041268038,0.00069175
302492.9631308184,4123799.1850056318,2.6319613353039015,0.00061161
302492.9194846146,4123799.209398436,2.6319615932746134,0.00054032
302492.8758384025,4123799.233791225,2.631961818988491,0.00047701
302492.8321921823,4123799.258184,2.6319620175766616,0.00042086
302492.7885459561,4123799.282576764,2.6319621963329123,0.00037112
302492.744899724,4123799.3069695174,2.631962347477339,0.00032710
302492.701253487,4123799.3313622624,2.6319624815198073,0.00028818
302492.6576072457,4123799.3557549994,2.6319626029990055,0.00025380
302492.6139610008,4123799.38014773,2.631962710584887,0.00022345
302492.5703147519,4123799.404540453,2.631962802384199,0.00019667
302492.5266684997,4123799.4289331706,2.6319628846201253,0.00017306
302492.4830222456,4123799.453325885,2.6319629597003433,0.00015225
302492.43937598914,4123799.477718595,2.631963027295621,0.00013391
302492.39572973025,4123799.5021113004,2.6319630849049998,0.00011777
302492.3520834696,4123799.526504003,2.631963140008487,0.00010355
302492.30843720725,4123799.5508967023,2.6319631935196224,0.00009104
302492.2647909431,4123799.5752893984,2.631963238446851,0.00008003
302492.2211446781,4123799.599682093,2.6319632793813077,0.00007035
302492.17749841197,4123799.6240747855,2.6319633123312234,0.00006183
302492.13385214465,4123799.648467476,2.631963339311738,0.00005434
302492.09020587604,4123799.672860164,2.631963360963148,0.00004775
302492.0465596058,4123799.6972528496,2.6319633752209484,0.00004196
302492.00291333516,4123799.721645534,2.631963389378838,0.00003686
302491.95926706423,4123799.746038218,2.6319634054484053,0.00003239
302491.9156207931,4123799.770430902,2.631963423080614,0.00002845
302491.8719745219,4123799.7948235855,2.6319634425277822,0.00002500
302491.82832825015,4123799.819216268,2.631963458681967,0.00002196
302491.78468197805,4123799.84360895,2.6319634715575417,0.00001929
302491.7410357054,4123799.8680016305,2.6319634807056094,0.00001694
302491.697389432,4123799.8923943103,2.631963485923877,0.00001488
302491.6537431583,4123799.9167869897,2.6319634879216176,0.00001307
302491.61009688425,4123799.941179668,2.631963486374601,0.00001148
302491.5664506102,4123799.9655723465,2.6319634860274803,0.00001008
302491.5228043361,4123799.989965025,2.6319634860101244,0.00000885
302491.4791580621,4123800.0143577033,2.6319634860092567,0.00000777
302491.4355117881,4123800.0387503817,2.6319634862789827,0.00000682
302491.39186551416,4123800.0631430605,2.631963487759526,0.00000599
302491.3482192403,4123800.0875357394,2.6319634896603037,0.00000526
302491.3045729664,4123800.111928418,2.631963491492169,0.00000461
302491.26092669234,4123800.136321096,2.6319634918535324,0.00000405
302491.2172804183,4123800.1607137746,2.631963493338658,0.00000356
302491.1736341442,4123800.185106453,2.6319634933229907,0.00000312
302491.1299878701,4123800.2094991314,2.631963493412131,0.00000274
302491.0863415959,4123800.23389181,2.631963493236742,0.00000240
302491.0426953217,4123800.2582844878,2.631963491670991,0.00000211
302490.9990490475,4123800.282677166,2.631963491412858,0.00000185
302490.95540277334,4123800.307069844,2.631963489932893,0.00000162
302490.91175649926,4123800.3314625225,2.631963489768972,0.00000142
302490.8681102251,4123800.355855201,2.6319634882037954,0.00000125
302490.82446395105,4123800.3802478793,2.63196348794569,0.00000109
302490.78081767703,4123800.4046405577,2.6319634880227083,0.00000096
302490.7371714029,4123800.429033236,2.631963487846712,0.00000084
302490.6935251289,4123800.4534259145,2.631963486460779,0.00000074
302490.64987885486,4123800.477818593,2.6319634863914825,0.00000064
302490.6062325809,4123800.502211272,2.631963487765151,0.00000056
302490.56258630694,4123800.52660395,2.631963486456701,0.00000049
302490.51894003287,4123800.5509966286,2.631963486301355,0.00000043
302490.47529375885,4123800.575389307,2.6319634862935875,0.00000038
302490.4316474849,4123800.599781986,2.631963486203276,0.00000033
302490.3880012109,4123800.6241746643,2.6319634847317035,0.00000029
302490.34435493685,4123800.6485673427,2.6319634845682014,0.00000025
302490.30070866295,4123800.6729600215,2.6319634860270837,0.00000022
302490.25706238893,4123800.6973527,2.631963484812817,0.00000019
302490.2134161149,4123800.7217453783,2.6319634845722573,0.00000017
302490.169769841,4123800.746138057,2.6319634860272862,0.00000015
302490.1261235671,4123800.770530736,2.631963486279884,0.00000013
302490.08247729315,4123800.7949234145,2.631963486202591,0.00000011
302490.03883101913,4123800.819316093,2.6319634861987264,0.00000010
302489.9951847451,4123800.8437087717,2.631963486198533,0.00000008
302489.9515384712,4123800.86810145,2.6319634861985235,0.00000007
302489.9078921972,4123800.8924941286,2.631963484821389,0.00000006
302489.8642459232,4123800.9168868074,2.631963485859896,0.00000005
302489.8205996493,4123800.941279486,2.6319634848044577,0.00000004
302489.77695337526,4123800.965672164,2.6319634847516857,0.00000004
302489.73330710124,4123800.990064843,2.631963485856411,0.00000003
302489.68966082734,4123801.0144575215,2.631963484804283,0.00000002
302489.6460145534,4123801.0388502004,2.631963486128811,0.00000002
302489.6023682795,4123801.0632428788,2.6319634849078266,0.00000002
302489.55872200546,4123801.0876355576,2.631963486133988,0.00000002
302489.51507573144,4123801.112028236,2.6319634861952963,0.00000001
302489.47142945754,4123801.1364209144,2.631963485001074,0.00000000
302489.4277831835,4123801.1608135933,2.6319634860487273,0.00000001
302489.3841369095,4123801.1852062717,2.6319634846340527,0.00000000
302489.3404906356,4123801.2095989506,2.631963486030376,0.00000000
302489.2968443616,4123801.233991629,2.6319634861001924,0.00000000
302489.25319808756,4123801.2583843074,2.6319634846366258,0.00000000
302489.2095518136,4123801.2827769862,2.631963485940582,0.00000000
302489.1659055397,4123801.3071696647,2.631963486185626,0.00000000
302489.1222592658,4123801.3315623435,2.631963486287801,0.00000000
302489.0786129918,4123801.355955022,2.6319634862029866,0.00000000
302489.03496671777,4123801.3803477003,2.631963486198746,0.00000000
302488.99132044386,4123801.404740379,2.6319634862884573,0.00000000
302488.94767416985,4123801.4291330576,2.6319634861130963,0.00000000
302488.9040278958,4123801.453525736,2.631963484637271,0.00000000
302488.86038162187,4123801.477918415,2.631963485940614,0.00000000
302488.8167353479,4123801.5023110933,2.631963486095704,0.00000000
302488.7730890739,4123801.5267037717,2.6319634846364015,0.00000000
302488.72944279993,4123801.5510964505,2.6319634859405703,0.00000000
302488.685796526,4123801.575489129,2.6319634862755485,0.00000000
302488.6421502521,4123801.599881808,2.6319634862922974,0.00000000
302488.5985039781,4123801.624274486,2.6319634862032117,0.00000000
302488.5548577041,4123801.6486671646,2.6319634862886803,0.00000000
302488.5112114302,4123801.6730598435,2.6319634862929537,0.00000000
302488.46756515617,4123801.697452522,2.63196348482611,0.00000000
302488.4239188821,4123801.7218452003,2.631963484572922,0.00000000
302488.3802726082,4123801.746237879,2.6319634846501856,0.00000000
302488.33662633423,4123801.7706305576,2.631963484743972,0.00000000
302488.29298006016,4123801.795023236,2.631963484568815,0.00000000
302488.24933378625,4123801.819415915,2.6319634846499804,0.00000000
302488.20568751235,4123801.8438085937,2.631963486211019,0.00000000
302488.1620412384,4123801.868201272,2.6319634861991474,0.00000000
302488.11839496443,4123801.892593951,2.631963486198554,0.00000000
302488.0747486904,4123801.9169866294,2.6319634862884476,0.00000000
302488.03110241645,4123801.941379308,2.631963486203019,0.00000000
302487.9874561425,4123801.9657719866,2.6319634861088246,0.00000000
302487.9438098684,4123801.990164665,2.6319634859242678,0.00000000
302487.9001635945,4123802.0145573434,2.631963484717753,0.00000000
302487.85651732056,4123802.0389500223,2.6319634861244845,0.00000000
302487.8128710465,4123802.0633427007,2.631963485925051,0.00000000
302487.7692247726,4123802.087735379,2.6319634846278688,0.00000000
302487.7255784987,4123802.112128058,2.6319634862099135,0.00000000
302487.6819322247,4123802.1365207364,2.6319634861990924,0.00000000
302487.63828595076,4123802.1609134153,2.6319634861985515,0.00000000
302487.5946396767,4123802.1853060937,2.6319634861985244,0.00000000
302487.5509934028,4123802.209698772,2.6319634849113123,0.00000000
302487.5073471289,4123802.234091451,2.6319634862240853,0.00000000
302487.46370085474,4123802.2584841293,2.631963484642821,0.00000000
302487.42005458084,4123802.2828768077,2.6319634845637574,0.00000000
302487.3764083069,4123802.3072694866,2.6319634861167844,0.00000000
302487.3327620328,4123802.331662165,2.6319634846374558,0.00000000
302487.2891157589,4123802.356054844,2.6319634858506995,0.00000000
302487.24546948494,4123802.3804475223,2.6319634861811316,0.00000000
302487.20182321104,4123802.404840201,2.631963486197653,0.00000000
302487.15817693714,4123802.4292328795,2.6319634862884027,0.00000000
302487.114530663,4123802.453625558,2.631963486203017,0.00000000
302487.0708843891,4123802.478018237,2.6319634861987473,0.00000000
302487.0272381152,4123802.502410915,2.6319634862884573,0.00000000
302486.98359184107,4123802.5268035936,2.631963484646039,0.00000000
302486.93994556717,4123802.5511962725,2.6319634858511285,0.00000000
302486.8962992932,4123802.575588951,2.631963486181153,0.00000000
302486.85265301913,4123802.5999816293,2.631963484640674,0.00000000
302486.8090067452,4123802.624374308,2.63196348456365,0.00000000
302486.76536047127,4123802.6487669866,2.631963486116779,0.00000000
302486.72171419737,4123802.6731596654,2.631963486284359,0.00000000
302486.67806792347,4123802.697552344,2.631963485005527,0.00000000
302486.63442164933,4123802.721945022,2.631963480270644,0.00000000
302486.5907753754,4123802.746337701,2.6319634800339,0.00000000
302486.5471291015,4123802.77073038,2.63196349762675,0.00000000
302486.5034828274,4123802.795123058,2.6319634814412445,0.00000000
302486.45983655343,4123802.819515737,2.63196348009243,0.00000000
302486.41619027953,4123802.8439084156,2.63196348009243,0.00000000
