302501.56129087124,4123789.760933393,1.7029965795594075,0.00000000
302501.55408367404,4123789.8104112297,1.716360365837416,0.00000000
302501.54686752806,4123789.859887762,1.7177762460243398,0.00000000
302501.5396342946,4123789.9093617983,1.7187715437437119,0.00000000
302501.53237565374,4123789.958832112,1.7199308609633575,0.00000000
302501.5250830282,4123790.008297425,1.7212927762553727,0.00000000
302501.51774750924,4123790.0577563928,1.7228795798126213,0.00000000
302501.51035978633,4123790.107207586,1.7247298119491024,0.00000000
302501.50291008264,4123790.1566494773,1.7268304794111236,0.00000000
302501.4953880989,4123790.206080421,1.7291920779458394,0.00000000
302501.487782968,4123790.255498641,1.7318247410835688,0.00000000
302501.480083225,4123790.304902214,1.7347358041076602,0.00000000
302501.4722736472,4123790.3542885534,1.737917951089793,0.00000000
302501.4643333059,4123790.403654033,1.7413401547760465,0.00000000
302501.4562571438,4123790.4529974535,1.745013490859341,0.00000000
302501.44803146337,4123790.5023161457,1.7489119587324584,0.00000000
302501.4396424948,4123790.551607298,1.752993074891077,0.00000000
302501.4310767528,4123790.600868013,1.7572053185926515,0.00000000
302501.42232153454,4123790.6500953846,1.7615585147457224,0.00000000
302501.4133655994,4123790.699286625,1.7659454498801328,0.00000000
302501.40420007746,4123790.7484392524,1.770310675335764,0.00000000
302501.3948196671,4123790.797551349,1.7746240333257162,0.00000000
302501.3852235242,4123790.846621791,1.7788741675217294,0.00000000
302501.37541361456,4123790.895649997,1.7830635534192893,0.00000000
302501.3653735463,4123790.944631596,1.7871402489228565,0.00000000
302501.35512553074,4123790.993570066,1.7911787942798292,0.00000000
302501.344676251,4123791.042465921,1.7952145125947876,0.00000000
302501.3340288957,4123791.091319002,1.7992738827789139,0.00000000
302501.32318565936,4123791.140128965,1.8033837945784301,0.00000000
302501.31214755046,4123791.1888952227,1.8076417978112587,0.00000000
302501.30091426807,4123791.2376168943,1.8120206403582146,0.00000000
302501.28948413784,4123791.286292772,1.816529085551008,0.00000000
302501.277854104,4123791.3349212953,1.8211805967933388,0.00000000
302501.26601977454,4123791.3835005397,1.825979222538674,0.00000000
302501.25397552847,4123791.4320282163,1.8309149546468517,0.00000000
302501.24169297854,4123791.480496133,1.8358948167463174,0.00000000
302501.2291817878,4123791.5289054792,1.8409418119328345,0.00000000
302501.2164373041,4123791.5772538744,1.846037050943412,0.00000000
302501.2034526332,4123791.6255382686,1.8511534853147567,0.00000000
302501.1902225141,4123791.673755952,1.8562720699013,0.00000000
302501.1767446087,4123791.7219049484,1.8614166635540386,0.00000000
302501.1630189608,4123791.769983913,1.8666248535823389,0.00000000
302501.1490468184,4123791.8179918444,1.8718683774190505,0.00000000
302501.13482972205,4123791.8659278406,1.8771762722564984,0.00000000
302501.1203688033,4123791.9137908933,1.8825863367802476,0.00000000
302501.10566424404,4123791.9615797154,1.8881409181085957,0.00000000
302501.0907063008,4123792.009289881,1.8938566124960543,0.00000000
302501.07548416173,4123792.0569163864,1.8997513325827513,0.00000000
302501.0600082393,4123792.1044609626,1.9059188868469414,0.00000000
302501.0442710105,4123792.151919623,1.9124009236092805,0.00000000
302501.02826283313,4123792.199287518,1.9192304055504092,0.00000000
302501.0119719634,4123792.2465588786,1.9264301486648905,0.00000000
302500.9953846553,4123792.2937269886,1.9340078984411142,0.00000000
302500.978485364,4123792.3407841846,1.9419794224633866,0.00000000
302500.9612570847,4123792.38772191,1.9503492886512228,0.00000000
302500.9436818731,4123792.4345308407,1.958964009572131,0.00000000
302500.92574160855,4123792.4812011165,1.9677369117227586,0.00000000
302500.9074190776,4123792.5277227303,1.9765849434186016,0.00000000
302500.8886994797,4123792.57408613,1.9854344343869252,0.00000000
302500.8695637949,4123792.6202794802,1.9942014538106887,0.00000000
302500.8499951378,4123792.6662910357,2.0028142513701273,0.25753166
302500.8300213891,4123792.7121280315,2.0113632661210628,0.25866221
302500.80964821595,4123792.7577887718,2.019879619979555,0.25964534
302500.7888818901,4123792.803271964,2.0284022304724143,0.26048114
302500.76772819104,4123792.848576227,2.0369769316928017,0.26117230
302500.7461916098,4123792.8936996916,2.045652582750699,0.26172122
302500.7242748004,4123792.938639679,2.054477181263382,0.26212970
302500.70197823615,4123792.983392457,2.0634938792869675,0.26239885
302500.6793000487,4123793.0279530664,2.0727903873981397,0.26252897
302500.6562360324,4123793.0723152235,2.0824223020339274,0.26251957
302500.6327798094,4123793.116471302,2.0923085691923378,0.26236934
302500.60892316373,4123793.1604124103,2.1024082016523296,0.26207633
302500.5846565528,4123793.2041285736,2.112641096630315,0.26163867
302500.55996982707,4123793.2476090635,2.1228990869834106,0.26105533
302500.53483857034,4123793.2908342867,2.133006313529971,0.26031660
302500.5092459646,4123793.33378786,2.142803516524975,0.25941569
302500.48320978263,4123793.376473766,2.152258511147797,0.25836108
302500.4567330065,4123793.4188875807,2.161294324609935,0.25715550
302500.4298281392,4123793.4610310094,2.169872631797846,0.25580605
302500.40251365915,4123793.5029100715,2.177986865630992,0.25432251
302500.37481121154,4123793.5445335414,2.185653144409033,0.25271599
302500.3467436341,4123793.5859117536,2.1930034613632854,0.25099781
302500.31833360373,4123793.627055706,2.199974173790066,0.24917868
302500.28960273624,4123793.667976393,2.2066078451249638,0.24726865
302500.26057101204,4123793.7086843257,2.2129541021458494,0.24528143
302500.2312564352,4123793.749189189,2.219062277967973,0.24322177
302500.20167471975,4123793.7894995115,2.224978430315925,0.24109733
302500.1718138366,4123793.829603472,2.230642713089538,0.23890560
302500.14171290345,4123793.86952745,2.236193280777956,0.23666400
302500.11138060904,4123793.9092758545,2.2416578871592376,0.23437809
302500.0808238159,4123793.9488518843,2.24704692066606,0.23205256
302500.0500478176,4123793.9882576647,2.2523547053836053,0.22969108
302500.01905666414,4123794.027494454,2.2576341732502727,0.22729606
302499.9878535686,4123794.066562923,2.262799503542989,0.22486897
302499.9564414211,4123794.1054635453,2.2678140033302503,0.22241088
302499.9248234444,4123794.1441971175,2.272657522448738,0.21992785
302499.89300402894,4123794.1827654606,2.277318744841197,0.21741794
302499.8609897527,4123794.221172299,2.2817996984752895,0.21488359
302499.828771653,4123794.2594083296,2.286043005214588,0.21231959
302499.7963741919,4123794.297492439,2.290131122939979,0.20973836
302499.7638077781,4123794.3354321243,2.2941006505913295,0.20714457
302499.7310796904,4123794.3732324056,2.2979775733412153,0.20454103
302499.69819639955,4123794.410897739,2.3017882768930003,0.20193111
302499.6651634295,4123794.4484318728,2.3055802363652718,0.19931708
302499.6319852733,4123794.4858377413,2.309398947688892,0.19670006
302499.59866535495,4123794.523117406,2.3132286343139477,0.19408218
302499.5652060311,4123794.5602720263,2.3170848263548205,0.19146762
302499.5316086298,4123794.5973018683,2.3209775193689506,0.18886055
302499.49787352874,4123794.6342063467,2.324906546968152,0.18626012
302499.4639953524,4123794.6709795594,2.3288364974607196,0.18366658
302499.4299685509,4123794.707615272,2.332720311423901,0.18108083
302499.39580072777,4123794.7441194495,2.336561762820071,0.17851203
302499.36149047903,4123794.7804897535,2.340325531539989,0.17596495
302499.3270370583,4123794.8167244303,2.34397618881988,0.17344536
302499.292441065,4123794.852822991,2.3474846028642755,0.17096028
302499.25770535175,4123794.8887871285,2.3508371631541967,0.16851838
302499.2228347307,4123794.924620491,2.3540593832966277,0.16612952
302499.18783518474,4123794.9603279633,2.3571168664742475,0.16380392
302499.1527132795,4123794.9959151186,2.3600177824264,0.16155704
302499.11747572944,4123795.0313878,2.3627764249773713,0.15939397
302499.0821290878,4123795.066751808,2.3654099929363164,0.15732324
302499.04667867586,4123795.102011818,2.367933491489842,0.15534062
302499.01112321427,4123795.1371658924,2.3703349676281413,0.15344216
302498.9754763216,4123795.172227229,2.3726708230834492,0.15163234
302498.9397420599,4123795.207199501,2.3749601924990325,0.14990971
302498.9039237876,4123795.242085716,2.37721877500475,0.14827264
302498.86802416807,4123795.2768882113,2.3794598297393597,0.14671961
302498.8320452026,4123795.31160867,2.3816934145189252,0.14524936
302498.79598827957,4123795.3462481643,2.3839466971169627,0.14386380
302498.75985424366,4123795.3808072144,2.386214924319074,0.14256137
302498.72364349046,4123795.415285878,2.388486885880241,0.14134005
302498.6873560892,4123795.4496838725,2.3907643601125343,0.14020055
302498.65099193854,4123795.484000733,2.3930514345244953,0.13914404
302498.61455096776,4123795.518236025,2.3953552742761746,0.13817208
302498.57802879915,4123795.552384688,2.397666288528396,0.13728739
302498.5414276168,4123795.5864486373,2.400007658541573,0.13649513
302498.50475018803,4123795.620430461,2.402410415588929,0.13579220
302498.4679960889,4123795.654329332,2.4048945843219682,0.13517719
302498.4311643765,4123795.688143848,2.4074804848126714,0.13464752
302498.39425351465,4123795.72187194,2.4101886696698545,0.13419483
302498.35726132116,4123795.755510803,2.4130437377629255,0.13381089
302498.32018493634,4123795.789056844,2.4161068805335137,0.13348695
302498.28302080923,4123795.822505653,2.419353436814241,0.13321375
302498.2457647042,4123795.855851989,2.422790901659319,0.13298177
302498.2084117342,4123795.889089797,2.426420103691267,0.13278142
302498.1709564243,4123795.922212261,2.4302294018161095,0.13260320
302498.13339187467,4123795.955210815,2.43418456537043,0.13243727
302498.0957030548,4123795.988067361,2.438198186049507,0.13227600
302498.0578925517,4123796.0207837573,2.442256415200829,0.13210931
302498.0199547073,4123796.0533523574,2.4463044801405958,0.13193000
302497.9818849665,4123796.085766642,2.4502883425510453,0.13173211
302497.9436806981,4123796.118022228,2.454162846937472,0.13151141
302497.90534232336,4123796.150118289,2.457899320784936,0.13126612
302497.8668727651,4123796.182057001,2.4614845793884044,0.13099640
302497.82827653707,4123796.213842537,2.4649173866438914,0.13070370
302497.7895590494,4123796.245480276,2.4682055289713944,0.13039004
302497.7507260852,4123796.2769761938,2.471377545716977,0.13005750
302497.71178340836,4123796.3083363827,2.474454357086694,0.12970758
302497.67273647856,4123796.3395666936,2.4774451044627663,0.12934613
302497.6335902429,4123796.370672461,2.4803759644113628,0.12896915
302497.5943489883,4123796.4016582943,2.483275644175102,0.12857622
302497.5550162396,4123796.4325279263,2.486174079406162,0.12816731
302497.515591975,4123796.4632806065,2.489087879910065,0.12774022
302497.47607790516,4123796.4939178005,2.4920464777758697,0.12729422
302497.43647768494,4123796.524443539,2.4950945093426986,0.12683030
302497.39679110085,4123796.554856893,2.498261469945353,0.12634704
302497.3570170316,4123796.5851557287,2.501574852941455,0.12584272
302497.31715346186,4123796.615336696,2.505060134060834,0.12531527
302497.2771975096,4123796.645395234,2.508739902507709,0.12476229
302497.237145465,4123796.675325594,2.512632756662026,0.12418247
302497.1969928494,4123796.705120878,2.5167519243820236,0.12357400
302497.15673449764,4123796.73477312,2.521103612919542,0.12293058
302497.11636466667,4123796.7642733944,2.5257675703423192,0.12224814
302497.07587718,4123796.793611976,2.530657256827222,0.12152201
302497.03526561474,4123796.8227785667,2.535732762981762,0.12074686
302496.9945235362,4123796.8517625947,2.540934810378768,0.11991655
302496.95364478754,4123796.8805536027,2.5461906994659964,0.11902446
302496.9126238442,4123796.90914175,2.551422274773055,0.11806394
302496.87144151464,4123796.9374969215,2.5564701510402945,0.11701755
302496.83010879566,4123796.9656322976,2.5613371829253326,0.11589061
302496.7886263668,4123796.9935463634,2.565978466921301,0.11468069
302496.74699857837,4123797.0212431215,2.5703698514033424,0.11338860
302496.7052320065,4123797.048730126,2.574544473140773,0.11201902
302496.66333440394,4123797.0760170068,2.5784922097890135,0.11057300
302496.6213139866,4123797.1031144266,2.5821935889657954,0.10905502
302496.57917896134,4123797.130033361,2.5856649391110653,0.10746994
302496.5369372251,4123797.156784611,2.58892641325471,0.10582267
302496.4945961797,4123797.183378482,2.5919988324083065,0.10411807
302496.45215594996,4123797.209813816,2.594862533242835,0.10235527
302496.4096255885,4123797.2361038555,2.5975516694867107,0.10054098
302496.3670157463,4123797.2622648347,2.6001152489677786,0.09868352
302496.324331078,4123797.2883035275,2.6025677154723583,0.09678649
302496.28157568345,4123797.3142259233,2.604942038927623,0.09485309
302496.2387531828,4123797.340037323,2.607215183864361,0.09288621
302496.1958667518,4123797.3657423803,2.609379594253973,0.09088976
302496.15291917697,4123797.391345172,2.611431345249428,0.08886526
302496.10991298204,4123797.416849401,2.613365018684639,0.08681385
302496.06685063976,4123797.4422587394,2.6151750431266487,0.08473765
302496.02373088326,4123797.467570527,2.6168329025258426,0.08263578
302495.9805611069,4123797.4927968946,2.6183638212803095,0.08051505
302495.93734532344,4123797.5179443546,2.6197757415558187,0.07837963
302495.8940867075,4123797.5430180593,2.6210716262038054,0.07623324
302495.8507884442,4123797.568023238,2.6222554433559155,0.07407986
302495.80745368137,4123797.59296511,2.623332220145804,0.07192373
302495.7640854873,4123797.617848812,2.624307784179335,0.06976924
302495.72068681516,4123797.6426793234,2.625188503537941,0.06762095
302495.677260474,4123797.6674614167,2.625981045158492,0.06548379
302495.63380911073,4123797.6921996144,2.6266921845585474,0.06336535
302495.59033519734,4123797.7168981647,2.6273286407971668,0.06126718
302495.5468410244,4123797.741561022,2.6278969453706518,0.05919344
302495.5033287001,4123797.7661918434,2.628403367895094,0.05714784
302495.4598001526,4123797.790793984,2.6288538317237014,0.05513325
302495.41625713697,4123797.8153705103,2.62925388161402,0.05315138
302495.3727012426,4123797.8399242056,2.629608656936283,0.05120291
302495.3291339046,4123797.86445759,2.6299228938512815,0.04928782
302495.28555641335,4123797.888972936,2.630200921923066,0.04740564
302495.2419699251,4123797.913472283,2.630446675466492,0.04555560
302495.1983754735,4123797.9379574573,2.6306637163434687,0.04373684
302495.154773981,4123797.962430091,2.630855257935922,0.04194845
302495.11116626795,4123797.9868916394,2.631024187331424,0.04018959
302495.0675530639,4123798.0113433963,2.631173086123365,0.03845958
302495.0239350166,4123798.035786513,2.631304264774447,0.03675789
302494.9803126996,4123798.0602220087,2.631419785720101,0.03508520
302494.93668662064,4123798.084650787,2.631521480516585,0.03344151
302494.89305722807,4123798.1090736473,2.6316109687244644,0.03182606
302494.849424918,4123798.133491295,2.631689689847021,0.03023942
302494.80579004064,4123798.1579043544,2.6317589270566915,0.02868244
302494.7621529048,4123798.182313377,2.6318198146093827,0.02715630
302494.71851378214,4123798.206718847,2.631873344145633,0.02566244
302494.6748729121,4123798.231121192,2.6319203929747883,0.02420261
302494.6312305065,4123798.2555207913,2.631961751238155,0.02277882
302494.58758675115,4123798.279917976,2.6319980975184385,0.02139336
302494.54394180875,4123798.304313037,2.6320300300185933,0.02004873
302494.5002958229,4123798.3287062314,2.6320580839320766,0.01874760
302494.45664892084,4123798.3530977857,2.6320827233288884,0.01749278
302494.4130012137,4123798.3774878997,2.632104368265182,0.01628711
302494.36935279844,4123798.4018767467,2.6321233705115,0.01513334
302494.3257037622,4123798.426264482,2.6321400595275932,0.01403406
302494.2820541807,4123798.4506512415,2.632154719190954,0.01299723
302494.2384041196,4123798.475037142,2.6321675884886835,0.01201913
302494.19475363806,4123798.499422291,2.6321788980540455,0.01110001
302494.15110278694,4123798.5238067773,2.6321888312408457,0.01023862
302494.1074516116,4123798.548190684,2.6321975549037027,0.00943282
302494.0638001514,4123798.5725740804,2.632205213453581,0.00867989
302494.0201484407,4123798.5969570284,2.632211937122739,0.00797690
302493.9764965104,4123798.6213395833,2.632217846750489,0.00732084
302493.9328443864,4123798.6457217913,2.632223025546333,0.00670875
302493.8891920925,4123798.6701036952,2.6322275743607504,0.00613786
302493.8455396504,4123798.6944853337,2.632231571750415,0.00560838
302493.801887078,4123798.718866739,2.632235083568027,0.00511677
302493.75823439076,4123798.743247939,2.6322381644014192,0.00465874
302493.71458160237,4123798.767628957,2.632240862345733,0.00423247
302493.6709287262,4123798.792009819,2.6322432347833913,0.00383636
302493.62727577187,4123798.81639054,2.632245312642004,0.00346901
302493.5836227492,4123798.840771139,2.632247135886492,0.00312916
302493.53996966686,4123798.865151631,2.6322487372382835,0.00281573
302493.4963165322,4123798.88953203,2.6322501446842557,0.00252774
302493.45266335196,4123798.913912347,2.632251380375507,0.00226421
302493.40901013144,4123798.938292592,2.6322524674587604,0.00202579
302493.3653568754,4123798.962672773,2.6322534188894617,0.00180933
302493.321703588,4123798.987052898,2.63225425507849,0.00161315
302493.278050273,4123799.0114329737,2.63225498600003,0.00143589
302493.23439693404,4123799.0358130066,2.632255625507951,0.00127620
302493.1907435744,4123799.060193002,2.632256186003178,0.00113273
302493.14709019597,4123799.0845729643,2.632256670112189,0.00100416
302493.1034368017,4123799.108952898,2.6322570998257224,0.00088919
302493.05978339294,4123799.1333328057,2.6322574726798376,0.00078660
302493.01612997183,4123799.1577126915,2.632257803463546,0.00069523
302492.97247654,4123799.182092558,2.6322580953721073,0.00061398
302492.92882309906,4123799.206472408,2.6322583548833607,0.00054185
302492.88516965037,4123799.2308522444,2.6322585907355807,0.00047789
302492.8415161936,4123799.2552320664,2.6322587935739996,0.00042124
302492.7978627307,4123799.279611877,2.6322589725428074,0.00037113
302492.7542092617,4123799.303991677,2.6322591288182213,0.00032684
302492.71055578743,4123799.3283714675,2.6322592647642704,0.00028772
302492.66690230876,4123799.35275125,2.6322593865184425,0.00025320
302492.6232488258,4123799.377131025,2.6322594872606544,0.00022276
302492.5795953395,4123799.401510794,2.6322595779087568,0.00019592
302492.5359418506,4123799.4258905584,2.6322596620935785,0.00017228
302492.49228835874,4123799.4502703175,2.632259730324021,0.00015146
302492.4486348649,4123799.474650073,2.632259791079165,0.00013313
302492.40498136845,4123799.4990298236,2.632259841399236,0.00011700
302492.36132787087,4123799.5234095724,2.6322598911076773,0.00010281
302492.31767437165,4123799.547789318,2.6322599362042616,0.00009033
302492.2740208704,4123799.5721690604,2.63225997696752,0.00007936
302492.2303673687,4123799.5965488018,2.632260014579763,0.00006971
302492.1867138661,4123799.6209285413,2.6322600468240496,0.00006123
302492.1430603624,4123799.645308279,2.6322600724818606,0.00005378
302492.09940685757,4123799.669688015,2.6322600938873673,0.00004723
302492.0557533516,4123799.6940677487,2.63226011013948,0.00004148
302492.0120998446,4123799.7184474804,2.63226012128302,0.00003642
302491.9684463374,4123799.742827212,2.6322601350156063,0.00003198
302491.9247928301,4123799.767206943,2.6322601495966484,0.00002808
302491.8811393225,4123799.7915866743,2.632260166974713,0.00002465
302491.83748581464,4123799.8159664045,2.6322601844926288,0.00002164
302491.79383230634,4123799.8403461343,2.6322601987236847,0.00001900
302491.75017879764,4123799.864725863,2.6322602095864207,0.00001668
302491.7065252886,4123799.889105591,2.6322602156095893,0.00001464
302491.66287177894,4123799.9134853184,2.6322602205818995,0.00001285
302491.6192182689,4123799.937865045,2.632260221010266,0.00001128
302491.5755647586,4123799.9622447705,2.6322602180074584,0.00000990
302491.53191124834,4123799.9866244965,2.6322602175876915,0.00000869
302491.48825773806,4123800.0110042226,2.6322602161894038,0.00000763
302491.44460422796,4123800.035383949,2.6322602175866647,0.00000669
302491.4009507178,4123800.059763675,2.6322602178362784,0.00000587
302491.35729720764,4123800.0841434016,2.6322602193159343,0.00000515
302491.31364369765,4123800.108523128,2.6322602210368435,0.00000452
302491.26999018755,4123800.132902854,2.632260221392515,0.00000397
302491.2263366773,4123800.1572825806,2.6322602228774743,0.00000348
302491.1826831671,4123800.1816623067,2.632260222951722,0.00000305
302491.1390296568,4123800.2060420327,2.6322602227756833,0.00000268
302491.09537614655,4123800.2304217587,2.632260222856757,0.00000235
302491.05172263633,4123800.2548014848,2.6322602228608107,0.00000206
302491.00806912605,4123800.279181211,2.6322602213039628,0.00000180
302490.9644156157,4123800.303560937,2.632260220956494,0.00000158
302490.9207621055,4123800.327940663,2.6322602195618203,0.00000139
302490.87710859533,4123800.352320389,2.6322602194022116,0.00000122
302490.833455085,4123800.376700115,2.632260217747305,0.00000107
302490.7898015748,4123800.401079841,2.6322602174848084,0.00000093
302490.7461480647,4123800.4254595675,2.632260217561559,0.00000082
302490.7024945545,4123800.4498392935,2.6322602160982216,0.00000072
302490.65884104435,4123800.47421902,2.632260217222603,0.00000063
302490.61518753425,4123800.498598746,2.632260215991398,0.00000055
302490.57153402414,4123800.5229784725,2.6322602158399624,0.00000048
302490.52788051404,4123800.5473581986,2.6322602158323907,0.00000042
302490.4842270039,4123800.571737925,2.632260215652261,0.00000037
302490.44057349383,4123800.5961176516,2.632260215643255,0.00000032
302490.39691998373,4123800.6204973776,2.6322602143553806,0.00000028
302490.3532664736,4123800.644877104,2.632260215488535,0.00000024
302490.3096129636,4123800.6692568306,2.6322602156350685,0.00000021
302490.2659594535,4123800.6936365566,2.632260215822146,0.00000019
302490.22230594343,4123800.718016283,2.6322602159213755,0.00000016
302490.1786524334,4123800.7423960096,2.632260215926337,0.00000014
302490.1349989233,4123800.766775736,2.6322602158367094,0.00000012
302490.09134541324,4123800.791155462,2.632260215922104,0.00000010
302490.04769190314,4123800.8155351887,2.6322602158364976,0.00000009
302490.0040383929,4123800.8399149147,2.632260214275167,0.00000008
302489.9603848828,4123800.864294641,2.6322602141971005,0.00000007
302489.91673137277,4123800.8886743677,2.632260215480621,0.00000006
302489.8730778627,4123800.913054094,2.632260215544797,0.00000005
302489.8294243526,4123800.93743382,2.632260214170706,0.00000004
302489.7857708426,4123800.9618135467,2.632260214191877,0.00000004
302489.7421173325,4123800.986193273,2.632260214192936,0.00000003
302489.6984638224,4123801.0105729997,2.6322602154804127,0.00000002
302489.6548103124,4123801.0349527257,2.6322602142573626,0.00000002
302489.61115680233,4123801.0593324522,2.63226021419621,0.00000002
302489.5675032923,4123801.0837121787,2.6322602142830283,0.00000001
302489.5238497822,4123801.1080919052,2.6322602154849175,0.00000001
302489.48019627214,4123801.1324716317,2.6322602155450117,0.00000001
302489.43654276204,4123801.156851358,2.6322602157277677,0.00000000
302489.392889252,4123801.1812310843,2.632260215826781,0.00000000
302489.34923574195,4123801.205610811,2.6322602159216073,0.00000001
302489.30558223184,4123801.2299905373,2.632260217123897,0.00000000
302489.2619287218,4123801.2543702633,2.632260215986463,0.00000000
302489.21827521175,4123801.27874999,2.632260215929591,0.00000000
302489.17462170153,4123801.303129716,2.632260214369697,0.00000000
302489.1309681914,4123801.3275094423,2.6322602142917026,0.00000000
302489.0873146813,4123801.351889169,2.632260215485351,0.00000000
302489.0436611713,4123801.376268895,2.6322602142576095,0.00000000
302489.0000076612,4123801.4006486214,2.632260214106347,0.00000000
302488.95635415113,4123801.425028348,2.6322602141886593,0.00000000
302488.9127006411,4123801.4494080744,2.632260215480199,0.00000000
302488.869047131,4123801.473787801,2.632260215544776,0.00000000
302488.82539362094,4123801.498167527,2.632260214260581,0.00000000
302488.7817401109,4123801.5225472534,2.632260214196371,0.00000000
302488.73808660085,4123801.54692698,2.6322602141931606,0.00000001
302488.69443309074,4123801.5713067064,2.6322602156601755,0.00000000
302488.6507795807,4123801.5956864324,2.632260215913277,0.00000000
302488.6071260706,4123801.620066159,2.632260215836056,0.00000000
302488.56347256055,4123801.6444458854,2.6322602158321953,0.00000000
302488.5198190505,4123801.668825612,2.6322602159218778,0.00000000
302488.47616554046,4123801.6932053384,2.632260217213786,0.00000001
302488.43251203024,4123801.7175850645,2.6322602158112067,0.00000000
302488.3888585201,4123801.7419647905,2.632260214273902,0.00000000
302488.34520501003,4123801.766344517,2.632260214197037,0.00000000
302488.3015515,4123801.7907242435,2.632260215480618,0.00000000
302488.2578979899,4123801.81510397,2.6322602155447967,0.00000000
302488.21424447984,4123801.839483696,2.6322602142605818,0.00000000
302488.17059096973,4123801.8638634225,2.632260214196371,0.00000000
302488.1269374597,4123801.888243149,2.6322602154805845,0.00000001
302488.08328394964,4123801.9126228755,2.6322602155447954,0.00000000
302488.0396304396,4123801.9370026016,2.6322602143504574,0.00000000
302487.9959769295,4123801.961382328,2.632260214200865,0.00000001
302487.95232341945,4123801.9857620546,2.6322602141933853,0.00000000
302487.90866990935,4123802.010141781,2.63226021539056,0.00000000
302487.8650163993,4123802.034521507,2.632260214432621,0.00000000
302487.82136288926,4123802.0589012336,2.632260215851899,0.00000000
302487.77770937915,4123802.08328096,2.6322602158329875,0.00000000
302487.7340558691,4123802.1076606866,2.632260215832042,0.00000000
302487.69040235906,4123802.132040413,2.632260217209294,0.00000000
302487.646748849,4123802.156420139,2.632260215990733,0.00000001
302487.6030953388,4123802.1807998656,2.632260215660178,0.00000000
302487.55944182863,4123802.2051795917,2.632260214266351,0.00000001
302487.5157883186,4123802.229559318,2.6322602141966596,0.00000000
302487.47213480854,4123802.2539390447,2.6322602154805987,0.00000000
302487.42848129844,4123802.2783187707,2.632260214257372,0.00000000
302487.3848277884,4123802.302698497,2.6322602141962106,0.00000000
302487.34117427835,4123802.3270782237,2.6322602142830283,0.00000000
302487.29752076825,4123802.35145795,2.6322602154849175,0.00000000
302487.2538672582,4123802.3758376767,2.6322602155450117,0.00000000
302487.21021374816,4123802.4002174027,2.6322602142605924,0.00000000
302487.16656023805,4123802.424597129,2.632260214196372,0.00000000
302487.122906728,4123802.4489768557,2.632260215660336,0.00000000
302487.0792532179,4123802.473356582,2.632260217110834,0.00000000
302487.03559970786,4123802.4977363083,2.632260215895934,0.00000000
302486.9919461978,4123802.5221160348,2.632260215925065,0.00000000
302486.94829268777,4123802.5464957613,2.6322602159265216,0.00000001
302486.90463917766,4123802.5708754878,2.6322602158367188,0.00000000
302486.8609856675,4123802.595255214,2.6322602156524777,0.00000000
302486.81733215734,4123802.61963494,2.632260214265966,0.00000000
302486.7736786473,4123802.6440146663,2.6322602141966405,0.00000000
302486.7300251372,4123802.668394393,2.632260214193174,0.00000001
302486.68637162715,4123802.6927741193,2.6322602154804247,0.00000000
302486.6427181171,4123802.717153846,2.6322602155447874,0.00000000
302486.59906460706,4123802.741533572,2.632260214350457,0.00000000
302486.55541109695,4123802.7659132984,2.6322602142008646,0.00000000
302486.5117575869,4123802.790293025,2.6322602141933853,0.00000000
302486.4681040768,4123802.8146727514,2.6322602154804353,0.00000000
302486.42445056676,4123802.8390524774,2.632260214257364,0.00000000
302486.3807970567,4123802.863432204,2.63226021419621,0.00000000
302486.3371435466,4123802.8878119304,2.6322602141931526,0.00000000
302486.29349003657,4123802.912191657,2.632260215660175,0.00000000
302486.2498365265,4123802.9365713834,2.632260217200701,0.00000000
302486.2061830164,4123802.9609511094,2.6322602159004274,0.00000000
302486.1625295064,4123802.985330836,2.632260215835414,0.00000000
302486.1188759963,4123803.0097105624,2.632260215922039,0.00000001
302486.0752224862,4123803.034090289,2.632260217123919,0.00000000
302486.03156897606,4123803.058470015,2.6322602157168378,0.00000000
302485.9879154659,4123803.082849741,2.6322602142691838,0.00000000
302485.94426195585,4123803.1072294675,2.6322602141968012,0.00000000
302485.9006084458,4123803.131609194,2.6322602142830576,0.00000000
302485.8569549357,4123803.1559889205,2.632260215484919,0.00000001
302485.81330142566,4123803.1803686465,2.632260214257588,0.00000000
302485.7696479156,4123803.204748373,2.6322602141962212,0.00000000
302485.7259944055,4123803.2291280995,2.632260214193153,0.00000000
302485.68234089547,4123803.253507826,2.6322602154804238,0.00000000
302485.63868738536,4123803.2778875525,2.632260215544787,0.00000000
302485.5950338753,4123803.3022672785,2.6322602142605813,0.00000000
302485.5513803653,4123803.326647005,2.632260214196371,0.00000000
302485.5077268552,4123803.3510267315,2.63226021557046,0.00000000
302485.4640733451,4123803.375406458,2.6322602157290405,0.00000000
302485.4204198351,4123803.399786184,2.63226021591672,0.00000000
302485.376766325,4123803.4241659106,2.6322602158362285,0.00000000
302485.33311281493,4123803.448545637,2.632260215832204,0.00000000
302485.2894593049,4123803.4729253636,2.632260215921878,0.00000000
302485.2458057948,4123803.4973050896,2.6322602158364865,0.00000000
302485.2021522846,4123803.521684816,2.632260215652466,0.00000000
302485.15849877446,4123803.546064542,2.6322602142659655,0.00000000
302485.1148452644,4123803.5704442686,2.6322602141966405,0.00000000
302485.07119175437,4123803.594823995,2.632260215480598,0.00000000
302485.02753824426,4123803.6192037216,2.632260215544796,0.00000001
302484.9838847342,4123803.6435834477,2.6322602142605818,0.00000000
302484.9402312242,4123803.667963174,2.632260214196371,0.00000000
302484.89657771407,4123803.6923429007,2.6322602141931606,0.00000000
302484.852924204,4123803.716722627,2.632260215480424,0.00000000
302484.809270694,4123803.741102353,2.632260214347239,0.00000000
302484.7656171839,4123803.7654820797,2.632260214200704,0.00000000
302484.72196367383,4123803.789861806,2.6322602156605526,0.00000000
302484.6783101638,4123803.8142415327,2.6322602159132957,0.00000000
302484.6346566537,4123803.838621259,2.6322602171234815,0.00000000
302484.59100314364,4123803.8630009852,2.632260215986442,0.00000000
302484.54734963353,4123803.8873807117,2.6322602158397146,0.00000000
302484.5036961235,4123803.9117604382,2.6322602158323782,0.00000000
302484.4600426133,4123803.9361401643,2.632260215742136,0.00000000
302484.41638910316,4123803.9605198908,2.632260215557873,0.00000000
302484.3727355931,4123803.984899617,2.6322602142612355,0.00000000
302484.329082083,4123804.0092793433,2.6322602141964038,0.00000001
302484.28542857297,4123804.03365907,2.6322602141931624,0.00000000
302484.2417750629,4123804.0580387963,2.632260215480424,0.00000000
302484.1981215528,4123804.0824185223,2.6322602142573635,0.00000000
302484.1544680428,4123804.106798249,2.63226021419621,0.00000000
302484.11081453273,4123804.1311779753,2.6322602141931526,0.00000000
302484.0671610226,4123804.155557702,2.6322602154804238,0.00000000
302484.0235075126,4123804.1799374283,2.632260215544787,0.00000000
302483.97985400254,4123804.2043171544,2.6322602142605813,0.00000000
302483.93620049243,4123804.228696881,2.632260214196371,0.00000000
302483.8925469824,4123804.2530766074,2.6322602141931606,0.00000000
302483.84889347234,4123804.277456334,2.632260215480424,0.00000000
302483.80523996224,4123804.30183606,2.632260214347239,0.00000000
302483.7615864522,4123804.3262157864,2.63226021584763,0.00000000
302483.71793294215,4123804.350595513,2.6322602159226496,0.00000000
302483.67427943205,4123804.3749752394,2.632260215836525,0.00000000
302483.630625922,4123804.399354966,2.6322602172095184,0.00000000
302483.58697241195,4123804.423734692,2.632260215990744,0.00000001
302483.5433189018,4123804.4481144184,2.6322602157500543,0.00000000
302483.4996653916,4123804.4724941445,2.632260214180969,0.00000001
302483.4560118815,4123804.496873871,2.6322602154798145,0.00000000
302483.4123583715,4123804.5212535975,2.6322602155447568,0.00000000
302483.3687048614,4123804.5456333235,2.63226021426058,0.00000000
302483.32505135133,4123804.57001305,2.632260214196371,0.00000000
302483.2813978413,4123804.5943927765,2.6322602141931606,0.00000000
302483.23774433124,4123804.618772503,2.6322602155703,0.00000000
302483.19409082114,4123804.643152229,2.632260214261857,0.00000000
302483.1504373111,4123804.6675319555,2.632260214196435,0.00000000
302483.106783801,4123804.691911682,2.6322602141931637,0.00000000
302483.06313029095,4123804.7162914085,2.6322602155703,0.00000000
302483.0194767809,4123804.740671135,2.6322602171962073,0.00000000
302482.9758232708,4123804.765050861,2.632260215900203,0.00000000
302482.93216976075,4123804.7894305876,2.6322602158354025,0.00000000
302482.8885162507,4123804.813810314,2.632260215922038,0.00000000
302482.8448627406,4123804.8381900406,2.6322602158364945,0.00000000
302482.8012092305,4123804.8625697666,2.632260215742342,0.00000000
302482.7575557203,4123804.8869494926,2.632260214270459,0.00000000
302482.71390221023,4123804.911329219,2.632260214196865,0.00000000
302482.6702487002,4123804.9357089456,2.632260214283061,0.00000000
302482.6265951901,4123804.960088672,2.632260215484919,0.00000000
302482.58294168004,4123804.9844683986,2.632260215545012,0.00000000
302482.53928817,4123805.0088481246,2.632260214350468,0.00000000
302482.4956346599,4123805.033227851,2.6322602142008655,0.00000000
302482.45198114985,4123805.0576075776,2.6322602154808092,0.00000000
302482.40832763974,4123805.081987304,2.6322602154549313,0.00000000
302482.3646741297,4123805.10636703,2.6322602142560885,0.00000000
302482.32102061965,4123805.1307467567,2.6322602141961466,0.00000000
302482.27736710955,4123805.155126483,2.6322602141931495,0.00000000
302482.2337135995,4123805.1795062097,2.632260215570299,0.00000000
302482.19006008946,4123805.2038859357,2.632260215908783,0.00000000
302482.1464065794,4123805.228265662,2.632260215925707,0.00000001
302482.1027530693,4123805.2526453887,2.632260215836678,0.00000000
302482.05909955926,4123805.277025115,2.632260215922102,0.00000000
302482.01544604916,4123805.3014048417,2.632260217123922,0.00000000
302481.97179253906,4123805.3257845677,2.6322602158067134,0.00000000
302481.92813902884,4123805.350164294,2.6322602142736775,0.00000000
302481.8844855188,4123805.3745440203,2.632260214197026,0.00000000
302481.84083200875,4123805.398923747,2.632260215570493,0.00000000
302481.79717849864,4123805.4233034733,2.6322602155492905,0.00000000
302481.7535249886,4123805.4476831993,2.6322602142608065,0.00000000
302481.70987147855,4123805.472062926,2.6322602141963825,0.00000000
302481.66621796845,4123805.4964426523,2.632260214193161,0.00000000
302481.6225644584,4123805.520822379,2.632260215480424,0.00000000
302481.5789109483,4123805.545202105,2.632260214167488,0.00000000
302481.53525743826,4123805.5695818313,2.6322602141917164,0.00000000
302481.4916039282,4123805.593961558,2.632260214192928,0.00000000
302481.44795041817,4123805.6183412843,2.632260215570288,0.00000000
302481.40429690806,4123805.642721011,2.632260215639156,0.00000000
302481.360643398,4123805.667100737,2.6322602158223503,0.00000000
302481.316989888,4123805.6914804634,2.6322602159213857,0.00000001
302481.27333637787,4123805.71586019,2.6322602158364616,0.00000000
302481.2296828678,4123805.7402399164,2.6322602159220914,0.00000000
302481.1860293577,4123805.7646196424,2.632260215836497,0.00000000
302481.1423758476,4123805.788999369,2.6322602157423423,0.00000000
302481.09872233745,4123805.813379095,2.632260214360335,0.00000000
302481.05506882735,4123805.8377588214,2.632260214201359,0.00000000
302481.0114153173,4123805.862138548,2.632260215480834,0.00000000
302480.9677618072,4123805.8865182744,2.6322602154549326,0.00000001
302480.92410829716,4123805.9108980005,2.6322602142560885,0.00000000
302480.8804547871,4123805.935277727,2.6322602141961466,0.00000000
302480.836801277,4123805.9596574535,2.6322602154805734,0.00000000
302480.79314776696,4123805.98403718,2.6322602155447945,0.00000000
302480.7494942569,4123806.008416906,2.6322602142605818,0.00000000
302480.7058407469,4123806.0327966325,2.6322602142862466,0.00000000
302480.66218723677,4123806.057176359,2.632260215574954,0.00000000
302480.6185337267,4123806.0815560855,2.632260215909016,0.00000000
302480.5748802166,4123806.1059358115,2.6322602158358435,0.00000000
302480.5312267066,4123806.130315538,2.6322602158321846,0.00000000
302480.48757319653,4123806.1546952645,2.6322602159218773,0.00000000
302480.4439196864,4123806.179074991,2.6322602158364865,0.00000000
302480.4002661763,4123806.203454717,2.632260215832217,0.00000000
302480.3566126661,4123806.2278344436,2.632260215562377,0.00000000
302480.31295915606,4123806.2522141696,2.632260214261461,0.00000000
302480.269305646,4123806.276593896,2.632260214196415,0.00000000
302480.2256521359,4123806.3009736226,2.632260214193163,0.00000000
302480.18199862586,4123806.325353349,2.632260215480424,0.00000000
302480.13834511576,4123806.349733075,2.6322602142573635,0.00000000
302480.0946916057,4123806.3741128016,2.63226021419621,0.00000000
302480.05103809567,4123806.398492528,2.6322602141931526,0.00000000
302480.0073845856,4123806.4228722546,2.6322602155702994,0.00000000
302479.9637310755,4123806.447251981,2.632260215549281,0.00000000
302479.9200775655,4123806.471631707,2.632260214260806,0.00000000
302479.8764240554,4123806.4960114337,2.632260214106507,0.00000000
302479.8327705453,4123806.52039116,2.632260215565967,0.00000000
302479.7891170353,4123806.5447708867,2.6322602171959906,0.00000000
302479.7454635252,4123806.5691506127,2.632260215900192,0.00000000
302479.70181001513,4123806.593530339,2.632260215835402,0.00000000
302479.6581565051,4123806.6179100657,2.632260215922038,0.00000000
302479.61450299504,4123806.642289792,2.632260217213794,0.00000000
302479.5708494849,4123806.666669518,2.632260215811207,0.00000000
302479.52719597466,4123806.6910492443,2.632260214273902,0.00000001
302479.4835424646,4123806.7154289708,2.632260214197037,0.00000000
302479.43988895457,4123806.7398086973,2.632260214193194,0.00000000
302479.39623544447,4123806.7641884238,2.6322602154804255,0.00000000
302479.3525819344,4123806.78856815,2.6322602142573635,0.00000000
302479.3089284244,4123806.8129478763,2.632260214286086,0.00000000
302479.2652749143,4123806.837327603,2.6322602141976463,0.00000001
302479.2216214042,4123806.8617073293,2.6322602154806485,0.00000000
302479.1779678942,4123806.886087056,2.6322602155447985,0.00000000
302479.1343143841,4123806.910466782,2.6322602142605818,0.00000000
302479.09066087403,4123806.9348465083,2.6322602142862466,0.00000001
302479.04700736393,4123806.959226235,2.632260215754705,0.00000000
302479.0033538539,4123806.9836059613,2.632260215828128,0.00000000
302478.95970034384,4123807.0079856873,2.6322602159216744,0.00000001
302478.9160468338,4123807.032365414,2.632260215926352,0.00000001
302478.8723933237,4123807.0567451403,2.63226021583671,0.00000001
302478.8287398136,4123807.081124867,2.632260215832228,0.00000000
302478.78508630337,4123807.105504593,2.6322602155623773,0.00000001
302478.7414327933,4123807.1298843194,2.632260215548885,0.00000001
302478.6977792832,4123807.1542640454,2.6322602142607865,0.00000002
302478.6541257732,4123807.178643772,2.632260214196381,0.00000002
302478.6104722631,4123807.2030234984,2.632260215480585,0.00000002
302478.566818753,4123807.227403225,2.6322602155447954,0.00000003
302478.523165243,4123807.251782951,2.6322602142605818,0.00000003
302478.47951173293,4123807.2761626774,2.632260214196371,0.00000004
302478.43585822283,4123807.300542404,2.6322602141931606,0.00000004
302478.3922047128,4123807.3249221304,2.632260215480424,0.00000005
302478.34855120274,4123807.3493018565,2.6322602142573635,0.00000006
302478.30489769264,4123807.373681583,2.63226021419621,0.00000007
302478.2612441826,4123807.3980613095,2.6322602142830283,0.00000008
302478.21759067255,4123807.422441036,2.6322602158444197,0.00000009
302478.17393716244,4123807.4468207625,2.632260217120038,0.00000011
302478.1302836524,4123807.4712004885,2.6322602158963946,0.00000012
302478.08663014235,4123807.495580215,2.632260215925088,0.00000014
302478.04297663225,4123807.5199599415,2.632260215836647,0.00000017
302477.99932312215,4123807.544339668,2.63226021574235,0.00000019
302477.9556696119,4123807.568719394,2.6322602155578836,0.00000022
302477.9120161019,4123807.59309912,2.6322602142612364,0.00000025
302477.86836259183,4123807.6174788466,2.6322602142862794,0.00000029
302477.82470908173,4123807.641858573,2.632260214197656,0.00000033
302477.7810555717,4123807.6662382996,2.632260215480649,0.00000038
302477.73740206164,4123807.690618026,2.632260215634674,0.00000044
302477.69374855154,4123807.714997752,2.6322602142650755,0.00000050
302477.6500950415,4123807.7393774786,2.6322602141965956,0.00000057
302477.6064415314,4123807.763757205,2.6322602154805956,0.00000066
302477.56278802134,4123807.7881369316,2.632260215544796,0.00000075
302477.5191345113,4123807.8125166576,2.6322602142605818,0.00000086
302477.4754810012,4123807.836896384,2.632260214196371,0.00000098
302477.43182749115,4123807.8612761106,2.63226021557046,0.00000112
302477.3881739811,4123807.885655837,2.6322602159087913,0.00000128
302477.344520471,4123807.910035563,2.632260215835832,0.00000146
302477.30086696096,4123807.9344152897,2.632260215832184,0.00000167
302477.2572134509,4123807.958795016,2.6322602158320016,0.00000190
302477.2135599408,4123807.9831747427,2.632260215652242,0.00000217
302477.1699064307,4123808.0075544687,2.632260214265954,0.00000248
302477.1262529205,4123808.031934195,2.6322602138371374,0.00000283
302477.08259941044,4123808.056313921,2.6322602108813467,0.00000322
302477.0389459004,4123808.0806936477,2.6322602090866303,0.00000368
302476.99529239035,4123808.105073374,2.632260207260093,0.00000419
302476.95163888036,4123808.1294531007,2.632260205252214,0.00000478
302476.9079853703,4123808.153832827,2.6322602018579673,0.00000545
302476.8643318603,4123808.1782125537,2.6322601981247766,0.00000622
302476.8206783505,4123808.2025922807,2.6322601929973386,0.00000709
302476.7770248407,4123808.2269720077,2.6322601890876123,0.00000808
302476.73337133095,4123808.2513517346,2.6322601823942966,0.00000921
302476.68971782137,4123808.2757314616,2.632260175382051,0.00001050
302476.6460643118,4123808.300111189,2.6322601696412824,0.00001196
302476.60241080244,4123808.3244909164,2.632260161209489,0.00001363
302476.55875729333,4123808.348870645,2.632260153930568,0.00001554
302476.5151037842,4123808.3732503727,2.6322601418583886,0.00001771
302476.47145027533,4123808.3976301015,2.632260127540117,0.00002018
302476.42779676674,4123808.4220098304,2.63226010999544,0.00002299
302476.38414325815,4123808.446389559,2.632260084234563,0.00002619
302476.3404897499,4123808.470769289,2.6322600557868214,0.00002984
302476.2968362419,4123808.495149019,2.6322600219044556,0.00003400
302476.25318273454,4123808.5195287503,2.6322599830792073,0.00003874
302476.20952922787,4123808.543908483,2.632259942270013,0.00004413
302476.16587572184,4123808.5682882164,2.632259898067769,0.00005027
302476.12222221686,4123808.592667952,2.632259853336371,0.00005727
302476.07856871287,4123808.6170476894,2.632259803997238,0.00006523
302476.03491521004,4123808.6414274285,2.6322597427194845,0.00007430
302475.9912617084,4123808.66580717,2.6322596703341152,0.00008463
302475.9476082077,4123808.690186913,2.632259585775006,0.00009640
302475.90395470813,4123808.7145666583,2.6322594886293493,0.00010980
302475.86030120985,4123808.7389464057,2.632259380703182,0.00012505
302475.816647713,4123808.763326156,2.6322592502886963,0.00014242
302475.7729942191,4123808.7877059113,2.632259108598611,0.00016219
302475.72934072814,4123808.812085672,2.6322589529895857,0.00018470
302475.68568723986,4123808.8364654374,2.632258772639016,0.00021033
302475.6420337546,4123808.860845208,2.6322585677247776,0.00023950
302475.5983802722,4123808.885224984,2.6322583246309765,0.00027270
302475.55472679465,4123808.9096047687,2.6322580570497744,0.00031047
302475.51107332157,4123808.9339845614,2.632257749825649,0.00035346
302475.46741985343,4123808.958364363,2.6322573951637414,0.00040236
302475.4237663919,4123808.982744176,2.632256999262013,0.00045798
302475.3801129368,4123809.0071240007,2.6322565436850454,0.00052124
302475.3364594901,4123809.031503841,2.632256025864139,0.00059315
302475.2928060521,4123809.055883696,2.6322554328549597,0.00067488
302475.2491526242,4123809.0802635695,2.6322547595480468,0.00076774
302475.20549920824,4123809.1046434646,2.6322539959861246,0.00087320
302475.16184580483,4123809.129023382,2.632253123465271,0.00099292
302475.11819241685,4123809.153403327,2.6322521340132035,0.00112875
302475.0745390465,4123809.1777833034,2.6322510070188185,0.00128277
302475.0308856956,4123809.202163315,2.632249719412392,0.00145727
302474.9872323669,4123809.226543366,2.632248249917824,0.00165482
302474.94357906346,4123809.250923462,2.6322465716889,0.00187825
302474.8999257885,4123809.2753036097,2.6322446553855836,0.00213064
302474.85627254617,4123809.2996838153,2.6322424669011295,0.00241536
302474.8126193417,4123809.324064089,2.632239977819889,0.00273606
302474.7689661804,4123809.34844444,2.6322371506077227,0.00309659
302474.725313068,4123809.3728248784,2.6322339251164113,0.00350102
302474.68166001176,4123809.397205417,2.6322302494991936,0.00395353
302474.6380070189,4123809.4215860697,2.632226065945519,0.00445826
302474.5943540988,4123809.4459668524,2.6322212981115243,0.00501921
302474.5507012607,4123809.470347782,2.632215862347817,0.00563991
302474.5070485157,4123809.494728878,2.6322096674837034,0.00632314
302474.46339587827,4123809.519110167,2.6322026170606945,0.00707038
302474.41974336293,4123809.5434916746,2.6321945874658224,0.00788126
302474.3760909861,4123809.56787343,2.6321854385175785,0.00875381
302474.33243876795,4123809.5922554694,2.632175024114481,0.00968513
302474.2887867303,4123809.616637832,2.6321631598000903,0.01067182
302474.2451348973,4123809.641020561,2.6321496432093654,0.01171031
302474.20148329774,4123809.6654037083,2.6321342417069635,0.01279709
302474.15783196484,4123809.6897873324,2.632116697098377,0.01392877
302474.114180935,4123809.7141714995,2.632096712510325,0.01510229
302474.07053025026,4123809.738556284,2.632073953561452,0.01631486
302474.0268799595,4123809.762941774,2.6320480356051963,0.01756410
302473.9832301169,4123809.787328066,2.6320185131491627,0.01884797
302473.93958078534,4123809.8117152727,2.63198489438942,0.02016482
302473.895932036,4123809.8361035213,2.6319466136985206,0.02151341
302473.8522839491,4123809.860492956,2.631903019261023,0.02289284
302473.808636616,4123809.884883739,2.6318533704487233,0.02430262
302473.76499014214,4123809.9092760603,2.6317968318492557,0.02574259
302473.72134464764,4123809.9336701334,2.631732450990245,0.02721296
302473.6777002677,4123809.958066201,2.6316591396149867,0.02871426
302473.63405715703,4123809.9824645384,2.631575663286824,0.03024735
302473.5904154921,4123810.0068654623,2.631480620414482,0.03181337
302473.54677547334,4123810.03126933,2.631372406438534,0.03341520
302473.5031373298,4123810.055676551,2.6312492115003603,0.03505344
302473.459501322,4123810.08008759,2.631108970945515,0.03672963
302473.4158677463,4123810.104502976,2.6309493368588295,0.03844557
302473.3722369396,4123810.1289233095,2.630767649145788,0.04020296
302473.3286092858,4123810.1533492757,2.6305608810498797,0.04200323
302473.28498522297,4123810.1777816545,2.630325610052272,0.04384727
302473.2413652481,4123810.202221331,2.630057940576679,0.04573512
302473.19774992805,4123810.2266693134,2.6297534707225303,0.04766554
302473.15413990733,4123810.2511267476,2.6294072134667235,0.04963619
302473.11053591815,4123810.2755949334,2.629013525394769,0.05164408
302473.06693879515,4123810.300075351,2.6285660365695813,0.05368575
302473.0233494857,4123810.3245696784,2.628057561536652,0.05575754
302472.97976906877,4123810.3490798236,2.6274800086991235,0.05785565
302472.93619876885,4123810.3736079484,2.626824284053718,0.05997626
302472.89263997803,4123810.398156506,2.626080190589873,0.06211556
302472.8490942762,4123810.4227282736,2.6252363224872166,0.06426976
302472.8055634572,4123810.447326397,2.6242799784050117,0.06643511
302472.76204955444,4123810.4719544323,2.6231970418822135,0.06860788
302472.71855487383,4123810.496616398,2.6219719237208268,0.07078483
302472.6750820246,4123810.5213168254,2.62058749265199,0.07296254
302472.631633959,4123810.5460608196,2.619025072470037,0.07513629
302472.5882140111,4123810.5708541186,2.6172644757841415,0.07730221
302472.54482594033,4123810.595703157,2.6152841264676328,0.07945631
302472.5014739799,4123810.6206151373,2.6130613205012665,0.08159443
302472.4581628844,4123810.645598091,2.610572632527586,0.08371217
302472.41489797895,4123810.6706609447,2.60779454698685,0.08580486
302472.3716852079,4123810.6958135725,2.604704416956192,0.08786754
302472.32853117964,4123810.7210668414,2.6012818055747675,0.08989490
302472.28544320347,4123810.7464326336,2.597510392371372,0.09188124
302472.2424293127,4123810.7719238377,2.593380585156216,0.09382047
302472.19949826464,4123810.797554295,2.5888930565122705,0.09570609
302472.1566595071,4123810.8233386865,2.584063506811078,0.09753122
302472.1139230934,4123810.8492923253,2.5789289868329934,0.09928878
302472.0712995257,4123810.875430843,2.5735563094287994,0.10097174
302472.02879949514,4123810.9017697102,2.5680361121352253,0.10257497
302471.98643347685,4123810.928323557,2.5624709825546748,0.10409061
302471.944211131,4123810.955105221,2.556964916183952,0.10551354
302471.90214043437,4123810.982124445,2.551613385734046,0.10684045
302471.860226453,4123811.009386119,2.5464930223342597,0.10807082
302471.818469637,4123811.0368879195,2.541649856814227,0.10920809
302471.77686647896,4123811.064621633,2.537102042809163,0.11025916
302471.7354109868,4123811.0925756176,2.5328482390689335,0.11123302
302471.69409575564,4123811.1207365203,2.528873932332788,0.11213997
302471.6529127388,4123811.149090456,2.525155939144693,0.11299097
302471.6118537974,4123811.177623797,2.521665565922661,0.11379718
302471.5709110859,4123811.206323696,2.5183707869737137,0.11456970
302471.53007731866,4123811.235178412,2.5152377551477882,0.11531933
302471.48934594734,4123811.2641775114,2.5122317800069904,0.11606070
302471.44871127745,4123811.2933119754,2.5093179931006446,0.11680215
302471.40816854255,4123811.322574253,2.506461811964502,0.11755027
302471.3677139469,4123811.351958273,2.5036292588015563,0.11831242
302471.32734468894,4123811.381459435,2.500787236286949,0.11909428
302471.287058969,4123811.41107458,2.49790381300861,0.11989943
302471.24685599166,4123811.44080196,2.4949275557950497,0.12072865
302471.2067359582,4123811.4706411934,2.491843226521433,0.12158024
302471.16670005186,4123811.5005932157,2.4886291764833537,0.12245069
302471.1267504165,4123811.530660218,2.4852639712289717,0.12333514
302471.08689012553,4123811.5608455786,2.4817318290766464,0.12422781
302471.04712313303,4123811.5911537646,2.4780250722436192,0.12512229
302471.0074582602,4123811.621595477,2.4741682568887273,0.12601216
302470.9678982979,4123811.6521733813,2.470167098394749,0.12689168
302470.9284486631,4123811.6828934667,2.4660572619028307,0.12775113
302470.8891157124,4123811.7137627807,2.4618946371454906,0.12858392
302470.8499057145,4123811.7447880884,2.4577439439776394,0.12938400
302470.81082435517,4123811.77597525,2.4536716456143775,0.13014623
302470.77187605185,4123811.8073283937,2.449739384619078,0.13086681
302470.7330630157,4123811.838848815,2.445997127017637,0.13154389
302470.6943839803,4123811.870533522,2.4424753722745187,0.13217833
302470.6558347813,4123811.9023760767,2.4391871147631115,0.13277326
302470.617409428,4123811.934367986,2.436132952725913,0.13333319
302470.579100885,4123811.9664996983,2.4333050249875647,0.13386338
302470.54090163583,4123811.9987612893,2.430689851277702,0.13437292
302470.50280408334,4123812.0311429324,2.4282635139893243,0.13486400
302470.4648008303,4123812.0636352147,2.426001630903353,0.13533993
302470.4268848695,4123812.096229336,2.423896889340734,0.13580431
302470.38904970983,4123812.128917233,2.4219285520951916,0.13626018
302470.3512894549,4123812.161691643,2.420075316927918,0.13671019
302470.3135988478,4123812.1945461356,2.4183162393532234,0.13715663
302470.2759747221,4123812.227476747,2.416637844125054,0.13760060
302470.2384141726,4123812.2604798516,2.41502575474886,0.13804333
302470.200911178,4123812.2935483367,2.4134482765969887,0.13848834
302470.16346325754,4123812.326679172,2.4118877165031813,0.13893724
302470.12606855546,4123812.3598700594,2.410328122145244,0.13939161
302470.0887258216,4123812.393119402,2.4087548698558736,0.13985306
302470.05143438437,4123812.426426266,2.4071548846116926,0.14032450
302470.01419412304,4123812.4597903374,2.40551673341972,0.14080732
302469.9770054348,4123812.4932118836,2.40382975737383,0.14130267
302469.9398691943,4123812.526691696,2.402081364592395,0.14181271
302469.90278670465,4123812.5602310337,2.4002347395468306,0.14233981
302469.86575963476,4123812.5938315447,2.3982978645367403,0.14288653
302469.82878993807,4123812.6274951748,2.396255199009947,0.14345562
302469.79187980585,4123812.6612241077,2.394087096636532,0.14404999
302469.7550318186,4123812.695020929,2.3917712274566965,0.14467250
302469.71824947384,4123812.72888919,2.3892848518276812,0.14532540
302469.6815419007,4123812.762838476,2.386626661754067,0.14600720
302469.64490876714,4123812.796868058,2.38374728870555,0.14672187
302469.60835556244,4123812.8309834655,2.380617168955461,0.14746915
302469.57188867923,4123812.86519111,2.377206930169117,0.14824746
302469.5355154804,4123812.899498331,2.373486892179602,0.14905343
302469.4992443665,4123812.933913439,2.3694277376123822,0.14988317
302469.4630848349,4123812.968445741,2.365001463509965,0.15072720
302469.4270475278,4123813.0031055515,2.360120254163517,0.15157639
302469.3911442656,4123813.037904177,2.354777966913437,0.15242079
302469.35538805806,4123813.0728538763,2.3489919453811536,0.15324989
302469.3197930823,4123813.1079677795,2.3427632895383574,0.15405287
302469.28437461413,4123813.1432597525,2.3361090197737635,0.15481882
302469.24914889707,4123813.178744199,2.3290700913215647,0.15553687
302469.2141470495,4123813.21444953,2.3217824944618237,0.15618808
302469.17938266415,4123813.2503860155,2.3143326452035087,0.15676479
302469.1448661827,4123813.2865605257,2.306806029299733,0.15726185
302469.11061323876,4123813.3229845227,2.2993193374629413,0.15767169
302469.0766368063,4123813.359666455,2.2919824369813107,0.15798883
302469.0429454558,4123813.3966103164,2.284885726096483,0.15821081
302469.0095410199,4123813.4338137973,2.2780405185652812,0.15833922
302468.9764192916,4123813.471269244,2.2714818072758596,0.15838252
302468.94357208745,4123813.5089657665,2.265260562505022,0.15834419
302468.91098880675,4123813.546890765,2.259365997388693,0.15823127
302468.87865759904,4123813.585031013,2.253774013768099,0.15805111
302468.84656622773,4123813.6233734074,2.248453258775635,0.15781107
302468.81471418106,4123813.661914906,2.243415240732354,0.15751348
302468.7830879415,4123813.7006418556,2.238615171406695,0.15716560
302468.7516661205,4123813.739534771,2.2339697909246206,0.15677980
302468.72044015286,4123813.7785850614,2.229443363328708,0.15636183
302468.6894028412,4123813.817785443,2.225005857598084,0.15591679
302468.6585483765,4123813.8571299,2.2206324323464073,0.15544903
302468.62787230796,4123813.8966136132,2.2162536583319175,0.15496193
302468.59737146203,4123813.9362328583,2.2119030786557703,0.15445771
302468.56704380596,4123813.975984859,2.2076059474389673,0.15393707
302468.5368882454,4123814.0158676025,2.2033837739677766,0.15340111
302468.50690433796,4123814.055879601,2.199263710304768,0.15284853
302468.4770918963,4123814.0960195735,2.1952754857820893,0.15227706
302468.44746361487,4123814.1362956823,2.1914993196916384,0.15167899
302468.41800682247,4123814.1766973394,2.1879167762164613,0.15106036
302468.38871333556,4123814.2172175213,2.184520522160139,0.15042518
302468.35957672773,4123814.2578506353,2.1813082825948755,0.14977693
302468.3305896983,4123814.298590585,2.178271803804453,0.14911995
302468.3017445659,4123814.339431129,2.1753979975007636,0.14845911
302468.2730336478,4123814.3803661466,2.17267032680708,0.14779953
302468.2444495458,4123814.4213898308,2.170052597714598,0.14714677
302468.215985359,4123814.462496823,2.1675292900837393,0.14650591
302468.1876348374,4123814.5036823046,2.1650914157776904,0.14588005
302468.1593924908,4123814.5449420554,2.1627175596359764,0.14527209
302468.13125365775,4123814.586272485,2.160386247741449,0.14468336
302468.1032145485,4123814.6276706476,2.1580771397672236,0.14411758
302468.0752768034,4123814.6691372897,2.1557890336481327,0.14356712
302468.0474369448,4123814.710669706,2.1535012071685338,0.14303123
302468.0196907289,4123814.7522647292,2.151189286146824,0.14250967
302467.99203805067,4123814.793921986,2.148846115669081,0.14200028
302467.96447952307,4123814.835641581,2.146471654365378,0.14150086
302467.9370163668,4123814.877424013,2.14407293313992,0.14100928
302467.9096502609,4123814.9192700684,2.141661316761169,0.14052352
302467.88238313614,4123814.961180685,2.1392499600987027,0.14004186
302467.8552168915,4123815.0031567607,2.136851384478773,0.13956306
302467.8281530111,4123815.0451989104,2.1344482845446575,0.13908678
302467.8011920489,4123815.0873071393,2.132068188066469,0.13861531
302467.7743333824,4123815.1294806995,2.129708840707047,0.13814887
302467.7475757817,4123815.1717184647,2.127359941814518,0.13769024
302467.72091783857,4123815.214019209,2.1250068226030314,0.13724297
302467.69435828977,4123815.2563818144,2.122631716141282,0.13681309
302467.6679034298,4123815.2988098757,2.120241405761095,0.13640084
302467.64154620393,4123815.3412986468,2.117790599501536,0.13601389
302467.61528693704,4123815.383848019,2.1152556980535437,0.13565771
302467.5891271103,4123815.4264585907,2.1126154569771165,0.13533781
302467.56306910544,4123815.4691314977,2.109849514316172,0.13505980
302467.5371162452,4123815.5118684247,2.106939141063715,0.13482933
302467.51127281284,4123815.5546716047,2.1038683353789125,0.13465186
302467.48554404645,4123815.5975438002,2.100625231942578,0.13453249
302467.4599361045,4123815.640488268,2.097203967968416,0.13447997
302467.4344559952,4123815.6835087007,2.0935569658208206,0.13449641
302467.4091114574,4123815.726609141,2.089745758921821,0.13458137
302467.3839107778,4123815.7697938574,2.0858101250391283,0.13473435
302467.35886252206,4123815.8130671736,2.0817980934301334,0.13495299
302467.33397515473,4123815.856433243,2.0777630501873374,0.13523316
302467.3092565078,4123815.8998957374,2.0737586955279963,0.13556884
302467.2847268717,4123815.943465187,2.069884143739138,0.13594657
302467.2603767116,4123815.987135159,2.0661309195459436,0.13636861
302467.23620443774,4123816.030903815,2.0625118658161536,0.13682758
302467.2122060933,4123816.0747680566,2.059029205874218,0.13732038
302467.18837616715,4123816.118724011,2.055675359530401,0.13784501
302467.1647084045,4123816.16276749,2.0524355067209052,0.13840366
302467.1411964091,4123816.206894323,2.049289595403225,0.13899534
302467.117834087,4123816.2511005886,2.0462138228434386,0.13961727
302467.0946159731,4123816.2953827744,2.0431589993499393,0.14027054
302467.07153746864,4123816.339737892,2.0400991592387805,0.14095670
302467.0485950128,4123816.384163545,2.0370201304304207,0.14167774
302467.0257862094,4123816.4286579783,2.0338910028205066,0.14243594
302467.00310991774,4123816.4732201067,2.0306798503939434,0.14323385
302466.98056631704,4123816.517849528,2.027355015380065,0.14407409
302466.95816337556,4123816.5625497317,2.0239085082464645,0.14495622
302466.9359030808,4123816.6073211306,2.0203090369346346,0.14588311
302466.91378548386,4123816.652163173,2.0165151605319696,0.14685874
302466.8918167399,4123816.6970783067,2.01250585306861,0.14788756
302466.8700043645,4123816.7420695634,2.008267326683561,0.14896611
302466.848357158,4123816.7871404993,2.0037950483569213,0.15009262
302466.8268850812,4123816.8322951086,1.9990974493121076,0.15126252
302466.8055990592,4123816.8775377013,1.9942009040631978,0.15246467
302466.7845106869,4123816.9228727426,1.9891543204962727,0.15368864
302466.7636318002,4123816.968304634,1.983970065895805,0.15492300
302466.74297386303,4123817.01383742,1.978783335836378,0.15615613
302466.7225471082,4123817.059474405,1.9736723754949725,0.15737697
302466.7023593497,4123817.10521765,1.968704685685025,0.15857583
302466.68241436407,4123817.151067322,1.9639319273931308,0.15974533
302466.6627102892,4123817.197021097,1.959382895105144,0.16088117
302466.6432564003,4123817.2430813406,1.9551199697271935,0.16197456
302466.6240252301,4123817.2892349698,1.951076771429331,0.16303538
302466.60500622436,4123817.3354764003,1.947234339691613,0.16406475
302466.58618856175,4123817.3818001146,1.9435703373309103,0.16506407
302466.56756171206,4123817.428200877,1.9400581813843223,0.16603611
302466.5491158447,4123817.4746738826,1.9366682247412732,0.16698389
302466.5308421267,4123817.521214853,1.933368708869945,0.16791047
302466.51273293537,4123817.567820095,1.930126453009912,0.16881888
302466.49478200905,4123817.6144865328,1.9269073559293073,0.16971190
302466.47698455246,4123817.661211725,1.9236492649191805,0.17059196
302466.4593373102,4123817.7079938664,1.9203270323267887,0.17146097
302466.44183861837,4123817.7548317863,1.9169176282840603,0.17232220
302466.4244884393,4123817.8017249345,1.913386331346691,0.17317416
302466.4072883841,4123817.84867337,1.909699080747623,0.17401636
302466.3902417247,4123817.8956777393,1.9058239171923765,0.17484762
302466.37336157635,4123817.9427421694,1.9017597488995615,0.17566226
302466.3566512451,4123817.9898671443,1.8974733382864557,0.17646069
302466.3401155799,4123818.0370536656,1.8929369091189476,0.17723868
302466.3237646106,4123818.0843044776,1.888145640581867,0.17799124
302466.30760969716,4123818.1316226493,1.8831103247253458,0.17871296
302466.2916632947,4123818.1790114655,1.8778627145012003,0.17939819
302466.2759385994,4123818.2264742786,1.8724574906298326,0.18004130
302466.260449031,4123818.2740143156,1.8669633577172098,0.18063702
302466.2452074921,4123818.321634428,1.8614547075542731,0.18118078
302466.2302253235,4123818.369336766,1.856003711675542,0.18166922
302466.2155108536,4123818.4171223613,1.8506663115214068,0.18210080
302466.20106740354,4123818.464990594,1.8454506831373072,0.18247909
302466.1868923752,4123818.5129390345,1.8404158227902163,0.18280656
302466.1729794134,4123818.5609642146,1.8355618817812167,0.18308894
302466.1593200306,4123818.609062175,1.830873230632214,0.18333363
302466.1459048206,4123818.6572288517,1.826324112484099,0.18354856
302466.1327261522,4123818.7054608194,1.8218873882397544,0.18374421
302466.1197856026,4123818.7537572137,1.8175590098556227,0.18391989
302466.1070625142,4123818.802111318,1.8132560023889206,0.18408669
302466.0945511447,4123818.8505206103,1.8089331383895557,0.18424880
302466.082247548,4123818.8989831074,1.8045456673232307,0.18440929
302466.070149745,4123818.9474973707,1.8000481392696555,0.18457013
302466.05825784855,4123818.9960625023,1.7953950660605376,0.18473211
302466.0465741559,4123819.0446781297,1.7905418222533842,0.18489464
302466.0351032102,4123819.0933443806,1.7854458266036053,0.18506101
302466.0238518343,4123819.1420618496,1.7800681507784955,0.18522102
302466.0128291336,4123819.1908315527,1.7743757498944843,0.18536836
302466.0020464564,4123819.2396548716,1.7683445563460825,0.18549559
302465.9915172985,4123819.2885334794,1.7619637333805753,0.18559444
302465.9812571285,4123819.337469251,1.755213840516827,0.18565610
302465.97128309857,4123819.3864641436,1.7481210990740843,0.18567299
302465.9616135974,4123819.435520057,1.7408032888924567,0.18563576
302465.9522675823,4123819.4846386537,1.733369248206802,0.18553461
302465.9432636061,4123819.5338211446,1.7259394639107293,0.18536167
302465.93461843306,4123819.583068038,1.7186365053827222,0.18511048
302465.9263537167,4123819.632380252,1.71160151032577,0.18477318
302465.91847845796,4123819.681756125,1.7049354631103957,0.18435006
302465.9109749761,4123819.73118979,1.6986493433670553,0.18385034
302465.9038302423,4123819.7806765283,1.6927607165004004,0.18328102
302465.8970269182,4123819.8302113274,1.687268801247167,0.18265281
302465.8905452735,4123819.8797892327,1.6821587602572767,0.18197758
302465.8843645917,4123819.9294055584,1.6774060674857183,0.18126764
302465.8784641868,4123819.979056006,1.6729798255190662,0.18053494
302465.8728241207,4123820.028736715,1.668845212338383,0.17979033
302465.8674256957,4123820.0784442807,1.664965276485035,0.17904298
302465.8622517797,4123820.1281757345,1.6613022434677664,0.17830405
302465.8572870068,4123820.17792852,1.6578184753233478,0.17757521
302465.852517888,4123820.2277004574,1.654477197807783,0.17686109
302465.8479328571,4123820.2774897045,1.6512430867333898,0.17616772
302465.8435222685,4123820.3272947213,1.6480827873553752,0.17549641
302465.839278361,4123820.377114229,1.6449354355199535,0.17484491
302465.83519519476,4123820.426947179,1.6417982344618904,0.17421278
302465.83126856637,4123820.4767927183,1.6386496547160074,0.17359909
302465.8274959018,4123820.5266501578,1.6354710748091938,0.17300264
302465.82387612475,4123820.576518943,1.632250641065553,0.17242208
302465.8204094977,4123820.6263986225,1.6289853843705093,0.17185612
302465.81710688054,4123820.6762894304,1.625713852379834,0.17129962
302465.8139622364,4123820.7261904296,1.6224284207546051,0.17075523
302465.81097808783,4123820.7761012684,1.6191487267412088,0.17022265
302465.8081573811,4123820.826021596,1.6158973670599217,0.16970203
302465.80550247704,4123820.8759510024,1.6126939488984737,0.16919902
302465.80301438295,4123820.925888989,1.6095512675141648,0.16871442
302465.8006917576,4123820.97583494,1.6064711933719433,0.16824873
302465.7985315601,4123821.0257881796,1.6034459856282919,0.16780621
302465.79652999033,4123821.075748029,1.6004609603083173,0.16739122
302465.7946831655,4123821.1257138443,1.5974610142908254,0.16700754
302465.79298760457,4123821.175685029,1.5944455436103975,0.16665819
302465.79144057276,4123821.225661042,1.5913962280712324,0.16634554
302465.7900403256,4123821.275641395,1.5882849361233116,0.16607113
302465.7887862804,4123821.325625644,1.5850823023994514,0.16583560
302465.78767913644,4123821.375613381,1.5817588056171747,0.16563840
302465.78673216526,4123821.425604413,1.5783210162973624,0.16547262
302465.7859411972,4123821.4755981388,1.5747190141769183,0.16533758
302465.78530926374,4123821.525594107,1.5709207735012116,0.16522960
302465.7848432064,4123821.5755918752,1.5669065010583716,0.16514386
302465.78455126414,4123821.625590943,1.562662601389662,0.16507147
302465.78444298793,4123821.6755907247,1.5581836808792418,0.16500591
302465.7845291016,4123821.7255905317,1.5534756363783526,0.16494248
302465.78482129157,4123821.775589545,1.5484804624256963,0.16487122
302465.7853319014,4123821.825586798,1.543324529197727,0.16478543
302465.78607350035,4123821.875581165,1.5380771600380956,0.16467880
302465.7870582854,4123821.9255713564,1.5328106864347273,0.16454551
302465.78829726664,4123821.9755559377,1.5299860459333685,0.16438056
302465.78979918436,4123822.0255333753,1.5249043367580783,0.16417996
302465.79159407713,4123822.0755011486,1.5199638855914939,0.16393075
302465.7936534301,4123822.1254586545,1.5173671097436812,0.16364494
302465.79596987774,4123822.175404853,1.5128343437467118,0.16332598
302465.7985338399,4123822.225338931,1.5084039557148332,0.16297872
302465.80133463437,4123822.275260276,1.5041687038024139,0.16260896
302465.8043613057,4123822.325168439,1.5019683090161686,0.16222315
302465.80760323536,4123822.375063095,1.4981036938433157,0.16182924
302465.8110505844,4123822.4249439966,1.49429537772336,0.16143287
302465.81469460984,4123822.4748109374,1.490601878010383,0.16104072
302465.81852788443,4123822.524663712,1.4869317411386702,0.16065906
302465.8225444456,4123822.5745020807,1.4832695770640407,0.16029330
302465.82673989004,4123822.624325739,1.4796239365394401,0.15994945
302465.8311216431,4123822.6741333716,1.4760258036782408,0.15962585
302465.8356854393,4123822.723924635,1.4724235696007437,0.15932011
302465.8404254065,4123822.7736994084,1.4705237924120276,0.15903176
302465.84534415725,4123822.8234568094,1.4668839550858264,0.15875592
302465.8504457807,4123822.873195772,1.4630405080571074,0.15848677
302465.85573571845,4123822.922915042,1.4590499401313677,0.15821786
302465.86122058745,4123822.9726131726,1.4549002189358535,0.15794238
302465.86690793576,4123823.022288532,1.4505833193574043,0.15765347
302465.87280590914,4123823.071939327,1.4461013879306894,0.15734438
302465.8789228026,4123823.121563642,1.4414703370781252,0.15700875
302465.8852664634,4123823.1711595096,1.4366050302860012,0.15664085
302465.89184350194,4123823.220725018,1.4315776629741221,0.15623716
302465.8986706852,4123823.270256721,1.426694440501457,0.15578847
302465.9057465951,4123823.3197534718,1.4219975658387478,0.15529354
302465.91305643134,4123823.3692161664,1.4173893502938397,0.15475761
302465.920596,4123823.4186443295,1.4128632091566677,0.15418134
302465.92836091924,4123823.4680375718,1.4084078899936419,0.15356563
302465.9363471793,4123823.5173954996,1.4040054560786224,0.15291146
302465.9445515404,4123823.566717643,1.399633427639834,0.15221980
302465.95297180227,4123823.616003395,1.3952668042325937,0.15149149
302465.96160696633,4123823.665251965,1.3908799144553177,0.15072929
302465.970457305,4123823.7144623455,1.3864482320145037,0.14993179
302465.9795243423,4123823.7636332936,1.381830781755591,0.14909902
302465.98881074303,4123823.8127633296,1.377027218449764,0.14823073
302465.9983324486,4123823.8618483283,1.3722458836893294,0.14732295
302466.0080913715,4123823.910886685,1.3674889101523835,0.14637427
302466.01808188774,4123823.9598783334,1.3649775949519414,0.14538645
302466.02830676653,4123824.008821565,1.360292082587392,0.14435788
302466.03876644565,4123824.0577151277,1.3555615430243384,0.14328754
302466.04945741344,4123824.1065586284,1.3509532456257491,0.14217576
302466.0603730394,4123824.1553524183,1.3465126443902802,0.14102374
302466.0715048039,4123824.2040973683,1.3422610513330961,0.13983312
302466.0828432312,4123824.2527946834,1.3382049965124128,0.13860586
302466.09437858866,4123824.3014457515,1.3343402154597492,0.13734404
302466.10610140173,4123824.350052017,1.3306546335418268,0.13604983
302466.118002825,4123824.398614883,1.3271306768881135,0.13472903
302466.13007490046,4123824.4471356333,1.3236891661561838,0.13338097
302466.1423136827,4123824.4956146204,1.3202435489662185,0.13200519
302466.1547194412,4123824.544051142,1.3170747700518723,0.13060093
302466.167277912,4123824.5924482746,1.3139786694256927,0.12917428
302466.17998597625,4123824.640806328,1.3109253463336583,0.12772670
302466.1928415224,4123824.6891253735,1.3078968995900757,0.12625950
302466.20584327576,4123824.7374052745,1.3048808644454775,0.12477389
302466.2189905507,4123824.7856457457,1.3018719092718605,0.00000000
302466.2322829006,4123824.833846441,1.29887457694386,0.00000000
302466.24571963464,4123824.8820070866,1.2959069498734899,0.00000000
302466.2592991578,4123824.9301276696,1.293005482253634,0.00000000
302466.2730180786,4123824.9782087044,1.2902127139021247,0.00000000
302466.28687095264,4123825.0262513263,1.2875553122926693,0.00000000
302466.3008511071,4123825.074257076,1.2850470826125355,0.00000000
302466.3149512529,4123825.1222277284,1.282692333789607,0.00000000
302466.32916393375,4123825.1701651695,1.2804884017173623,0.00000000
302466.34348185273,4123825.218071291,1.2784276798693837,0.00000000
302466.35789810354,4123825.265947921,1.2763980293227295,0.00000000
302466.3724114192,4123825.3137952164,1.2745911290951406,0.00000000
302466.38701060443,4123825.3616163763,1.2728944863140808,0.00000000
302466.4016906256,4123825.4094127794,1.2712823014257493,0.00000000
302466.4164474713,4123825.457185517,1.2697376551189998,0.00000000
302466.43127792137,4123825.5049354555,1.2682438495470056,0.00000000
302466.4461795558,4123825.552663225,1.2667842472130937,0.00000000
302466.46115075186,4123825.60036922,1.2653422901360276,0.00000000
302466.4761906779,4123825.648053591,1.2639016444226974,0.00000000
302466.491299281,4123825.6957162456,1.2624463266372696,0.00000000
302466.50647726905,4123825.7433568495,1.2609608162484638,0.00000000
302466.5217260865,4123825.7909748293,1.2594302198851077,0.00000000
302466.53704788286,4123825.838569377,1.257840521393643,0.00000000
302466.55244546867,4123825.8861394594,1.256178852050714,0.00000000
302466.56792225945,4123825.933683833,1.254433902856734,0.00000000
302466.58348219807,4123825.981201062,1.2525965199319373,0.00000000
302466.59912964987,4123826.0286895484,1.2506603905431322,0.00000000
302466.61486926477,4123826.0761475745,1.2485160986971509,0.00000000
302466.63071112765,4123826.12357157,1.2463066881141156,0.00000000
302466.64665789146,4123826.1709603886,1.2440610630471152,0.00000000
302466.6627111195,4123826.218313237,1.2417547019404056,0.00000000
302466.6788736659,4123826.2656288752,1.239421112474665,0.00000000
302466.69514664897,4123826.312906638,1.2370832001677607,0.00000000
302466.7115301277,4123826.3601462175,1.2347519227961912,0.00000000
302466.72802367306,4123826.407347478,1.2324295557941536,0.00000000
302466.7446267704,4123826.454510315,1.230112408736915,0.00000000
302466.76133909373,4123826.501634559,1.2277929188576677,0.00000000
302466.77816068335,4123826.548719914,1.225461303543152,0.00000000
302466.7950920445,4123826.5957659157,1.2231068971222738,0.00000000
302466.8121341836,4123826.642771912,1.2207193985703302,0.00000000
302466.82928858727,4123826.689737069,1.218108425952962,0.00000000
302466.8465661105,4123826.7366570774,1.2155426634880553,0.00000000
302466.8639638464,4123826.783532631,1.2129996269509653,0.00000000
302466.88148067106,4123826.8303637975,1.2104229780894926,0.00000000
302466.89911818324,4123826.877149631,1.2078295944891164,0.00000000
302466.91687700775,4123826.9238895425,1.205253372379118,0.00000000
302466.9347561427,4123826.9705835627,1.2027464919373534,0.00000000
302466.9527521091,4123827.0172326853,1.2003596391825895,0.00000000
302466.9708590777,4123827.0638388447,1.1981271639695967,0.00000000
302466.98906967405,4123827.110404623,1.1960706818393805,0.00000000
302467.00737556693,4123827.1569330343,1.1942025606854954,0.00000000
302467.0257678912,4123827.203427358,1.1924237675397853,0.00000000
302467.04424267256,4123827.249888981,1.1909282592824861,0.00000000
302467.06278622337,4123827.2963231965,1.1896887898269504,0.00000000
302467.08138668723,4123827.34273464,1.1886414555572586,0.00000000
302467.10003528016,4123827.389126766,1.1877790211004982,0.00000000
302467.11872342555,4123827.435502975,1.1870972170459761,0.00000000
302467.13744274614,4123827.481866611,1.1865923568661874,0.00000000
302467.15618504037,4123827.528220967,1.1862614604114092,0.00000000
302467.17494224804,4123827.574569291,1.1862614604114092,0.00000000
