302484.14803838794,4123804.085350277,2.5530626948047197,0.00000000
302484.1044027495,4123804.109761976,2.6276043934306306,0.00000000
302484.0607671111,4123804.1341736754,2.6313314783619264,0.00000000
302484.01713147265,4123804.1585853747,2.631517832608491,0.00000000
302483.9734958342,4123804.182997074,2.6315271502308257,0.00000000
302483.929860196,4123804.2074087732,2.631527616471916,0.00000000
302483.8862245576,4123804.2318204725,2.6315276397839704,0.00000000
302483.84258891916,4123804.256232172,2.631527640949573,0.00000000
302483.7989532807,4123804.280643871,2.631527641007853,0.00000000
302483.7553176423,4123804.3050555703,2.6315276410107673,0.00000000
302483.7116820039,4123804.3294672696,2.6315276408309263,0.00000000
302483.6680463655,4123804.353878969,2.631527640731941,0.00000000
302483.62441072706,4123804.378290668,2.6315276407269916,0.00000000
302483.58077508863,4123804.4027023674,2.6315276407267443,0.00000000
302483.5371394502,4123804.4271140667,2.631527640726732,0.00000000
302483.49350381177,4123804.451525766,2.6315276407267314,0.00000000
302483.4498681735,4123804.475937465,2.6315276409967114,0.00000000
302483.40623253514,4123804.5003491645,2.6315276411002038,0.00000000
302483.3625968967,4123804.5247608637,2.6315276411053783,0.00000000
302483.3189612583,4123804.549172563,2.6315276423925344,0.00000000
302483.27532561985,4123804.5735842623,2.631527642456892,0.00000000
302483.2316899814,4123804.5979959616,2.6315276423701164,0.00000000
302483.188054343,4123804.622407661,2.6315276423657776,0.00000000
302483.14441870456,4123804.64681936,2.6315276408086836,0.00000000
302483.1007830661,4123804.6712310594,2.631527640730829,0.00000000
302483.0571474277,4123804.695642758,2.6315276394400393,0.00000000
302483.01351178926,4123804.7200544574,2.6315276393755,0.00000000
302482.9698761509,4123804.7444661567,2.63152764065917,0.00000000
302482.92624051246,4123804.768877856,2.631527640723353,0.00000000
302482.8826048742,4123804.7932895557,2.6315276422834395,0.00000000
302482.8389692358,4123804.817701255,2.6315276423614438,0.00000000
302482.79533359734,4123804.8421129542,2.631527642365344,0.00000000
302482.7516979589,4123804.8665246535,2.631527642365539,0.00000000
302482.70806232054,4123804.8909363523,2.631527641168645,0.00000000
302482.6644266821,4123804.9153480516,2.6315276408388204,0.00000000
302482.6207910437,4123804.939759751,2.631527639445439,0.00000000
302482.57715540525,4123804.96417145,2.6315276406626666,0.00000000
302482.5335197668,4123804.9885831494,2.631527640723528,0.00000000
302482.4898841284,4123805.0129948487,2.631527640726571,0.00000000
302482.44624848996,4123805.037406548,2.6315276407267234,0.00000000
302482.4026128517,4123805.061818247,2.631527640996711,0.00000000
302482.3589772133,4123805.086229947,2.631527642387101,0.00000000
302482.3153415749,4123805.1106416457,2.63152764107973,0.00000000
302482.27170593647,4123805.135053345,2.6315276410143613,0.00000000
302482.22807029804,4123805.1594650443,2.631527641011093,0.00000000
302482.1844346596,4123805.1838767435,2.6315276407409494,0.00000000
302482.1407990212,4123805.208288443,2.631527640727442,0.00000000
302482.09716338274,4123805.232700142,2.631527640726767,0.00000000
302482.05352774437,4123805.2571118413,2.631527640726733,0.00000000
302482.00989210594,4123805.2815235406,2.6315276407267314,0.00000000
302481.9662564675,4123805.30593524,2.6315276407267314,0.00000000
302481.92262082925,4123805.330346939,2.6315276409967114,0.00000000
302481.8789851908,4123805.3547586384,2.6315276410102104,0.00000000
302481.8353495524,4123805.3791703377,2.6315276410108854,0.00000000
302481.791713914,4123805.403582037,2.6315276411009125,0.00000000
302481.7480782756,4123805.427993736,2.631527641105414,0.00000000
302481.70444263716,4123805.4524054355,2.631527640835659,0.00000000
302481.6608069987,4123805.476817135,2.6315276407321777,0.00000000
302481.6171713603,4123805.501228834,2.6315276407270036,0.00000000
302481.57353572187,4123805.5256405333,2.6315276407267447,0.00000000
302481.52990008343,4123805.5500522326,2.631527640726732,0.00000001
302481.486264445,4123805.574463932,2.6315276407267314,0.00000001
302481.44262880675,4123805.598875631,2.631527640906718,0.00000001
302481.3989931684,4123805.6232873304,2.6315276410057105,0.00000001
302481.35535752994,4123805.6476990297,2.6315276410106603,0.00000001
302481.3117218915,4123805.672110729,2.6315276410109076,0.00000000
302481.2680862531,4123805.696522428,2.6315276422978173,0.00000000
302481.22445061465,4123805.7209341275,2.631527640895279,0.00000001
302481.1808149763,4123805.7453458267,2.631527640825152,0.00000001
302481.13717933785,4123805.769757526,2.6315276407316524,0.00000001
302481.0935436994,4123805.7941692253,2.6315276407269774,0.00000000
302481.049908061,4123805.8185809245,2.6315276407267434,0.00000000
302481.00627242256,4123805.8429926233,2.631527639439835,0.00000001
302480.96263678424,4123805.867404323,2.631527640842373,0.00000000
302480.91900114587,4123805.8918160223,2.6315276410024935,0.00000001
302480.8753655075,4123805.9162277216,2.63152764238739,0.00000001
302480.83172986907,4123805.940639421,2.6315276424566347,0.00000001
302480.78809423064,4123805.96505112,2.631527642460097,0.00000000
302480.7444585922,4123805.9894628194,2.6315276409033928,0.00000001
302480.7008229538,4123806.0138745187,2.6315276407355643,0.00000001
302480.65718731534,4123806.038286218,2.631527640727173,0.00000001
302480.6135516769,4123806.0626979168,2.6315276394398563,0.00000001
302480.5699160385,4123806.087109616,2.6315276393754905,0.00000001
302480.52628040005,4123806.1115213153,2.631527639282279,0.00000001
302480.4826447618,4123806.135933015,2.6315276421213927,0.00000001
302480.4390091234,4123806.1603447143,2.631527642353342,0.00000001
302480.395373485,4123806.1847564136,2.631527642364939,0.00000001
302480.35173784656,4123806.209168113,2.631527642365519,0.00000001
302480.30810220813,4123806.233579812,2.631527642365548,0.00000001
302480.26446656976,4123806.2579915114,2.631527642275556,0.00000001
302480.2208309313,4123806.28240321,2.6315276395172758,0.00000000
302480.1771952929,4123806.3068149094,2.6315276393793616,0.00000000
302480.13355965447,4123806.3312266087,2.631527639372466,0.00000001
302480.08992401604,4123806.355638308,2.631527640659018,0.00000000
302480.0462883776,4123806.3800500073,2.6315276407233457,0.00000001
302480.0026527393,4123806.4044617065,2.6315276409065484,0.00000000
302479.959017101,4123806.4288734063,2.6315276423825926,0.00000001
302479.91538146255,4123806.4532851055,2.631527642456395,0.00000001
302479.8717458241,4123806.477696805,2.6315276424600853,0.00000001
302479.8281101857,4123806.5021085036,2.6315276411733723,0.00000001
302479.78447454725,4123806.526520203,2.63152764092905,0.00000001
302479.7408389088,4123806.550931902,2.6315276394499505,0.00000001
302479.6972032704,4123806.5753436014,2.6315276406628922,0.00000001
302479.65356763196,4123806.5997553007,2.6315276407235393,0.00000000
302479.60993199353,4123806.624167,2.631527640636578,0.00000001
302479.5662963551,4123806.648578699,2.63152764063223,0.00000001
302479.5226607168,4123806.6729903985,2.6315276408119996,0.00000001
302479.4790250785,4123806.697402098,2.631527642287872,0.00000000
302479.43538944004,4123806.721813797,2.6315276410747686,0.00000000
302479.3917538016,4123806.7462254963,2.631527641014113,0.00000000
302479.34811816324,4123806.7706371956,2.6315276411010737,0.00000001
302479.3044825248,4123806.795048895,2.631527640925435,0.00000000
302479.2608468864,4123806.819460594,2.6315276407366666,0.00000001
302479.21721124795,4123806.8438722934,2.631527640727228,0.00000001
302479.1735756095,4123806.8682839926,2.6315276407267563,0.00000000
302479.1299399711,4123806.892695692,2.6315276407267323,0.00000001
302479.08630433265,4123806.917107391,2.6315276407267314,0.00000001
302479.04266869434,4123806.9415190904,2.631527640906718,0.00000000
302478.999033056,4123806.9659307897,2.631527641095704,0.00000000
302478.9553974176,4123806.990342489,2.631527641105153,0.00000000
302478.91176177916,4123807.0147541882,2.6315276411056256,0.00000001
302478.86812614073,4123807.0391658875,2.631527641015656,0.00000001
302478.8244905023,4123807.063577587,2.6315276409211643,0.00000001
302478.7808548639,4123807.087989286,2.631527640736453,0.00000001
302478.73721922544,4123807.1124009853,2.6315276407272172,0.00000002
302478.693583587,4123807.1368126846,2.6315276407267554,0.00000001
302478.6499479486,4123807.161224384,2.6315276407267323,0.00000002
302478.6063123102,4123807.185636083,2.6315276407267314,0.00000002
302478.56267667183,4123807.2100477824,2.6315276408167247,0.00000003
302478.5190410335,4123807.2344594817,2.631527641001211,0.00000003
302478.4754053951,4123807.258871181,2.631527641010435,0.00000004
302478.43176975666,4123807.28328288,2.6315276410108965,0.00000004
302478.3881341182,4123807.3076945795,2.631527642297817,0.00000005
302478.34449847986,4123807.3321062787,2.631527642452156,0.00000006
302478.3008628414,4123807.356517978,2.631527642459873,0.00000007
302478.257227203,4123807.3809296773,2.6315276422802723,0.00000008
302478.21359156456,4123807.4053413766,2.6315276408044084,0.00000009
302478.16995592613,4123807.429753076,2.631527640730615,0.00000011
302478.1263202877,4123807.4541647746,2.6315276394400287,0.00000013
302478.0826846493,4123807.478576474,2.6315276393754994,0.00000014
302478.03904901084,4123807.502988173,2.6315276393722726,0.00000017
302477.9954133725,4123807.5273998724,2.631527640838995,0.00000019
302477.9517777342,4123807.551811572,2.6315276422892215,0.00000022
302477.9081420958,4123807.5762232714,2.631527642361733,0.00000025
302477.86450645735,4123807.6006349707,2.6315276423653584,0.00000029
302477.8208708189,4123807.62504667,2.63152764236554,0.00000033
302477.7772351805,4123807.6494583692,2.6315276422755556,0.00000038
302477.73359954206,4123807.673870068,2.6315276395172758,0.00000044
302477.6899639037,4123807.6982817673,2.6315276393793616,0.00000050
302477.64632826525,4123807.7226934666,2.6315276406593626,0.00000058
302477.6026926268,4123807.747105166,2.631527640723363,0.00000066
302477.5590569884,4123807.771516865,2.6315276407265626,0.00000075
302477.51542135,4123807.7959285644,2.6315276408167163,0.00000086
302477.4717857117,4123807.820340264,2.6315276422881078,0.00000099
302477.42815007333,4123807.8447519634,2.6315276424516707,0.00000113
302477.3845144349,4123807.869163662,2.631527641172952,0.00000129
302477.3408787965,4123807.8935753615,2.6315276410190225,0.00000147
302477.29724315804,4123807.9179870607,2.6315276409213326,0.00000168
302477.2536075196,4123807.94239876,2.631527639359571,0.00000192
302477.2099718812,4123807.9668104593,2.6315276391914897,0.00000219
302477.16633624275,4123807.9912221585,2.6315276390930924,0.00000250
302477.1227006043,4123808.015633858,2.6315276389981785,0.00000285
302477.07906496595,4123808.040045557,2.6315276389034397,0.00000325
302477.0354293276,4123808.0644572563,2.6315276358749418,0.00000371
302476.9917936893,4123808.088868956,2.63152763527355,0.00000423
302476.94815805095,4123808.1132806554,2.6315276319497394,0.00000482
302476.9045224126,4123808.1376923546,2.63152762693293,0.00000550
302476.8608867742,4123808.162104054,2.6315276217414785,0.00000627
302476.8172511359,4123808.186515753,2.6315276163613075,0.00000714
302476.7736154978,4123808.2109274534,2.6315276124385845,0.00000814
302476.72997985984,4123808.235339153,2.631527605924946,0.00000928
302476.68634422193,4123808.2597508533,2.631527600208686,0.00001058
302476.6427085842,4123808.284162554,2.6315275946222876,0.00001206
302476.5990729465,4123808.3085742546,2.631527587575499,0.00001374
302476.555437309,4123808.3329859553,2.63152757880882,0.00001566
302476.51180167164,4123808.3573976564,2.6315275683092763,0.00001784
302476.46816603444,4123808.381809358,2.631527555806238,0.00002033
302476.4245303975,4123808.4062210596,2.63152753706551,0.00002316
302476.3808947607,4123808.4306327617,2.63152751399921,0.00002639
302476.3372591241,4123808.455044464,2.6315274826622645,0.00003006
302476.2936234879,4123808.479456167,2.63152744881495,0.00003425
302476.249987852,4123808.503867871,2.6315274085246143,0.00003901
302476.2063522167,4123808.528279576,2.6315273672821746,0.00004444
302476.16271658236,4123808.5526912827,2.6315273245252455,0.00005062
302476.11908094905,4123808.577102991,2.631527278758824,0.00005765
302476.07544531696,4123808.6015147017,2.6315272322119747,0.00006566
302476.0318096858,4123808.6259264136,2.63152717107425,0.00007478
302475.98817405576,4123808.650338128,2.631527100162687,0.00008517
302475.9445384267,4123808.674749844,2.6315270142105787,0.00009699
302475.9009027987,4123808.6991615617,2.6315269169052717,0.00011045
302475.85726717196,4123808.723573282,2.6315268069642506,0.00012577
302475.81363154686,4123808.747985005,2.6315266764490115,0.00014322
302475.7699959246,4123808.772396733,2.631526531730097,0.00016307
302475.72636030515,4123808.7968084663,2.6315263736929833,0.00018567
302475.6827246886,4123808.8212202047,2.6315261901069156,0.00021139
302475.639089075,4123808.845631948,2.6315259798203945,0.00024065
302475.5954534646,4123808.8700436973,2.631525736458345,0.00027396
302475.55181785877,4123808.894455455,2.6315254657495326,0.00031185
302475.50818225765,4123808.918867221,2.6315251578291914,0.00035495
302475.46454666165,4123808.943278996,2.6315247996590774,0.00040398
302475.4209110722,4123808.9676907826,2.631524400108525,0.00045974
302475.37727548956,4123808.9921025815,2.631523944259205,0.00052313
302475.3336399149,4123809.016514395,2.6315234226808797,0.00059518
302475.29000434896,4123809.0409262236,2.6315228254707854,0.00067706
302475.2463687934,4123809.065338071,2.6315221485700615,0.00077008
302475.20273325016,4123809.08974994,2.631521381624562,0.00087570
302475.1590977194,4123809.1141618323,2.6315205030942175,0.00099557
302475.115462204,4123809.1385737513,2.631519501363872,0.00113157
302475.0718267064,4123809.162985702,2.6315183596810217,0.00128575
302475.0281912285,4123809.187397688,2.6315170556187417,0.00146042
302474.9845557727,4123809.211809714,2.631515562902665,0.00165814
302474.94092034234,4123809.236221785,2.631513867521047,0.00188174
302474.89728494134,4123809.2606339087,2.631511931165287,0.00213433
302474.85364957346,4123809.285046092,2.631509730357607,0.00241926
302474.8100142442,4123809.3094583433,2.6315072229323797,0.00274020
302474.7663789586,4123809.333870673,2.631504370307147,0.00310103
302474.7227437227,4123809.3582830923,2.6315011252773526,0.00350584
302474.67910854245,4123809.38269561,2.631497426402408,0.00395882
302474.6354734268,4123809.407108244,2.631493215003658,0.00446419
302474.59183838347,4123809.431521007,2.6314884103212743,0.00502600
302474.54820342374,4123809.455933919,2.631482938545702,0.00564784
302474.50456855865,4123809.4803470005,2.631476702231893,0.00633260
302474.4609338012,4123809.5047602747,2.631469597479271,0.00708189
302474.41729916626,4123809.529173767,2.6314615001852486,0.00789548
302474.3736646714,4123809.5535875107,2.631452274482722,0.00877149
302474.33003033634,4123809.5780015397,2.631441774368389,0.00970710
302474.28639618336,4123809.6024158937,2.6314298131141274,0.01069896
302474.24276223755,4123809.6268306184,2.6314161952780926,0.01174352
302474.19912852766,4123809.6512457645,2.6314006885717656,0.01283727
302474.1554950864,4123809.6756613906,2.631383030174176,0.01397686
302474.1118619519,4123809.700077565,2.6313629257075664,0.01515923
302474.06822916487,4123809.7244943604,2.631340025283189,0.01638163
302474.0245967754,4123809.748911866,2.6313139497969686,0.01764168
302473.9809648374,4123809.7733301786,2.6312842555897755,0.01893738
302473.9373334137,4123809.7977494104,2.6312504458289157,0.02026713
302473.8937025762,4123809.822169689,2.6312119496944835,0.02162972
302473.85007240606,4123809.84659116,2.6311681177747466,0.02302433
302473.8064429959,4123809.871013989,2.6311182159688253,0.02445051
302473.7628144516,4123809.8954383647,2.631061402512188,0.02590821
302473.7191868928,4123809.9198645004,2.630996725541265,0.02739771
302473.6755604554,4123809.9442926394,2.6309230915271193,0.02891963
302473.63193529577,4123809.9687230596,2.6308392705291848,0.03047494
302473.58831159095,4123809.993156078,2.6307438554278293,0.03206636
302473.5446895421,4123810.0175920525,2.6306352468007237,0.03369443
302473.5010693795,4123810.042031394,2.630511631839461,0.03536061
302473.4574513635,4123810.0664745662,2.6303709449265593,0.03706678
302473.4138357921,4123810.0909221005,2.6302108382083054,0.03881480
302473.37022300326,4123810.115374598,2.630028648496026,0.04060642
302473.3266133827,4123810.1398327462,2.6298213573726628,0.04244309
302473.28300736897,4123810.1642973237,2.62958553708612,0.04432569
302473.2394054608,4123810.1887692176,2.6293173024059735,0.04625420
302473.1958082253,4123810.213249435,2.6290122428136247,0.04822729
302473.1522163095,4123810.2377391243,2.6286653860292137,0.05024249
302473.1086304477,4123810.262239586,2.628271096399716,0.05229656
302473.06505147513,4123810.2867523,2.6278230117866825,0.05438579
302473.02148034156,4123810.3112789444,2.6273139501947824,0.05650624
302472.9779181266,4123810.3358214255,2.626735827559137,0.05865383
302472.93436605774,4123810.360381907,2.626079568762715,0.06082444
302472.8908255279,4123810.384962838,2.6253349749813015,0.06301395
302472.8472981187,4123810.4095669957,2.6244906520709086,0.06521827
302472.80378562555,4123810.434197522,2.6235338925893865,0.06743498
302472.76029008476,4123810.458857971,2.6224505932472777,0.06965825
302472.71681380307,4123810.483552357,2.6212251594147347,0.07188391
302472.6733593922,4123810.508285207,2.619840440099045,0.07410791
302472.62992980704,4123810.5330616226,2.6182777280954372,0.07632613
302472.5865283847,4123810.5578873353,2.616516779966751,0.07853436
302472.54315888876,4123810.5827687774,2.6145359416664773,0.08072823
302472.4998255563,4123810.607713144,2.6123123756133233,0.08290319
302472.45653314725,4123810.632728462,2.609822470385275,0.08505445
302472.41328699485,4123810.6578236567,2.6070424603995455,0.08717697
302472.37009305495,4123810.6830086047,2.603949354439495,0.08926542
302472.32695795136,4123810.7082941793,2.60052225341772,0.09131415
302472.28388901445,4123810.733692277,2.59674423382991,0.09331717
302472.2408943062,4123810.7592158127,2.5926049303361647,0.09526863
302472.1979826234,4123810.7848786674,2.588104050349784,0.09716245
302472.1551634672,4123810.810695582,2.583256100960398,0.09899106
302472.1124469623,4123810.836681958,2.5780967035327222,0.10074760
302472.069843706,4123810.8628535476,2.5726909941056832,0.10242519
302472.02736451424,4123810.8892259873,2.567128728759912,0.10401721
302471.98502002406,4123810.9158141245,2.5615123460773312,0.10551764
302471.94282010064,4123810.9426310775,2.5559463110851794,0.10692154
302471.90077297913,4123810.969686946,2.550527117177169,0.10822573
302471.8588840439,4123810.996987061,2.545332904990801,0.10942972
302471.81715412834,4123811.0245296373,2.5404116611633514,0.11053700
302471.7755799991,4123811.052306827,2.5357828774026783,0.11155449
302471.7341558544,4123811.0803072266,2.531445994222842,0.11249135
302471.69287441723,4123811.1085176324,2.527386819478534,0.11336240
302471.6517277278,4123811.1369242505,2.52358213886737,0.11417564
302471.610707709,4123811.1655135127,2.520002953995922,0.11494244
302471.5698065659,4123811.1942726155,2.516616738957737,0.11567429
302471.5290170613,4123811.2231898652,2.513388981022742,0.11638239
302471.48833270336,4123811.2522548833,2.510284224517235,0.11707744
302471.44774787076,4123811.2814587303,2.507266790705187,0.11776950
302471.40725789045,4123811.3107939605,2.504301265563817,0.11846771
302471.36685908516,4123811.340254638,2.5013528579557818,0.11918012
302471.3265487986,4123811.3698363286,2.498387718705407,0.11991334
302471.2863254076,4123811.3995360765,2.4953519443601406,0.12067214
302471.2461883221,4123811.429352366,2.492227550424305,0.12145891
302471.20613797876,4123811.4592850786,2.4889897493557513,0.12228161
302471.16617582436,4123811.4893354387,2.485612864130165,0.12312722
302471.12630429264,4123811.519505949,2.482075573161045,0.12399032
302471.0865267675,4123811.54980031,2.4783628259357693,0.12486449
302471.04685163806,4123811.5802286537,2.474489494896578,0.12573966
302471.0072813582,4123811.610793205,2.470447896474353,0.12661006
302470.9678211327,4123811.641499684,2.4662551482101187,0.12746822
302470.92847737373,4123811.6723552197,2.4619533352325313,0.12830620
302470.8892567177,4123811.7033670493,2.4576020514369086,0.12911629
302470.85016565217,4123811.734542037,2.453270029750223,0.12989139
302470.81121000147,4123811.765886038,2.4490278249149764,0.13062534
302470.7723942243,4123811.7974030627,2.4449409739399153,0.13131549
302470.7337204667,4123811.829094179,2.441063015481401,0.13195959
302470.69518729753,4123811.8609560914,2.437427732804438,0.13255496
302470.6567901059,4123811.89298176,2.434050183724838,0.13310430
302470.6185222742,4123811.925161918,2.43093227322002,0.13361189
302470.580376026,4123811.957486139,2.428043622076603,0.13408292
302470.5423430328,4123811.9899435733,2.4253954004468667,0.13452296
302470.5044148393,4123812.022523439,2.422974299960561,0.13493752
302470.4665831573,4123812.0552153504,2.4207612789900823,0.13533169
302470.4288400637,4123812.0880095204,2.4187361072573186,0.13570996
302470.3911781276,4123812.1208968805,2.416878235046555,0.13607627
302470.3535953701,4123812.153874696,2.4151906687153963,0.13643099
302470.31608033105,4123812.186929516,2.413629475429797,0.13678076
302470.27862699755,4123812.2200542283,2.412172113457096,0.13713106
302470.2412305342,4123812.253243129,2.410800233419337,0.13748230
302470.2038867291,4123812.286491268,2.40949613287791,0.13783691
302470.16659197875,4123812.3197944234,2.4082424591417277,0.13819756
302470.1293432716,4123812.3531490704,2.407022038068374,0.13856689
302470.0921381738,4123812.3865523566,2.4058111437033434,0.13894759
302470.0549748184,4123812.4200020796,2.4045846148171566,0.13934244
302470.0178518978,4123812.4534966745,2.403334389925862,0.13975430
302469.9807686632,4123812.4870352047,2.402041074060727,0.14018613
302469.94372493174,4123812.5206173644,2.400684075694168,0.14064103
302469.9067211001,4123812.5542434882,2.3992420802821663,0.14112215
302469.8697595594,4123812.5879160957,2.397699577383879,0.14163183
302469.83284353017,4123812.6216385905,2.396041489064559,0.14217226
302469.79597315664,4123812.6554109906,2.394234390594296,0.14274791
302469.7591517541,4123812.689236769,2.3922546911641507,0.14336145
302469.72238336224,4123812.7231201543,2.390078297064874,0.14401676
302469.6856727695,4123812.757066144,2.387679965858416,0.14471392
302469.6490255482,4123812.7910805284,2.3850332216225283,0.14545292
302469.61244809825,4123812.825169921,2.3820473900280734,0.14623283
302469.57594769855,4123812.8593417923,2.378736352189321,0.14705135
302469.5395325647,4123812.8936045086,2.375073228135714,0.14790437
302469.50321190944,4123812.9279673654,2.371026767557442,0.14878545
302469.4669960043,4123812.9624406206,2.3665663723056305,0.14968604
302469.4308962398,4123812.997035517,2.3616636533112154,0.15059622
302469.3949390333,4123813.0317785637,2.3563572846588805,0.15149665
302469.35912824253,4123813.066672447,2.3505869179991348,0.15238202
302469.3234788307,4123813.101731111,2.344342154674483,0.15324058
302469.2880074351,4123813.1369697875,2.3376310388896755,0.15406014
302469.252731746,4123813.1724042804,2.330481465323155,0.15482855
302469.2176702912,4123813.208050672,2.3229479758755747,0.15553392
302469.1828420931,4123813.2439249232,2.314996450071738,0.15616485
302469.1482661505,4123813.2800423205,2.30687876323006,0.15671075
302469.1139606873,4123813.316416739,2.2987366147204114,0.15716226
302469.0799421009,4123813.3530596825,2.2907021411503763,0.15751289
302469.04622352344,4123813.38997905,2.2828940079339897,0.15775726
302469.01281289145,4123813.427177565,2.2754064248796433,0.15789273
302468.9797399233,4123813.4646766153,2.2684205281543806,0.15790532
302468.94696526404,4123813.5024364577,2.261825702233642,0.15781988
302468.914477241,4123813.5404430646,2.2556113072250916,0.15764462
302468.8822626337,4123813.5786816343,2.2497608016097095,0.15738813
302468.850307387,4123813.617137204,2.244249149077493,0.15706067
302468.8185973367,4123813.6557952394,2.2390156202136846,0.15667010
302468.7871187422,4123813.694642031,2.2340179646592726,0.15622482
302468.7558586671,4123813.7336649466,2.229261173174531,0.15573318
302468.72480524244,4123813.772852579,2.2247105308127044,0.15520306
302468.6939478373,4123813.812194819,2.220331468123087,0.15464173
302468.66327715514,4123813.851682869,2.2160930547311892,0.15405568
302468.63279278885,4123813.8913149694,2.2119998409844164,0.15344639
302468.60248992976,4123813.9310859963,2.208042218028304,0.15281719
302468.5723530618,4123813.9709829027,2.204172264892268,0.15217621
302468.54237841436,4123814.0110017965,2.2003930215171104,0.15152450
302468.5125630688,4123814.0511394963,2.1967168002024393,0.15086238
302468.4829046543,4123814.091393285,2.1931599456729742,0.15018985
302468.4534009322,4123814.1317605926,2.189739476449051,0.14950706
302468.4240492321,4123814.1722385827,2.1864369897168316,0.14881473
302468.39484568936,4123814.212823613,2.1832919604751573,0.14811463
302468.3657849376,4123814.2535110353,2.1803072948216076,0.14740980
302468.3368607413,4123814.294295673,2.1774744442791034,0.14670585
302468.30806648446,4123814.3351721778,2.174779805863503,0.14600784
302468.2793955424,4123814.3761352943,2.1722063670284695,0.14531857
302468.25085003366,4123814.4171859208,2.1697674519146184,0.14463834
302468.2224154068,4123814.458313413,2.1674103761948214,0.14397623
302468.1940857973,4123814.4995133015,2.1651096680319477,0.14333635
302468.1658569812,4123814.5407823087,2.16284458061437,0.14272104
302468.1377255461,4123814.582117754,2.160594995580792,0.14213074
302468.1096889275,4123814.623517567,2.158341728447776,0.14156432
302468.0817454259,4123814.664980287,2.1560671342269924,0.14101962
302468.05389420595,4123814.7065050504,2.1537558833882033,0.14049378
302468.02613527665,4123814.7480915673,2.1513959696951983,0.13998353
302467.99846945103,4123814.789740082,2.148955880215164,0.13948542
302467.9708982815,4123814.831451322,2.146454282488145,0.13899597
302467.94342396094,4123814.873226423,2.143906894676768,0.13851231
302467.91604918294,4123814.9150668276,2.1413309435240206,0.13803188
302467.88877693977,4123814.956974148,2.138746736683954,0.13755135
302467.86161024414,4123814.99894998,2.1361751398830564,0.13706881
302467.834558165,4123815.040999772,2.133658981422441,0.13657992
302467.8076169532,4123815.0831206706,2.1311921683472073,0.13608753
302467.7807849277,4123815.125311196,2.1287717100921695,0.13559414
302467.75406045123,4123815.1675699186,2.1263921829585497,0.13510288
302467.72744136414,4123815.2098951,2.124042988877129,0.13461785
302467.700925395,4123815.2522849557,2.12170952622879,0.13414393
302467.6745104742,4123815.294737851,2.1193742805732554,0.13368657
302467.6481949685,4123815.337252442,2.1170176950460564,0.13325175
302467.6219778594,4123815.37982778,2.114618919842155,0.13284690
302467.5958588748,4123815.422463387,2.1121565007443244,0.13248317
302467.56983858586,4123815.465159299,2.1096090803425085,0.13216340
302467.543918475,4123815.5079161027,2.1069561933236765,0.13189458
302467.51810097846,4123815.5507349465,2.1041625811321665,0.13168377
302467.49238950567,4123815.593617541,2.101215159039481,0.13153773
302467.4667884308,4123815.6365661384,2.098115673722345,0.13146268
302467.44130305253,4123815.679583496,2.09486325107981,0.13146383
302467.41593951086,4123815.722672811,2.091468252151587,0.13154493
302467.39070465096,4123815.765837626,2.0879576858077473,0.13170748
302467.3656103674,4123815.8090843246,2.084387304783495,0.13194861
302467.34066332714,4123815.8524161177,2.0808005569274313,0.13226628
302467.31586742745,4123815.895834557,2.0772327215047115,0.13265785
302467.29122842185,4123815.939342203,2.0737258393456206,0.13312602
302467.2667497924,4123815.982940267,2.0703127820793648,0.13365447
302467.2424312839,4123816.0266278354,2.0670100242367853,0.13423726
302467.21826999093,4123816.0704025417,2.0638204489686736,0.13486974
302467.19426143274,4123816.114261201,2.0607368035564173,0.13554824
302467.1704003609,4123816.1582002756,2.057744349469255,0.13626998
302467.1466813637,4123816.20221621,2.05482283726113,0.13703285
302467.1230993179,4123816.246305673,2.0519479655483503,0.13783541
302467.0996497234,4123816.2904657293,2.0490924513161954,0.13867792
302467.0763289525,4123816.334693956,2.0462268167831117,0.13956059
302467.05313443445,4123816.378988527,2.0433199891257017,0.14048178
302467.0300647936,4123816.423348269,2.040339789424194,0.14144389
302467.0071199555,4123816.467772695,2.0372533753495436,0.14244796
302466.9843012263,4123816.5122620305,2.034027730307077,0.14349185
302466.9616113553,4123816.5568172247,2.0306302580789097,0.14457636
302466.93905458227,4123816.6014399515,2.0270050717245103,0.14570212
302466.91663666826,4123816.6461326038,2.0231378973328153,0.14686933
302466.89436490927,4123816.690898274,2.0190089247994054,0.14807750
302466.87224812707,4123816.735740721,2.0145999464423108,0.14932506
302466.85029662156,4123816.7806643182,2.009902387472254,0.15060885
302466.8285220765,4123816.8256739713,2.0049220455767425,0.15192364
302466.80694438214,4123816.8707783297,1.9997097382034332,0.15325853
302466.7855728606,4123816.9159807223,1.9943057971613407,0.15460556
302466.76442058926,4123816.9612860987,1.9887816700960068,0.15595384
302466.74350169743,4123817.0066996743,1.983225120981924,0.15729360
302466.7228291148,4123817.052225866,1.977726276586966,0.15861095
302466.70241320063,4123817.097867702,1.9723683573310753,0.15989916
302466.6822598297,4123817.1436260445,1.9672179323014263,0.16114651
302466.6623677464,4123817.1894985633,1.9623135269314975,0.16234876
302466.6427302477,4123817.2354806405,1.9576697504743237,0.16350501
302466.6233372631,4123817.2815663815,1.953283904933128,0.16461648
302466.6041768841,4123817.3277493254,1.9491410498373056,0.16568581
302466.58523648046,4123817.374022935,1.9452177246193845,0.16671654
302466.56650350674,4123817.420380922,1.9414846397499408,0.16771276
302466.547966076,4123817.4668174633,1.9379086052365484,0.16867879
302466.52961336233,4123817.513327332,1.9344538933341568,0.16961899
302466.5114358799,4123817.5599059784,1.9310831896092893,0.17053761
302466.49342567066,4123817.606549569,1.9277582455287763,0.17143859
302466.4755764293,4123817.6532550035,1.924440354879164,0.17232545
302466.45788358554,4123817.7000199156,1.9210907206100505,0.17320278
302466.44034435553,4123817.746842664,1.9176708009918983,0.17407130
302466.4229577715,4123817.793722315,1.9141271315796282,0.17493167
302466.40572469926,4123817.84065862,1.910420652134464,0.17578623
302466.38864784385,4123817.887651993,1.906528484396846,0.17663197
302466.37173174135,4123817.934703479,1.9024186782309522,0.17746676
302466.3549827382,4123817.981814717,1.8980632897534082,0.17828758
302466.3384089446,4123818.028987893,1.893441116663912,0.17909013
302466.3220248011,4123818.0762272817,1.8885562514719916,0.17986707
302466.3058421365,4123818.123536058,1.883413291613725,0.18061223
302466.28987005126,4123818.1709163194,1.8780216869322497,0.18132085
302466.2741224801,4123818.218371646,1.8724292090967993,0.18198632
302466.2586138908,4123818.2659055768,1.8667052463242397,0.18260222
302466.24335860653,4123818.3135213703,1.860930205448352,0.18316267
302466.228369856,4123818.361221698,1.855186387389194,0.18366281
302466.2136584558,4123818.4090082576,1.8495492820751183,0.18409934
302466.19923100615,4123818.4568812856,1.8440784436379898,0.18447133
302466.1850874462,4123818.504838944,1.838807108054421,0.18478127
302466.17122220487,4123818.5528778117,1.8337442489429194,0.18503556
302466.1576264429,4123818.600993654,1.8288812324983321,0.18524103
302466.14428968966,4123818.649181951,1.8241969560224827,0.18540514
302466.13120102824,4123818.6974382456,1.8196615922156214,0.18553782
302466.1183499459,4123818.7457583756,1.8152392854024466,0.18564478
302466.1057269382,4123818.794138611,1.8108729707011557,0.18573248
302466.09332393546,4123818.842575736,1.8065092963969314,0.18580631
302466.0811345998,4123818.891067093,1.802126129148398,0.18587058
302466.0691545292,4123818.939610595,1.7976781009287803,0.18592852
302466.05738139583,4123818.988204722,1.7931187906464707,0.18598225
302466.04581503884,4123819.0368485055,1.7884026674568967,0.18603256
302466.0344627889,4123819.085542719,1.7835033170826835,0.18607642
302466.023332015,4123819.1342880228,1.7783912952650656,0.18610987
302466.0124223141,4123819.1830832497,1.7730095114193347,0.18613133
302466.0017428973,4123819.2319293604,1.7673310031157856,0.18613474
302465.9913050712,4123819.2808276303,1.7613408679787625,0.18611310
302465.9811220737,4123819.329779563,1.7550396201403518,0.18605883
302465.97120881703,4123819.37878679,1.748449014256822,0.18596402
302465.9615815053,4123819.4278509472,1.7416198004285703,0.18582074
302465.9522570796,4123819.4769735225,1.734635141816376,0.18562422
302465.9432524298,4123819.526155682,1.7275978377664278,0.18536507
302465.9345832962,4123819.575398062,1.7206185547007,0.18503714
302465.92626276135,4123819.6247005337,1.7138049261670525,0.18463663
302465.91829920444,4123819.6740619424,1.7071968630129286,0.18416240
302465.9106935559,4123819.7234798144,1.7009166301736622,0.18361879
302465.90343775466,4123819.772950332,1.6950049897941535,0.18301168
302465.8965179654,4123819.8224690417,1.6894709179686807,0.18235063
302465.88991693914,4123819.872031322,1.6843056811140713,0.18164715
302465.8836157267,4123819.921632676,1.679488660885738,0.18091349
302465.87761175504,4123819.9712708904,1.6750451116663443,0.18015460
302465.8718680328,4123820.0209398465,1.6708869789857594,0.17938905
302465.8663653419,4123820.0706360536,1.666971545419084,0.17862641
302465.8610873742,4123820.120356614,1.6632620018775686,0.17787738
302465.85601948836,4123820.1700990195,1.659721696820452,0.17714578
302465.85114883055,4123820.219861125,1.6563144864313222,0.17643419
302465.8464643925,4123820.2696411093,1.6530052668042998,0.17574514
302465.8419570254,4123820.319437444,1.6497604794565017,0.17507948
302465.8376194217,4123820.3692488605,1.6465486485801417,0.17443685
302465.83344607265,4123820.419074315,1.6433410370588888,0.17381612
302465.82943320455,4123820.4689129586,1.6400782465670807,0.17321561
302465.82557869534,4123820.5187641084,1.6367685107280845,0.17263336
302465.8218819669,4123820.5686272164,1.6334035380264391,0.17206731
302465.8183438455,4123820.6185018416,1.6299807838844893,0.17151543
302465.8149663797,4123820.668387618,1.626511062492022,0.17097836
302465.8117525975,4123820.7182842256,1.6230150297067651,0.17045495
302465.80871698033,4123820.768191991,1.6195533129103097,0.16993678
302465.8058538691,4123820.8181099305,1.616125578782453,0.16942749
302465.80316542444,4123820.8680375633,1.612752556085892,0.16892808
302465.800653141,4123820.9179743542,1.6094519705601693,0.16844036
302465.79831561353,4123820.9679196198,1.6062293404921997,0.16796783
302465.79614952067,4123821.017872608,1.603079963090494,0.16751609
302465.7941505441,4123821.0678325603,1.5999914346213013,0.16709022
302465.7923140639,4123821.1177987508,1.5969456291245723,0.16669408
302465.7906356804,4123821.1677705045,1.5939202124098089,0.16633157
302465.7891116058,4123821.217747206,1.5908898202702015,0.16600581
302465.78773895523,4123821.2677283,1.5878269948710686,0.16572215
302465.78651596117,4123821.3177132844,1.5846981298890106,0.16547922
302465.7854421303,4123821.367701701,1.5814459250394495,0.16527628
302465.7845183548,4123821.417693122,1.5780671614545574,0.16511204
302465.783746988,4123821.4676871337,1.5745340527956653,0.16498322
302465.78313188744,4123821.517683322,1.5708197500238932,0.16488485
302465.78267842886,4123821.56768125,1.5669009828217773,0.16481079
302465.78239501524,4123821.617680447,1.5627648249997963,0.16475347
302465.7822987101,4123821.6676803515,1.5584294197841686,0.16470185
302465.782390509,4123821.7176802424,1.5538701681193559,0.16465199
302465.7826814793,4123821.7676793463,1.54910343237389,0.16459614
302465.7831835062,4123821.817676748,1.5441675478473949,0.16452676
302465.78390887374,4123821.867671379,1.5391201307319324,0.16443662
302465.78486967756,4123821.9176620087,1.5340294289584053,0.16431913
302465.786077019,4123821.967647264,1.5289664970298422,0.16416854
302465.7875399138,4123822.0176256704,1.5262748722670119,0.16398089
302465.7892638339,4123822.0675957445,1.5214741167260792,0.16375488
302465.7912487757,4123822.117556139,1.5188910383793148,0.16348983
302465.79348939634,4123822.167505741,1.5143611132690844,0.16318665
302465.7959771192,4123822.2174436753,1.5099317405886998,0.16284976
302465.7987016652,4123822.2673692815,1.5056364298475886,0.16248484
302465.80165215477,4123822.317282079,1.5034134342988004,0.16209837
302465.80481789034,4123822.367181721,1.4994594278116602,0.16169725
302465.8081889044,4123822.417067949,1.4955613601508673,0.16128851
302465.81176939054,4123822.4669395857,1.4918598069831186,0.16087349
302465.8155404283,4123822.5167971505,1.4882555531278896,0.16046354
302465.8194941348,4123822.56664054,1.4846967075741797,0.16006523
302465.82362664485,4123822.6164694065,1.481148740440743,0.15968302
302465.8279357798,4123822.666283297,1.4775785774127703,0.15931982
302465.83242104505,4123822.716081627,1.4739543837706695,0.15897637
302465.8370835962,4123822.765863664,1.4702461766559964,0.15865092
302465.8419261772,4123822.8156285062,1.4682835780704016,0.15833999
302465.8469530262,4123822.8653750727,1.4644933480146343,0.15803888
302465.8521697433,4123822.915102091,1.4604715375564836,0.15774216
302465.8575831106,4123822.9648081,1.4562826227542862,0.15744788
302465.8632008554,4123823.0144914505,1.4517633521910018,0.15714740
302465.8690313375,4123823.064150326,1.4469824378848963,0.15683324
302465.8750996444,4123823.1137807164,1.4421824796297702,0.15649281
302465.8814060456,4123823.163381375,1.4373414132310447,0.15612449
302465.8879506003,4123823.212951118,1.4324611885698426,0.15572709
302465.8947371396,4123823.262488267,1.4276072948667156,0.15529809
302465.9017653918,4123823.3119916725,1.4228228569091885,0.15483684
302465.9090323574,4123823.36146059,1.4181283518860253,0.15434386
302465.91653361067,4123823.4108945294,1.4135274799737894,0.15382005
302465.9242642496,4123823.4602931365,1.409011897867531,0.15326632
302465.93221957877,4123823.5096560875,1.4045648128634505,0.15268352
302465.9403955918,4123823.558983006,1.4000546100186537,0.15207242
302465.9487893023,4123823.6082733967,1.3954331975943093,0.15143365
302465.9574102664,4123823.657524579,1.3909010714309324,0.15076515
302465.9662597712,4123823.706735184,1.3864554702448284,0.15006515
302465.9753263243,4123823.755906212,1.3819504276849301,0.14934018
302465.98461255105,4123823.8050361876,1.3773627822770143,0.14858761
302465.99412205926,4123823.8541234033,1.3726838376403472,0.14780626
302466.00385908724,4123823.903165974,1.3679176471440524,0.14699467
302466.01382799033,4123823.9521619296,1.3653939915121769,0.14615080
302466.02403251064,4123824.001109362,1.360651665305035,0.14527247
302466.0344747547,4123824.0500066546,1.3558119780137672,0.14435797
302466.0451537818,4123824.0988528207,1.351065595032982,0.14340670
302466.0560643009,4123824.1476478493,1.3464783668028248,0.14241993
302466.0671981405,4123824.1963924547,1.3418197606208297,0.14140277
302466.0785591257,4123824.245084631,1.3375983565201246,0.14034794
302466.09012443223,4123824.293728651,1.3336907169252168,0.13926368
302466.10187892505,4123824.3423272776,1.3299990467320602,0.13815514
302466.11381219234,4123824.390882302,1.3265061109557867,0.13702573
302466.1259144777,4123824.439395471,1.3231947444969134,0.13587899
302466.13817687804,4123824.487868416,1.3200452089908945,0.13471853
302466.150591473,4123824.5363026094,1.3170361799500148,0.13354797
302466.16315139475,4123824.5846993253,1.314145866764889,0.13237129
302466.1758508452,4123824.633059623,1.3113530160514675,0.13119402
302466.1886850628,4123824.681384337,1.3086379893992286,0.13001781
302466.20165023993,4123824.729674088,1.305983903579916,0.12884640
302466.2147433838,4123824.777929308,1.3033779986496554,0.12768413
302466.2279621115,4123824.826150286,1.3008133793777277,0.12653260
302466.2413043617,4123824.8743372425,1.2982912406205394,0.12539444
302466.2547679985,4123824.922490434,1.2957764822419764,0.12427200
302466.26835266926,4123824.9706096267,1.2933117345748237,0.12316625
302466.28205577284,4123825.0186952236,1.2910449313859682,0.12207837
302466.2958673392,4123825.066749772,1.2888928394297137,0.12101165
302466.3097820001,4123825.114774565,1.2868500002783936,0.11996617
302466.3237944619,4123825.16277091,1.2849101318876015,0.11894131
302466.3378997437,4123825.210740058,1.283063457362455,0.11793599
302466.35209334956,4123825.258683146,1.2812975074925899,0.11694886
302466.36637139466,4123825.306601154,1.279597885991201,0.11597839
302466.38073069445,4123825.354494876,1.2779488092610245,0.11502298
302466.395168828,4123825.402364893,1.2763335314476445,0.11408388
302466.40968418104,4123825.4502115515,1.2747346695787836,0.11315695
302466.4242759745,4123825.498034954,1.2731343922779912,0.11224015
302466.43894428347,4123825.545834943,1.2715146165038915,0.11133203
302466.4536900477,4123825.593611096,1.2698571105905776,0.11043116
302466.4685150758,4123825.6413627127,1.268143698315972,0.10953614
302466.4834220411,4123825.6890888154,1.2663563782915934,0.10864560
302466.4984144703,4123825.736788141,1.264477618954566,0.10775817
302466.51349671884,4123825.7844591457,1.2624905832277178,0.10687247
302466.52867393446,4123825.8321000054,1.2603579152791515,0.10598709
302466.54395308445,4123825.8797082775,1.2579709381858477,0.10510007
302466.55934646685,4123825.9272797354,1.2555350075414526,0.10420726
302466.57485580374,4123825.974813506,1.2529420525400263,0.10330949
302466.59048873006,4123826.0223067612,1.2501841907445235,0.10240864
302466.6062529841,4123826.0697565726,1.2472649551577855,0.10150102
302466.6221560859,4123826.1171600134,1.244196795521179,0.10058303
302466.63820492086,4123826.1645142995,1.2410033346317304,0.09965219
302466.6544052061,4123826.2118169754,1.2377224751148632,0.09870562
302466.67076081265,4123826.259066165,1.2344101558155822,0.09774072
302466.6872729129,4123826.3062608964,1.2311202134184225,0.09675582
302466.70394013915,4123826.3534010774,1.227883608003019,0.09575032
302466.720759725,4123826.400487128,1.2247140701120391,0.09472432
302466.7377283081,4123826.447519711,1.2216133079273155,0.09367839
302466.7548424843,4123826.494499537,1.2183649645430008,0.09261332
302466.77210954425,4123826.541423397,1.2152623577131434,0.09152776
302466.78952174174,4123826.588293576,1.2122997016007648,0.09042553
302466.8070723708,4123826.6351120733,1.209356293356739,0.08930710
302466.82476067654,4123826.681878712,1.206411268475335,0.08817334
302466.8425866348,4123826.728593045,1.2034508908953359,0.08702502
302466.8605508425,4123826.775254382,1.2004652738454857,0.08586275
302466.8786543448,4123826.821861853,1.1974497269768083,0.08468698
302466.89689838735,4123826.8684144975,1.1944067615983283,0.08349792
302466.9152840758,4123826.9149113977,1.1913486280505814,0.08229549
302466.93381191674,4123826.96135186,1.1882841296855777,0.08107919
302466.9524820124,4123827.007735343,1.1850015499493907,0.07984774
302466.9713047958,4123827.0540570733,1.182126743558829,0.07859430
302466.99025966565,4123827.100324886,1.1793825963452798,0.07732948
302467.0093411065,4123827.146540628,1.1767589480802827,0.07605069
302467.0285434404,4123827.192706264,1.174253517853838,0.07475719
302467.04786109144,4123827.238823765,1.1718604868561109,0.07344926
302467.0672887765,4123827.2848950243,1.1695711861617106,0.07212720
302467.0868216323,4123827.3309217985,1.1673752725717415,0.07079132
302467.10645528825,4123827.376905672,1.1652617591667014,0.06944194
302467.1261858915,4123827.422848039,1.1632200914595525,0.06807936
302467.14601008216,4123827.468750109,1.1612413007801479,0.06670393
302467.1659249159,4123827.5146129346,1.159299377156127,0.06531602
302467.18592868774,4123827.560437045,1.1573247224041452,0.06391565
302467.20602298575,4123827.60622153,1.1555374090957764,0.06250148
302467.22619862953,4123827.651970221,1.1538411846164731,0.06107746
302467.2464516237,4123827.697684718,1.152243324006055,0.05964520
302467.2667774002,4123827.7433668985,1.1507514238252383,0.05820656
302467.2871710528,4123827.789018818,1.1493691883418893,0.05676401
302467.30762752454,4123827.834642624,1.1480971033911271,0.05531962
302467.3281417532,4123827.8802404907,1.1469331554356426,0.05387376
302467.34870878287,4123827.9258145676,1.145873493723198,0.05242789
302467.36932384456,4123827.971366939,1.1449130041931321,0.05098341
302467.38998241205,4123828.016899598,1.1440457289188495,0.04954170
302467.41068023833,4123828.0624144254,1.1432652250926452,0.04810420
302467.43141337554,4123828.1079131803,1.1425648397894665,0.04667238
302467.4521781827,4123828.1533974907,1.1419379306187158,0.04524777
302467.47297132487,4123828.198868856,1.1413780245841787,0.04383202
302467.49378976336,4123828.2443286455,1.1408789240509056,0.04242688
302467.5146307429,4123828.289778106,1.1404347582733008,0.04103422
302467.5354917763,4123828.335218366,1.1400400231119503,0.03965609
302467.55637062667,4123828.3806504416,1.1396896731860207,0.03829472
302467.57726528693,4123828.426075249,1.1393790449707586,0.03695251
302467.5981739617,4123828.471493608,1.1391038619747282,0.03563209
302467.61909504904,4123828.51690625,1.138860272014267,0.03433634
302467.6400271226,4123828.5623138295,1.1386447683831549,0.03306836
302467.660968914,4123828.6077169282,1.1384542028873907,0.03183151
302467.68191929767,4123828.6531160627,1.1382857632809138,0.03062967
302467.70287727524,4123828.698511692,1.1381368772724632,0.02946823
302467.72384196456,4123828.7439042223,1.1380052966359555,0.02835002
302467.7448125853,4123828.789294013,1.1378889926385318,0.02727926
302467.7657884482,4123828.8346813805,1.137785719139845,0.02626036
302467.78676896734,4123828.8800665964,1.1376936770753086,0.02529772
302467.80775363685,4123828.9254498933,1.13761345785819,0.02439558
302467.8287419187,4123828.97083152,1.13754238956954,0.02355779
302467.8497334038,4123829.016211665,1.1374792625543475,0.02278751
302467.87072773464,4123829.061590493,1.1374230820065632,0.02208677
302467.89172459836,4123829.10696815,1.1373729546002218,0.02145620
302467.91272372205,4123829.1523447605,1.1373280606534701,0.02089490
302467.9337248706,4123829.1977204345,1.137287684427705,0.02040096
302467.9547278403,4123829.2430952652,1.1372511829497247,0.01997189
302467.97573245683,4123829.288469333,1.137217955433331,0.01960741
302467.9967385734,4123829.3338427073,1.1371874710390844,0.01930355
302468.01774606656,4123829.379215444,1.1371592424939398,0.01905650
302468.03875483514,4123829.42458759,1.1371327933268993,0.01886391
302468.05976479955,4123829.4699591827,1.1371076941811704,0.01872370
302468.08077589935,4123829.515330249,1.1370835516988615,0.01863404
302468.10178809246,4123829.5607008096,1.137059960338669,0.01859334
302468.12280135445,4123829.6060708747,1.1370365426913056,0.01860021
302468.14381567854,4123829.651440448,1.1370129182125046,0.01865337
302468.1648310749,4123829.6968095247,1.1369886865427623,0.01875153
302468.18584757205,4123829.7421780913,1.1369634516452025,0.01889346
302468.20686521655,4123829.7875461266,1.1369368049483461,0.01908050
302468.22788407333,4123829.8329136004,1.136908316474969,0.01930668
302468.2489042268,4123829.878280473,1.1368775227724286,0.01956975
302468.2699257829,4123829.923646696,1.1368438995630175,0.01986748
302468.29094887106,4123829.9690122087,1.1368069035936421,0.02019776
302468.31197364564,4123830.01437694,1.136765939952557,0.02055861
302468.333000288,4123830.059740806,1.1367203397776315,0.02094821
302468.3540290098,4123830.1051037074,1.1366693572631033,0.02136492
302468.37506005744,4123830.1504655313,1.1366121566712415,0.02180725
302468.39609371446,4123830.195826145,1.1365478108934568,0.02227386
302468.4171303072,4123830.241185397,1.1364752621603433,0.02276354
302468.4381702102,4123830.2865431136,1.1363933375506707,0.02327541
302468.45921385154,4123830.3318990963,1.1363007018990043,0.02380937
302468.48026171996,4123830.3772531175,1.1361958704899409,0.02436274
302468.5013143719,4123830.4226049185,1.1360771483588294,0.02493406
302468.5223724409,4123830.467954204,1.1359426076277792,0.02552175
302468.54343664896,4123830.5133006386,1.1357900836423092,0.02612409
302468.564507816,4123830.55864384,1.1356171578835739,0.02673931
302468.5855868726,4123830.6039833743,1.1354210388530017,0.02736561
302468.60667487583,4123830.6493187477,1.1351986315493618,0.02800114
302468.6277730242,4123830.6946494007,1.1349464273873189,0.02864407
302468.64888267557,4123830.739974698,1.1346604466976102,0.02929254
302468.67000536877,4123830.785293919,1.1343362243707455,0.02994468
302468.69114284543,4123830.8306062464,1.1339687542785466,0.03059862
302468.7122970748,4123830.8759107552,1.133552423482049,0.03125243
302468.73347028036,4123830.9212063984,1.13308091170209,0.03190416
302468.75466497237,4123830.966491991,1.1325471905705367,0.03255181
302468.7758839796,4123831.011766196,1.131943432944674,0.03319325
302468.7971304843,4123831.0570275034,1.1312609614602118,0.03382630
302468.8184080608,4123831.102274211,1.1304901936257299,0.03444861
302468.839720716,4123831.1475044065,1.1296206023101556,0.03505771
302468.8610729301,4123831.1927159405,1.12864077171883,0.03565093
302468.88246969576,4123831.237906407,1.1275383729202737,0.03622541
302468.9039165578,4123831.2830731203,1.1263002592595954,0.03677805
302468.92541964725,4123831.3282130915,1.1249127388851254,0.03730550
302468.94698570395,4123831.373323015,1.1233464207780819,0.03780416
302468.96862281475,4123831.4183989,1.1216035961379491,0.03826979
302468.9903388702,4123831.4634368047,1.1196795118507736,0.03869824
302469.01214197074,4123831.5084326332,1.1175548816804677,0.03908532
302469.0340410951,4123831.553381804,1.115222292306832,0.03942638
302469.05604549777,4123831.598279527,1.1126805855415103,0.03971666
302469.0781644385,4123831.6431209305,1.1099375936073832,0.03995141
302469.10040676786,4123831.687901254,1.1070143859582853,0.04012605
302469.1227803266,4123831.732616151,1.1039511816660754,0.04023651
302469.14529107825,4123831.777262135,1.1008153852930882,0.04027965
302469.1679418886,4123831.821837221,1.0977124783872707,0.04025386
302469.1907308246,4123831.8663418475,1.0947207927327354,0.04015991
302469.2136525424,4123831.9107782324,1.0918901065962348,0.04000031
302469.23669957824,4123831.9551497516,1.089249295079111,0.03977862
302469.2598632688,4123831.999460487,1.0868121933956945,0.03949903
302469.283134407,4123832.0437148907,1.0845822246587937,0.03916602
302469.3065036924,4123832.087917547,1.0825556952968096,0.03878414
302469.3299620362,4123832.132073008,1.0807242059717947,0.03835787
302469.35350075905,4123832.1761856745,1.0790764974187597,0.03789148
302469.37711170944,4123832.2202597265,1.077599657043971,0.03738902
302469.40078732907,4123832.264299075,1.0762801035747451,0.03685423
302469.4245206769,4123832.308307342,1.075104147486993,0.03629058
302469.44830542826,4123832.3522878503,1.0740584602691237,0.03570121
302469.4721358555,4123832.396243627,1.0731303117294846,0.03508901
302469.49600679846,4123832.440177415,1.072307786055556,0.03445656
302469.5199136264,4123832.4840916875,1.071579817210957,0.03380620
302469.543852198,4123832.5279886643,1.0709362872948698,0.03314002
302469.5678188189,4123832.571870334,1.0703679199935547,0.03245991
302469.59181020333,4123832.6157384696,1.0698663622937692,0.03176755
302469.61582343327,4123832.659594652,1.069424053627641,0.03106443
302469.6398559219,4123832.703440283,1.0690342500204966,0.03035191
302469.663905379,4123832.7472766098,1.068690890793077,0.02963119
302469.68796977925,4123832.7911047353,1.0683885787348668,0.02890333
302469.7120473336,4123832.834925636,1.0681224903883986,0.02816932
302469.7361364638,4123832.8787401747,1.06788836649544,0.02743002
302469.7602357777,4123832.9225491127,1.067682421976358,0.02668621
302469.7843440482,4123832.966353122,1.0675013208876991,0.02593861
302469.80846019415,4123833.0101527967,1.0673420995631575,0.02518788
302469.83258326334,4123833.053948659,1.0672021150964253,0.02443462
302469.8567124185,4123833.097741168,1.067079097453045,0.02367940
302469.8808469218,4123833.1415307303,1.0669709779607555,0.02292275
302469.90498612507,4123833.1853177017,1.0668759748070613,0.02216518
302469.92912945774,4123833.229102396,1.0667925176353745,0.02140718
302469.9532764181,4123833.27288509,1.066719190619296,0.02064924
302469.9774265655,4123833.3166660266,1.0666547618569817,0.01989184
302470.0015795129,4123833.360445418,1.0665981767019344,0.01913549
302470.02573491965,4123833.404223453,1.0665484567542305,0.01838068
302470.04989248706,4123833.448000295,1.0665047827291194,0.01762796
302470.0740519525,4123833.49177609,1.0664664302802935,0.01687789
302470.0982130847,4123833.5355509655,1.066432734268085,0.01613107
302470.12237568107,4123833.5793250324,1.0664031399006926,0.01538815
302470.1465395633,4123833.6230983892,1.0663771686629668,0.01464985
302470.17070457427,4123833.6668711235,1.0663543630404746,0.01391694
302470.19487057615,4123833.7106433106,1.0663343280476194,0.01319028
302470.2190374484,4123833.7544150166,1.0663167478295996,0.01247081
302470.2432050847,4123833.7981863013,1.0663012978200008,0.01175958
302470.26737339236,4123833.841957215,1.0662877313603978,0.01105773
302470.2915422895,4123833.8857278037,1.0662758163377812,0.01036654
302470.3157117043,4123833.9294981062,1.0662653512194102,0.00968742
302470.3398815739,4123833.973268158,1.0662561611733654,0.00902192
302470.3640518427,4123834.0170379886,1.0662481023962906,0.00837172
302470.3882224617,4123834.060807626,1.066241030859469,0.00773887
302470.412393388,4123834.1045770943,1.0662348141403035,0.00712533
302470.43656458426,4123834.148346413,1.0662293615492688,0.00653315
302470.4607360177,4123834.192115601,1.0662245622886066,0.00596458
302470.48490765947,4123834.235884674,1.0662203455492862,0.00542193
302470.50907948456,4123834.2796536456,1.0662166544566927,0.00490756
302470.5332514698,4123834.3234225283,1.0662134141214097,0.00442371
302470.55742359604,4123834.367191334,1.0662105521332834,0.00397236
302470.58159584657,4123834.4109600703,1.0662080430099001,0.00355506
302470.6057682062,4123834.454728747,1.0662058484422945,0.00317258
302470.62994066114,4123834.4984973706,1.0662039197989523,0.00282451
302470.65411319974,4123834.542265948,1.0662022356909415,0.00250957
302470.6782858117,4123834.586034485,1.066200758172164,0.00222595
302470.7024584876,4123834.6298029865,1.0661994658248222,0.00197152
302470.7266312198,4123834.673571457,1.0661983152975931,0.00174403
302470.7508040021,4123834.7173399003,1.0661973020817077,0.00154116
302470.77497682825,4123834.761108319,1.066196433943408,0.00136066
302470.79914969223,4123834.804876717,1.0661956536588972,0.00120039
302470.82332259,4123834.8486450957,1.0661949673268123,0.00105829
302470.84749551764,4123834.8924134583,1.0661943787195374,0.00093249
302470.8716684709,4123834.936181807,1.0661938480863493,0.00082125
302470.8958414471,4123834.9799501426,1.0661933882082433,0.00072297
302470.92001444346,4123835.0237184674,1.0661929810833028,0.00063623
302470.9441874575,4123835.0674867826,1.0661926238752086,0.00055972
302470.9683604869,4123835.111255089,1.0661923182202926,0.00049229
302470.99253352976,4123835.155023388,1.0661920374094997,0.00043287
302471.0167065847,4123835.1987916804,1.066191795439026,0.00038056
302471.04087965004,4123835.2425599666,1.0661915976911678,0.00033451
302471.0650527242,4123835.2863282487,1.0661914133666928,0.00029399
302471.0892258063,4123835.330096526,1.0661912446400166,0.00025834
302471.11339889566,4123835.3738647993,1.0661910887155415,0.00022699
302471.1375719918,4123835.4176330687,1.0661909531983407,0.00019943
302471.1617450939,4123835.461401335,1.0661908495228742,0.00017520
302471.18591820047,4123835.505169599,1.0661907672066586,0.00015390
302471.21009131067,4123835.548937861,1.0661906845852613,0.00013518
302471.2342644243,4123835.5927061206,1.0661906163121693,0.00011873
302471.258437541,4123835.636474379,1.066190552628918,0.00010428
302471.2826106606,4123835.680242636,1.066190487802012,0.00009158
302471.30678378284,4123835.724010891,1.0661904330040253,0.00008043
302471.3309569074,4123835.7677791445,1.0661903940391588,0.00007063
302471.3551300339,4123835.8115473976,1.066190351183441,0.00006202
302471.3793031621,4123835.8553156494,1.0661903153149646,0.00005446
302471.4034762918,4123835.8990839003,1.066190287945741,0.00004782
302471.4276494228,4123835.9428521506,1.0661902648739046,0.00004199
302471.4518225548,4123835.9866204006,1.0661902478255736,0.00003687
302471.47599568754,4123836.03038865,1.066190232046524,0.00003237
302471.5001688209,4123836.074156899,1.06619021342662,0.00002842
302471.5243419551,4123836.1179251475,1.0661901985370976,0.00002495
302471.54851508985,4123836.1616933956,1.0661901861753496,0.00002191
302471.5726882253,4123836.2054616436,1.0661901725668408,0.00001923
302471.5968613613,4123836.249229891,1.0661901660777795,0.00001688
302471.6210344976,4123836.292998139,1.066190156635329,0.00001482
302471.64520763425,4123836.336766386,1.0661901493864645,0.00001301
302471.6693807713,4123836.380534633,1.0661901399060238,0.00001142
302471.6935539086,4123836.4243028797,1.0661901345914717,0.00001003
302471.7177270462,4123836.4680711264,1.0661901285171087,0.00000880
302471.7419001842,4123836.511839373,1.0661901229678168,0.00000772
302471.7660733222,4123836.555607619,1.0661901259997137,0.00000678
302471.7902464603,4123836.599375866,1.066190118001417,0.00000595
302471.8144195986,4123836.643144112,1.0661901166333962,0.00000522
302471.838592737,4123836.6869123583,1.0661901165649952,0.00000458
302471.86276587535,4123836.7306806045,1.0661901155934692,0.00000402
302471.8869390138,4123836.7744488507,1.066190112640575,0.00000353
302471.9111121524,4123836.818217097,1.0661901134610363,0.00000309
302471.93528529094,4123836.861985343,1.066190114470165,0.00000271
302471.9594584294,4123836.9057535892,1.0661901135525158,0.00000238
302471.983631568,4123836.9495218354,1.0661901106023155,0.00000209
302472.0078047067,4123836.9932900816,1.0661901114229115,0.00000183
302472.03197784536,4123837.037058328,1.0661901134001532,0.00000161
302472.0561509839,4123837.080826574,1.0661901105946974,0.00000141
302472.0803241226,4123837.12459482,1.0661901052088505,0.00000123
302472.1044972614,4123837.168363066,1.066190109217026,0.00000108
302472.1286704002,4123837.212131312,1.066190111353647,0.00000095
302472.15284353885,4123837.2558995583,1.066190106214904,0.00000083
302472.17701667757,4123837.299667804,1.066190109267329,0.00000073
302472.20118981635,4123837.34343605,1.0661901113561623,0.00000064
302472.225362955,4123837.3872042964,1.0661901104924978,0.00000056
302472.24953609373,4123837.4309725426,1.0661901042356345,0.00000049
302472.27370923257,4123837.4747407883,1.0661901091683654,0.00000043
302472.29788237135,4123837.5185090345,1.066190111351214,0.00000037
302472.32205551,4123837.5622772807,1.0661901062147823,0.00000033
302472.34622864873,4123837.6060455265,1.066190108299217,0.00000029
302472.3704017876,4123837.6498137726,1.0661901084034386,0.00000025
302472.3945749264,4123837.693582019,1.0661901122810735,0.00000022
302472.418748065,4123837.737350265,1.066190106261275,0.00000019
302472.44292120374,4123837.7811185108,1.0661901073334354,0.00000016
302472.46709434263,4123837.824886757,1.0661901093232553,0.00000014
302472.4912674814,4123837.868655003,1.0661901070814903,0.00000013
302472.5154406201,4123837.912423249,1.066190110278764,0.00000011
302472.5396137588,4123837.956191495,1.0661901094705217,0.00000009
302472.5637868976,4123837.9999597413,1.0661901113663217,0.00000008
302472.58796003624,4123838.0437279874,1.0661901062155377,0.00000007
302472.61213317496,4123838.087496233,1.0661901082992546,0.00000006
302472.6363063138,4123838.1312644794,1.0661901093715465,0.00000005
302472.6604794526,4123838.1750327256,1.0661901070839048,0.00000005
302472.68465259124,4123838.2188009713,1.0661901102788849,0.00000004
302472.70882572996,4123838.2625692175,1.0661901085024221,0.00000004
302472.7329988688,4123838.3063374637,1.0661901041361308,0.00000003
302472.75717200764,4123838.3501057094,1.0661901110996022,0.00000003
302472.7813451463,4123838.3938739556,1.0661901114477759,0.00000002
302472.80551828496,4123838.437642202,1.0661901075927607,0.00000002
302472.82969142386,4123838.481410448,1.0661901050587537,0.00000001
302472.85386456264,4123838.5251786937,1.0661901111457335,0.00000002
302472.8780377013,4123838.56894694,1.0661901104819764,0.00000002
302472.90221084,4123838.612715186,1.0661901052032146,0.00000001
302472.9263839788,4123838.656483432,1.0661901111529564,0.00000001
302472.95055711747,4123838.700251678,1.0661901114504435,0.00000001
302472.97473025613,4123838.744019924,1.066190107592894,0.00000001
302472.998903395,4123838.7877881704,1.0661901050587603,0.00000001
302473.0230765338,4123838.831556416,1.0661901111457337,0.00000000
302473.04724967247,4123838.8753246623,1.0661901104819764,0.00000000
302473.0714228112,4123838.9190929085,1.0661901042351085,0.00000000
302473.09559595,4123838.962861154,1.066190109168339,0.00000001
302473.1197690888,4123839.0066294004,1.0661901113512127,0.00000001
302473.14394222747,4123839.0503976466,1.0661901104922502,0.00000002
302473.1681153662,4123839.094165893,1.066190104235622,0.00000001
302473.19228850503,4123839.1379341385,1.066190108200259,0.00000001
302473.21646164387,4123839.1817023847,1.0661901122709145,0.00000002
302473.2406347825,4123839.225470631,1.0661901105382354,0.00000002
302473.2648079212,4123839.269238877,1.0661901032698153,0.00000002
302473.2889810601,4123839.313007123,1.0661901091200745,0.00000002
302473.31315419887,4123839.356775369,1.0661901113487995,0.00000003
302473.33732733753,4123839.400543615,1.0661901062146615,0.00000003
302473.36150047625,4123839.444311861,1.0661901092673167,0.00000004
302473.38567361503,4123839.488080107,1.0661901123242674,0.00000004
302473.40984675364,4123839.5318483533,1.066190110540903,0.00000004
302473.43401989236,4123839.5756165995,1.0661901042380548,0.00000005
302473.4581930312,4123839.6193848453,1.0661901082003806,0.00000006
302473.48236617004,4123839.6631530914,1.0661901113028147,0.00000007
302473.5065393087,4123839.7069213376,1.0661901071804682,0.00000008
302473.53071244736,4123839.7506895834,1.0661901073793951,0.00000008
302473.55488558626,4123839.7944578296,1.0661901093255535,0.00000010
302473.57905872504,4123839.8382260757,1.0661901070816053,0.00000011
302473.6032318637,4123839.8819943215,1.0661901102787699,0.00000012
302473.6274050024,4123839.9257625677,1.0661901085024164,0.00000014
302473.65157814126,4123839.969530814,1.0661901051042366,0.00000016
302473.67575128004,4123840.0132990596,1.0661901111480074,0.00000018
302473.6999244187,4123840.057067306,1.0661901104820901,0.00000021
302473.7240975574,4123840.100835552,1.066190109480688,0.00000024
302473.7482706962,4123840.144603798,1.0661901113668302,0.00000027
302473.77244383487,4123840.1883720444,1.066190106215563,0.00000031
302473.7966169736,4123840.23214029,1.066190108299256,0.00000035
302473.8207901124,4123840.2759085363,1.0661901084034406,0.00000040
302473.84496325126,4123840.3196767825,1.0661901070354995,0.00000046
302473.8691363899,4123840.363445028,1.0661901093083586,0.00000052
302473.8933095287,4123840.4072132744,1.0661901074857898,0.00000060
302473.9174826676,4123840.4509815206,1.0661901021490874,0.00000068
302473.94165580656,4123840.4947497663,1.0661901080959322,0.00000078
302473.9658289454,4123840.5385180125,1.0661901041158062,0.00000088
302473.99000208423,4123840.582286258,1.0661901043218442,0.00000101
302474.0141752233,4123840.6260545044,1.0661901000546778,0.00000115
302474.0383483624,4123840.66982275,1.0661901017775317,0.00000131
302474.0625215013,4123840.713590996,1.0661901061411423,0.00000149
302474.0866946403,4123840.757359242,1.066190099177537,0.00000170
302474.1108677794,4123840.801127488,1.0661901007655687,0.00000194
302474.1350409184,4123840.8448957335,1.0661901022181206,0.00000221
302474.1592140576,4123840.8886639797,1.0661900931727504,0.00000252
302474.1833871971,4123840.9324322254,1.0661900855386959,0.00000287
302474.20756033674,4123840.9762004707,1.0661900884663553,0.00000327
302474.23173347645,4123841.0199687164,1.0661900814309524,0.00000373
302474.25590661634,4123841.0637369617,1.0661900810791822,0.00000425
302474.2800797562,4123841.107505207,1.066190085339062,0.00000484
302474.3042528961,4123841.1512734527,1.066190077402164,0.00000551
302474.3284260362,4123841.195041698,1.066190077005319,0.00000628
302474.35259917635,4123841.238809943,1.0661900760173708,0.00000715
302474.3767723165,4123841.2825781885,1.0661900620094458,0.00000815
302474.4009454573,4123841.3263464333,1.0661900564685198,0.00000928
302474.42511859833,4123841.370114678,1.0661900494147323,0.00001057
302474.4492917398,4123841.413882923,1.066190036071621,0.00001204
302474.47346488177,4123841.457651167,1.0661900243502556,0.00001371
302474.49763802416,4123841.501419411,1.0661900150512342,0.00001562
302474.52181116707,4123841.545187655,1.0661900015958612,0.00001779
302474.5459843105,4123841.5889558983,1.0661899922101397,0.00002026
302474.57015745447,4123841.6327241417,1.0661899797185377,0.00002307
302474.5943305989,4123841.6764923846,1.0661899719121706,0.00002627
302474.6185037435,4123841.720260627,1.0661899618407935,0.00002991
302474.6426768887,4123841.7640288696,1.0661899477837427,0.00003406
302474.6668500347,4123841.807797112,1.0661899177906824,0.00003878
302474.69102318166,4123841.851565353,1.0661898849065963,0.00004415
302474.7151963303,4123841.8953335937,1.066189853814171,0.00005026
302474.7393694804,4123841.939101834,1.0661898113520707,0.00005722
302474.7635426322,4123841.9828700726,1.0661897696946399,0.00006513
302474.7877157859,4123842.0266383104,1.0661897396947118,0.00007413
302474.81188894075,4123842.0704065473,1.0661897029378604,0.00008436
302474.83606209746,4123842.1141747837,1.066189643329692,0.00009599
302474.8602352566,4123842.1579430182,1.0661895771753727,0.00010922
302474.8844084188,4123842.2017112514,1.0661894928627949,0.00012424
302474.9085815848,4123842.2454794827,1.0661894140139923,0.00014130
302474.93275475403,4123842.2892477117,1.0661893193856355,0.00016066
302474.9569279277,4123842.3330159388,1.0661891966142956,0.00018264
302474.9811011066,4123842.3767841626,1.066189080585703,0.00020757
302475.0052742906,4123842.4205523836,1.066188931168555,0.00023581
302475.0294474812,4123842.464320601,1.0661887622510273,0.00026781
302475.0536206792,4123842.508088814,1.0661885648464768,0.00030400
302475.07779388595,4123842.5518570226,1.0661883582727367,0.00034492
302475.101967102,4123842.5956252264,1.0661881176728234,0.00039113
302475.12614032824,4123842.6393934237,1.0661878178483482,0.00044322
302475.15031356795,4123842.683161614,1.0661874832731633,0.00050187
302475.1744868225,4123842.7269297964,1.0661871258201077,0.00056779
302475.19866009266,4123842.77069797,1.0661867088897785,0.00064172
302475.22283338115,4123842.8144661332,1.0661862195979819,0.00072443
302475.2470066911,4123842.8582342844,1.066185682718359,0.00081671
302475.27118002495,4123842.902002423,1.066185060676222,0.00091934
302475.2953533861,4123842.9457705463,1.0661843524030103,0.00103303
302475.3195267784,4123842.9895386524,1.066183557440197,0.00115843
302475.3437002056,4123843.033306739,1.0661826298589323,0.00129601
302475.36787367385,4123843.077074803,1.0661815824472973,0.00144601
302475.3920471881,4123843.1208428415,1.066180389705949,0.00160833
302475.416220755,4123843.164610851,1.0661790282514352,0.00178251
302475.44039438193,4123843.2083788277,1.0661774839241187,0.00196790
302475.4645680768,4123843.2521467665,1.0661757178549753,0.00216371
302475.4887418495,4123843.2959146625,1.0661737238229938,0.00236911
302475.51291571005,4123843.33968251,1.066171436969962,0.00258325
302475.53708967124,4123843.383450302,1.0661688317867484,0.00280532
302475.5612637472,4123843.42721803,1.066165861249815,0.00303450
302475.5854379541,4123843.4709856864,1.066162494122717,0.00327029
302475.60961230926,4123843.5147532606,1.0661586517112245,0.00351185
302475.6337868336,4123843.5585207413,1.0661542895782552,0.00375836
302475.65796155005,4123843.602288116,1.066149310538653,0.00400923
302475.6821364859,4123843.646055369,1.0661436335689498,0.00426389
302475.70631167194,4123843.6898224847,1.0661371617478668,0.00452185
302475.73048714286,4123843.7335894424,1.0661298249624596,0.00478264
302475.75466293696,4123843.777356222,1.066121442928055,0.00504581
302475.7788391003,4123843.821122797,1.066111898114225,0.00531097
302475.8030156843,4123843.8648891407,1.0661010440891978,0.00557772
302475.8271927461,4123843.9086552197,1.066088686352623,0.00584570
302475.85137035215,4123843.952420998,1.0660746252533648,0.00611456
302475.8755485777,4123843.9961864343,1.0660586056093644,0.00638396
302475.8997275089,4123844.039951481,1.0660403630913249,0.00665358
302475.9239072434,4123844.0837160833,1.0660195912876895,0.00000000
302475.94808789296,4123844.1274801805,1.065995948266702,0.00000000
302475.9722695837,4123844.171243702,1.0659690553174561,0.00000000
302475.996452459,4123844.2150065694,1.0659384420748028,0.00000000
302476.02063668234,4123844.258768691,1.0659036153003136,0.00000000
302476.0448224398,4123844.302529966,1.0658639920676953,0.00000000
302476.069009942,4123844.346290276,1.0658189000413973,0.00000000
302476.0931994301,4123844.3900494883,1.065767618905695,0.00000000
302476.1173911764,4123844.433807452,1.0657093009772447,0.00000000
302476.1415854908,4123844.4775639963,1.0656430007038291,0.00000000
302476.1657827245,4123844.521318926,1.065567631618493,0.00000000
302476.18998327694,4123844.5650720205,1.0654819832790858,0.00000000
302476.21418760024,4123844.608823029,1.0653847183628677,0.00000000
302476.2383962056,4123844.652571668,1.0652742826891655,0.00000000
302476.2626096725,4123844.6963176164,1.0651489459140244,0.00000000
302476.28682865645,4123844.7400605106,1.0650067760593414,0.00000000
302476.3110538979,4123844.78379994,1.0648456176413525,0.00000000
302476.33528623177,4123844.82753544,1.0646630654175702,0.00000000
302476.3595265985,4123844.871266489,1.0644564481449514,0.00000000
302476.38377605553,4123844.9149924973,1.0642228320602796,0.00000000
302476.4080357892,4123844.958712805,1.0639589749910756,0.00000000
302476.4323071274,4123845.0024266713,1.0636613628059024,0.00000000
302476.45659155195,4123845.046133269,1.0633261782737056,0.00000000
302476.4808907112,4123845.0898316763,1.062949339770009,0.00000000
302476.50520643155,4123845.13352087,1.0625265562843114,0.00000000
302476.52954072657,4123845.177199721,1.0620533409499673,0.00000000
302476.5538958041,4123845.2208669866,1.0615251815685167,0.00000000
302476.5782740673,4123845.2645213115,1.060937653263304,0.00000000
302476.6026781109,4123845.30816123,1.0602865930317427,0.00000000
302476.627110707,4123845.351785168,1.0595684642566041,0.00000000
302476.651574778,4123845.3953914624,1.0587806657065253,0.00000000
302476.67607335397,4123845.43897838,1.0579220750811236,0.00000000
302476.7006095059,4123845.482544155,1.0569937248556718,0.00000000
302476.72518625105,4123845.526087042,1.0559996432818655,0.00000000
302476.74980641925,4123845.56960539,1.0549479611299983,0.00000000
302476.77447247267,4123845.613097746,1.0538523286572803,0.00000000
302476.7991862633,4123845.6565629933,1.0527336840075554,0.00000000
302476.82394871296,4123845.700000537,1.0516226110314064,0.00000000
302476.8487593928,4123845.743410552,1.050550261191082,0.00000000
302476.87361652125,4123845.7867939877,1.0495362119159548,0.00000000
302476.89851749735,4123845.8301522722,1.0485914253456776,0.00000000
302476.9234592693,4123845.8734871033,1.0477209585577325,0.00000000
302476.9484385845,4123845.9168003057,1.046925889429955,0.00000000
302476.9734521578,4123845.960093735,1.0462047584773948,0.00000000
302476.9984967765,4123846.003369212,1.0455545091808363,0.00000000
302477.02356936893,4123846.0466284896,1.0449518849773236,0.00000000
302477.0486679177,4123846.089872713,1.0444219279246691,0.00000000
302477.0737892149,4123846.133103725,1.0439650518977857,0.00000000
302477.0989300945,4123846.176323352,1.0435617174708443,0.00000000
302477.12408828206,4123846.2195329056,1.0432068916723034,0.00000000
302477.14926168957,4123846.262733594,1.0428965879130105,0.00000000
302477.17444840015,4123846.3059265283,1.042627182421302,0.00000000
302477.19964665314,4123846.3491127295,1.0423954532924895,0.00000000
302477.2248548275,4123846.3922931408,1.0421985697013525,0.00000000
302477.2500714239,4123846.4354686346,1.0420340572757838,0.00000000
302477.2752950492,4123846.478640022,1.0418998164442224,0.00000000
302477.30052440084,4123846.5218080636,1.0417941290635195,0.00000000
302477.32575824985,4123846.5649734763,1.041715596343117,0.00000000
302477.3509954271,4123846.6081369435,1.0416631576986841,0.00000000
302477.3762348084,4123846.651299122,1.0416631576986841,0.00000000
