302467.8643828952,4123829.4031583057,0.9096049759747808,0.00000000
302467.8885296705,4123829.446941102,1.0589329859432324,0.00000000
302467.91267644556,4123829.490723898,1.0663993864416548,0.00000000
302467.93682322063,4123829.5345066944,1.066772706466576,0.00000000
302467.9609699957,4123829.5782894907,1.0667913714993942,0.00000000
302467.98511677084,4123829.622072287,1.066792309992266,0.00000000
302468.0092635459,4123829.6658550836,1.0667923516756788,0.00000000
302468.03341032105,4123829.70963788,1.0667923537598494,0.00000000
302468.0575570962,4123829.753420676,1.0667923548324858,0.00000000
302468.08170387126,4123829.7972034723,1.0667923548861176,0.00000000
302468.10585064633,4123829.8409862686,1.0667923548887992,0.00000000
302468.1299974214,4123829.884769065,1.0667923539205053,0.00000000
302468.15414419654,4123829.928551861,1.0667923591133215,0.00000000
302468.1782909716,4123829.972334658,1.066792347922073,0.00000000
302468.20243774686,4123830.0161174536,1.0667923506668857,0.00000000
302468.22658452217,4123830.05990025,1.0667923546778375,0.00000000
302468.25073129724,4123830.103683046,1.0667923581827603,0.00000000
302468.2748780724,4123830.147465843,1.0667923540852036,0.00000000
302468.2990248475,4123830.191248639,1.0667923538803257,0.00000000
302468.32317162264,4123830.2350314353,1.0667923548385094,0.00000000
302468.3473183977,4123830.2788142315,1.0667923548864187,0.00000000
302468.3714651728,4123830.3225970278,1.066792354888814,0.00000000
302468.39561194787,4123830.366379824,1.0667923539205062,0.00000000
302468.419758723,4123830.4101626202,1.0667923548405185,0.00000000
302468.4439054981,4123830.4539454165,1.0667923591593222,0.00000000
302468.46805227315,4123830.497728213,1.066792352197176,0.00000000
302468.4921990484,4123830.5415110094,1.066792346607838,0.00000000
302468.5163458237,4123830.585293805,1.0667923577792604,0.00000000
302468.54049259884,4123830.629076602,1.0667923540650284,0.00000000
302468.564639374,4123830.672859398,1.066792353879317,0.00000000
302468.5887861491,4123830.7166421944,1.066792354838459,0.00000000
302468.6129329242,4123830.7604249907,1.0667923548864162,0.00000000
302468.63707969926,4123830.804207787,1.066792354888814,0.00000000
302468.66122647433,4123830.847990583,1.066792354888934,0.00000000
302468.6853732494,4123830.8917733794,1.0667923539205122,0.00000000
302468.70952002454,4123830.9355561757,1.066792359113322,0.00000000
302468.7336667996,4123830.9793389724,1.066792352194876,0.00000000
302468.75781357486,4123831.0231217686,1.066792346607723,0.00000000
302468.78196035017,4123831.0669045644,1.0667923525380238,0.00000000
302468.80610712536,4123831.1106873606,1.0667923590441974,0.00000000
302468.83025390044,4123831.1544701573,1.0667923550967031,0.00000000
302468.8544006755,4123831.1982529536,1.0667923539309005,0.00000000
302468.87854745064,4123831.24203575,1.0667923548410383,0.00000000
302468.9026942257,4123831.285818546,1.0667923548865452,0.00000000
302468.9268410008,4123831.3296013423,1.0667923548888205,0.00000000
302468.95098777587,4123831.3733841386,1.0667923539205064,0.00000000
302468.975134551,4123831.417166935,1.0667923591133215,0.00000000
302468.9992813261,4123831.4609497315,1.0667923541317315,0.00000000
302469.0234281012,4123831.504732528,1.066792353882652,0.00000000
302469.04757487634,4123831.548515324,1.0667923519333424,0.00000000
302469.0717216516,4123831.5922981203,1.066792351835877,0.00000000
302469.09586842684,4123831.6360809165,1.0667923537678594,0.00000000
302469.120015202,4123831.6798637128,1.0667923538644584,0.00000000
302469.1441619771,4123831.723646509,1.066792354837716,0.00000000
302469.1683087522,4123831.7674293052,1.0667923548863791,0.00000000
302469.19245552726,4123831.8112121015,1.0667923548888123,0.00000000
302469.21660230233,4123831.8549948977,1.0667923548889338,0.00000000
302469.2407490774,4123831.898777694,1.0667923581933152,0.00000000
302469.26489585254,4123831.9425604907,1.0667923540857311,0.00000000
302469.2890426277,4123831.986343287,1.066792353880352,0.00000000
302469.3131894028,4123832.030126083,1.0667923529016552,0.00000000
302469.337336178,4123832.0739088794,1.0667923509158648,0.00000001
302469.3614829533,4123832.1176916757,1.0667923537218587,0.00000000
302469.38562972844,4123832.161474472,1.0667923548305862,0.00000000
302469.4097765035,4123832.205257268,1.0667923539175947,0.00000000
302469.43392327864,4123832.2490400644,1.066792354840373,0.00000001
302469.4580700537,4123832.2928228606,1.066792354886512,0.00000000
302469.4822168288,4123832.336605657,1.066792353920391,0.00000000
302469.5063636039,4123832.380388453,1.066792358144888,0.00000001
302469.53051037906,4123832.42417125,1.0667923550517378,0.00000000
302469.55465715413,4123832.467954046,1.0667923539286523,0.00000000
302469.57880392927,4123832.5117368423,1.066792354840926,0.00000000
302469.60295070434,4123832.5555196386,1.0667923529496839,0.00000000
302469.62709747953,4123832.599302435,1.0667923509182664,0.00000000
302469.65124425484,4123832.643085231,1.0667923537219788,0.00000000
302469.67539103,4123832.6868680273,1.0667923548305922,0.00000000
302469.69953780505,4123832.7306508236,1.066792353917595,0.00000001
302469.7236845802,4123832.77443362,1.066792354840373,0.00000000
302469.74783135526,4123832.818216416,1.0667923539180841,0.00000000
302469.7719781304,4123832.8619992123,1.0667923581447727,0.00000001
302469.7961249055,4123832.905782009,1.066792355051732,0.00000000
302469.8202716806,4123832.9495648053,1.06679235489708,0.00000000
302469.8444184557,4123832.9933476015,1.0667923539209194,0.00000000
302469.8685652308,4123833.0371303977,1.0667923548405391,0.00000000
302469.8927120059,4123833.080913194,1.0667923529496646,0.00000000
302469.9168587811,4123833.1246959902,1.0667923509182653,0.00000000
302469.9410055564,4123833.1684787865,1.0667923537219788,0.00000000
302469.9651523315,4123833.2122615827,1.0667923538621644,0.00000001
302469.98929910664,4123833.256044379,1.0667923548376015,0.00000000
302470.0134458817,4123833.299827175,1.0667923539179456,0.00000000
302470.03759265685,4123833.3436099715,1.0667923538719628,0.00000001
302470.061739432,4123833.3873927677,1.0667923591108943,0.00000000
302470.08588620706,4123833.4311755644,1.066792355100038,0.00000000
302470.11003298213,4123833.4749583607,1.0667923539310673,0.00000000
302470.13417975727,4123833.518741157,1.0667923548410465,0.00000000
302470.15832653234,4123833.562523953,1.06679235294969,0.00000001
302470.18247330753,4123833.6063067494,1.0667923509182666,0.00000001
302470.20662008284,4123833.6500895456,1.0667923537219788,0.00000000
302470.230766858,4123833.693872342,1.0667923538621644,0.00000001
302470.2549136331,4123833.737655138,1.0667923538691737,0.00000001
302470.27906040824,4123833.7814379344,1.0667923548379519,0.00000000
302470.3032071833,4123833.8252207306,1.0667923539179631,0.00000000
302470.32735395845,4123833.869003527,1.0667923591131945,0.00000000
302470.3515007335,4123833.9127863236,1.066792355100153,0.00000000
302470.3756475086,4123833.95656912,1.0667923548995009,0.00000000
302470.3997942837,4123834.000351916,1.0667923539210404,0.00000000
302470.4239410588,4123834.0441347123,1.0667923548405454,0.00000001
302470.4480878339,4123834.0879175086,1.066792352949665,0.00000000
302470.4722346091,4123834.131700305,1.0667923509182653,0.00000000
302470.4963813844,4123834.175483101,1.0667923517851232,0.00000001
302470.5205281596,4123834.2192658973,1.0667923547337494,0.00000000
302470.5446749347,4123834.2630486935,1.0667923548811806,0.00000000
302470.5688217098,4123834.30683149,1.0667923539201245,0.00000000
302470.5929684849,4123834.350614286,1.0667923591133024,0.00000000
302470.61711526,4123834.3943970827,1.0667923551001584,0.00000000
302470.64126203506,4123834.438179879,1.066792354899501,0.00000000
302470.66540881013,4123834.481962675,1.0667923539210404,0.00000000
302470.68955558527,4123834.5257454715,1.0667923548405454,0.00000001
302470.71370236034,4123834.5695282677,1.066792352949665,0.00000000
302470.73784913553,4123834.613311064,1.0667923509182653,0.00000000
302470.76199591084,4123834.65709386,1.066792352753551,0.00000001
302470.78614268603,4123834.7008766565,1.066792353813743,0.00000001
302470.81028946117,4123834.7446594527,1.0667923548351803,0.00000000
302470.83443623624,4123834.788442249,1.0667923548862523,0.00000000
302470.8585830113,4123834.832225045,1.066792358193181,0.00000000
302470.88272978645,4123834.876007842,1.0667923550541523,0.00000000
302470.9068765615,4123834.919790638,1.066792354897201,0.00000000
302470.9310233366,4123834.9635734344,1.0667923548893532,0.00000000
302470.9551701117,4123835.0073562306,1.066792353920533,0.00000001
302470.9793168868,4123835.051139027,1.0667923548405198,0.00000000
302471.0034636619,4123835.094921823,1.0667923539180915,0.00000000
302471.027610437,4123835.1387046194,1.0667923529035424,0.00000000
302471.0517572122,4123835.1824874156,1.0667923509159591,0.00000001
302471.0759039875,4123835.226270212,1.0667923527534355,0.00000000
302471.1000507627,4123835.270053008,1.066792354782165,0.00000000
302471.1241975378,4123835.3138358044,1.0667923581879768,0.00000000
302471.1483443129,4123835.357618601,1.066792355053892,0.00000000
302471.172491088,4123835.4014013973,1.0667923548971878,0.00000000
302471.19663786306,4123835.4451841936,1.0667923548893525,0.00000000
302471.22078463814,4123835.48896699,1.066792353920533,0.00000001
302471.24493141327,4123835.532749786,1.066792353872092,0.00000000
302471.2690781884,4123835.5765325823,1.06679235386967,0.00000000
302471.29322496353,4123835.6203153785,1.066792353869549,0.00000000
302471.31737173867,4123835.664098175,1.0667923509642596,0.00000000
302471.341518514,4123835.707880971,1.0667923527558507,0.00000000
302471.36566528917,4123835.7516637673,1.0667923547822857,0.00000000
302471.38981206424,4123835.7954465635,1.0667923591564106,0.00000000
302471.4139588393,4123835.83922936,1.066792354133886,0.00000000
302471.43810561445,4123835.8830121565,1.0667923548511875,0.00000000
302471.4622523895,4123835.9267949527,1.0667923548870526,0.00000000
302471.4863991646,4123835.970577749,1.066792353920418,0.00000001
302471.51054593973,4123836.014360545,1.0667923538720863,0.00000001
302471.53469271486,4123836.0581433414,1.0667923548380975,0.00000000
302471.55883948994,4123836.1019261377,1.0667923539179704,0.00000000
302471.5829862651,4123836.145708934,1.0667923591131947,0.00000000
302471.60713304015,4123836.1894917306,1.0667923541317252,0.00000000
302471.6312798153,4123836.233274527,1.0667923509773685,0.00000000
302471.6554265906,4123836.277057323,1.0667923527565062,0.00000001
302471.6795733658,4123836.3208401194,1.0667923538138908,0.00000000
302471.7037201409,4123836.3646229156,1.0667923548351879,0.00000000
302471.727866916,4123836.408405712,1.0667923539178248,0.00000000
302471.7520136911,4123836.452188508,1.0667923538719566,0.00000001
302471.77616046625,4123836.4959713044,1.066792354838091,0.00000000
302471.8003072413,4123836.5397541006,1.0667923548863978,0.00000000
302471.8244540164,4123836.583536897,1.0667923548888132,0.00000000
302471.8486007915,4123836.627319693,1.0667923581933092,0.00000000
302471.8727475666,4123836.67110249,1.066792354085731,0.00000000
302471.89689434174,4123836.714885286,1.0667923509750687,0.00000001
302471.92104111705,4123836.7586680823,1.0667923527563912,0.00000000
302471.94518789224,4123836.8024508785,1.0667923547823128,0.00000000
302471.9693346673,4123836.846233675,1.0667923539151811,0.00000000
302471.99348144245,4123836.890016471,1.0667923538718245,0.00000000
302472.0176282176,4123836.9337992673,1.0667923538696567,0.00000001
302472.0417749927,4123836.9775820635,1.066792354837976,0.00000001
302472.0659217678,4123837.02136486,1.066792354886392,0.00000000
302472.09006854286,4123837.065147656,1.0667923548888127,0.00000000
302472.11421531794,4123837.1089304523,1.0667923581933092,0.00000000
302472.1383620931,4123837.152713249,1.0667923550541587,0.00000000
302472.16250886815,4123837.196496045,1.0667923539287734,0.00000000
302472.1866556433,4123837.2402788415,1.0667923509672208,0.00000000
302472.2108024186,4123837.2840616377,1.0667923527559988,0.00000001
302472.2349491938,4123837.327844434,1.0667923538138655,0.00000000
302472.2590959689,4123837.37162723,1.0667923538667587,0.00000000
302472.28324274404,4123837.4154100264,1.0667923538694033,0.00000000
302472.3073895192,4123837.4591928227,1.0667923548379634,0.00000001
302472.33153629425,4123837.502975619,1.0667923548863913,0.00000000
302472.3556830693,4123837.546758415,1.0667923548888127,0.00000000
302472.3798298444,4123837.5905412114,1.066792359161737,0.00000000
302472.4039766195,4123837.634324008,1.0667923541341524,0.00000000
302472.4281233946,4123837.6781068044,1.066792353882773,0.00000000
302472.45227016974,4123837.7218896006,1.0667923519333486,0.00000001
302472.476416945,4123837.765672397,1.0667923508674495,0.00000000
302472.5005637203,4123837.809455193,1.066792353719438,0.00000000
302472.52471049543,4123837.8532379894,1.0667923548304652,0.00000000
302472.5488572705,4123837.8970207856,1.0667923548860165,0.00000000
302472.5730040456,4123837.940803582,1.0667923539203663,0.00000001
302472.5971508207,4123837.984586378,1.0667923548405116,0.00000000
302472.6212975958,4123838.0283691743,1.0667923548865188,0.00000000
302472.64544437086,4123838.0721519706,1.0667923591616222,0.00000000
302472.66959114594,4123838.1159347673,1.0667923541341466,0.00000000
302472.6937379211,4123838.1597175635,1.0667923548512006,0.00000000
302472.71788469615,4123838.20350036,1.0667923539186255,0.00000000
302472.7420314713,4123838.247283156,1.0667923538719968,0.00000001
302472.7661782464,4123838.2910659523,1.066792350964382,0.00000000
302472.7903250217,4123838.3348487485,1.066792351787429,0.00000001
302472.81447179697,4123838.3786315448,1.0667923547338647,0.00000000
302472.83861857204,4123838.422414341,1.0667923539127586,0.00000001
302472.8627653472,4123838.4661971373,1.0667923548401312,0.00000000
302472.88691212225,4123838.5099799335,1.0667923548864997,0.00000000
302472.9110588973,4123838.5537627297,1.0667923591616213,0.00000000
302472.9352056724,4123838.5975455265,1.0667923541341464,0.00000000
302472.95935244753,4123838.6413283227,1.0667923538827728,0.00000000
302472.98349922267,4123838.685111119,1.0667923548386318,0.00000000
302473.00764599774,4123838.728893915,1.066792353917997,0.00000000
302473.0317927729,4123838.7726767114,1.066792350966682,0.00000000
302473.0559395482,4123838.8164595077,1.066792351787544,0.00000000
302473.08008632343,4123838.860242304,1.0667923547338705,0.00000000
302473.1042330985,4123838.9040251,1.0667923548811868,0.00000000
302473.1283798736,4123838.9478078964,1.0667923539201247,0.00000000
302473.1525266487,4123838.9915906927,1.0667923548404994,0.00000000
302473.1766734238,4123839.035373489,1.0667923591593211,0.00000000
302473.20082019886,4123839.0791562856,1.0667923551024594,0.00000000
302473.22496697394,4123839.122939082,1.0667923539311883,0.00000000
302473.2491137491,4123839.166721878,1.066792353872625,0.00000000
302473.2732605242,4123839.2105046744,1.0667923538696966,0.00000000
302473.29740729934,4123839.2542874706,1.0667923519326947,0.00000001
302473.3215540746,4123839.298070267,1.0667923508674169,0.00000000
302473.3457008499,4123839.341853063,1.0667923546878642,0.00000000
302473.36984762497,4123839.3856358593,1.0667923548788865,0.00000000
302473.39399440004,4123839.4294186556,1.0667923548884375,0.00000000
302473.4181411751,4123839.473201452,1.0667923539204873,0.00000000
302473.44228795025,4123839.516984248,1.0667923591133206,0.00000000
302473.4664347253,4123839.560767045,1.0667923541317315,0.00000000
302473.49058150046,4123839.604549841,1.066792353882652,0.00000001
302473.5147282756,4123839.6483326373,1.0667923548386258,0.00000000
302473.53887505067,4123839.6921154335,1.0667923548864244,0.00000000
302473.56302182574,4123839.7358982298,1.0667923539203867,0.00000001
302473.5871686009,4123839.779681026,1.0667923548405125,0.00000000
302473.61131537595,4123839.8234638222,1.0667923510128077,0.00000000
302473.63546215126,4123839.8672466185,1.0667923517898503,0.00000000
302473.6596089265,4123839.9110294147,1.0667923547339857,0.00000000
302473.6837557016,4123839.954812211,1.0667923539127648,0.00000000
302473.7079024767,4123839.998595007,1.0667923538717037,0.00000000
302473.73204925185,4123840.0423778035,1.0667923581424537,0.00000000
302473.756196027,4123840.0861606,1.0667923550516158,0.00000000
302473.78034280206,4123840.1299433964,1.0667923548970741,0.00000000
302473.80448957713,4123840.1737261927,1.066792354889347,0.00000000
302473.8286363522,4123840.217508989,1.0667923539205328,0.00000001
302473.85278312734,4123840.261291785,1.0667923548405198,0.00000001
302473.8769299024,4123840.3050745814,1.066792351981236,0.00000000
302473.90107667766,4123840.3488573777,1.0667923508698438,0.00000000
302473.92522345297,4123840.392640174,1.0667923546879854,0.00000000
302473.94937022805,4123840.43642297,1.0667923539104647,0.00000001
302473.9735170032,4123840.4802057664,1.0667923538715887,0.00000000
302473.9976637783,4123840.5239885626,1.0667923591108757,0.00000001
302474.0218105534,4123840.5677713593,1.0667923541316093,0.00000001
302474.0459573285,4123840.6115541556,1.0667923548510738,0.00000001
302474.0701041036,4123840.655336952,1.0667923548870468,0.00000000
302474.09425087867,4123840.699119748,1.0667923548888456,0.00000001
302474.11839765374,4123840.7429025443,1.0667923539205078,0.00000001
302474.1425444289,4123840.7866853406,1.0667923548405187,0.00000000
302474.16669120395,4123840.830468137,1.066792351981236,0.00000000
302474.1908379792,4123840.874250933,1.0667923508698438,0.00000001
302474.2149847545,4123840.9180337293,1.0667923537195576,0.00000000
302474.23913152964,4123840.9618165256,1.0667923538620434,0.00000000
302474.2632783048,4123841.005599322,1.0667923591103985,0.00000000
302474.28742507985,4123841.0493821185,1.0667923541315854,0.00000000
302474.311571855,4123841.0931649148,1.0667923548510725,0.00000000
302474.33571863006,4123841.136947711,1.0667923548870468,0.00000001
302474.35986540513,4123841.1807305072,1.0667923548888456,0.00000000
302474.3840121802,4123841.2245133035,1.0667923539205078,0.00000000
302474.40815895534,4123841.2682960997,1.0667923548405187,0.00000000
302474.4323057304,4123841.312078896,1.066792351981236,0.00000000
302474.45645250566,4123841.355861692,1.0667923508698438,0.00000001
302474.48059928097,4123841.3996444885,1.0667923527511298,0.00000000
302474.50474605616,4123841.4434272847,1.0667923547820497,0.00000001
302474.52889283124,4123841.487210081,1.0667923591563988,0.00000001
302474.5530396063,4123841.5309928777,1.0667923551023133,0.00000001
302474.5771863814,4123841.574775674,1.0667923539311812,0.00000002
302474.6013331565,4123841.61855847,1.0667923548410523,0.00000002
302474.6254799316,4123841.6623412664,1.066792354886546,0.00000002
302474.64962670667,4123841.7061240626,1.0667923548888205,0.00000002
302474.67377348174,4123841.749906859,1.0667923539205064,0.00000003
302474.6979202569,4123841.793689655,1.0667923548405185,0.00000003
302474.72206703195,4123841.8374724514,1.0667923581908945,0.00000004
302474.7462138071,4123841.881255248,1.0667923511803268,0.00000005
302474.7703605824,4123841.9250380443,1.0667923475254233,0.00000005
302474.79450735764,4123841.96882084,1.0667923578251397,0.00000006
302474.8186541328,4123842.012603637,1.0667923550357503,0.00000007
302474.84280090785,4123842.056386433,1.066792353927853,0.00000008
302474.866947683,4123842.1001692293,1.066792354840886,0.00000009
302474.89109445806,4123842.1439520256,1.0667923548865375,0.00000011
302474.91524123313,4123842.187734822,1.06679235488882,0.00000012
302474.9393880082,4123842.231517618,1.0667923539205064,0.00000014
302474.96353478334,4123842.2753004143,1.0667923538720907,0.00000016
302474.9876815585,4123842.3190832105,1.0667923591109008,0.00000018
302475.01182833355,4123842.3628660073,1.0667923521947549,0.00000021
302475.0359751088,4123842.4066488035,1.066792346607717,0.00000024
302475.0601218841,4123842.4504315993,1.0667923577792544,0.00000028
302475.08426865924,4123842.494214396,1.066792355033456,0.00000032
302475.1084154343,4123842.5379971922,1.066792354896166,0.00000036
302475.1325622094,4123842.5817799885,1.0667923539208737,0.00000042
302475.1567089845,4123842.6255627847,1.066792354840537,0.00000048
302475.1808557596,4123842.669345581,1.0667923539180924,0.00000055
302475.2050025347,4123842.713128377,1.0667923538719701,0.00000062
302475.22914930986,4123842.7569111735,1.0667923548380918,0.00000071
302475.25329608493,4123842.8006939697,1.066792358190773,0.00000081
302475.27744286007,4123842.8444767664,1.0667923540856041,0.00000093
302475.3015896352,4123842.8882595627,1.0667923538803457,0.00000106
302475.32573641033,4123842.932042359,1.0667923457235686,0.00000121
302475.3498831857,4123842.9758251547,1.066792348620105,0.00000138
302475.3740299611,4123843.019607951,1.0667923507017874,0.00000158
302475.39817673643,4123843.063390747,1.0667923508058714,0.00000180
302475.42232351174,4123843.1071735434,1.0667923508110757,0.00000206
302475.44647028705,4123843.1509563397,1.0667923498429082,0.00000235
302475.4706170624,4123843.194739136,1.0667923497944998,0.00000268
302475.4947638378,4123843.238521932,1.0667923455192763,0.00000305
302475.51891061314,4123843.282304728,1.0667923476414627,0.00000348
302475.5430573886,4123843.326087524,1.0667923487159996,0.00000397
302475.56720416405,4123843.3698703204,1.0667923415916403,0.00000452
302475.59135093965,4123843.413653116,1.0667923416345144,0.00000516
302475.6154977155,4123843.4574359125,1.066792328248913,0.00000588
302475.6396444916,4123843.5012187078,1.0667923308840082,0.00000670
302475.6637912678,4123843.5450015035,1.0667923290789074,0.00000763
302475.6879380441,4123843.5887842993,1.0667923208421382,0.00000870
302475.7120848206,4123843.6325670946,1.0667923217978195,0.00000991
302475.7362315973,4123843.6763498904,1.066792314667517,0.00001129
302475.7603783742,4123843.7201326857,1.0667923061644875,0.00001286
302475.7845251513,4123843.7639154806,1.0667923051700008,0.00001465
302475.8086719287,4123843.807698276,1.066792292131623,0.00001669
302475.83281870664,4123843.8514810707,1.066792278491051,0.00001901
302475.8569654851,4123843.895263865,1.0667922638519416,0.00002166
302475.8811122641,4123843.939046659,1.066792252467281,0.00002467
302475.9052590438,4123843.982829453,1.0667922360041115,0.00002810
302475.92940582416,4123844.0266122464,1.0667922192870165,0.00003200
302475.95355260524,4123844.0703950394,1.0667921977150867,0.00003645
302475.9776993873,4123844.114177832,1.0667921759004153,0.00004151
302476.00184617034,4123844.157960624,1.0667921439902361,0.00004727
302476.02599295473,4123844.201743415,1.0667921115752814,0.00005383
302476.05013974046,4123844.2455262053,1.066792079534182,0.00006130
302476.07428652776,4123844.289308995,1.0667920341240276,0.00006980
302476.0984333169,4123844.3330917833,1.0667919965910309,0.00007948
302476.12258010794,4123844.376874571,1.0667919388860543,0.00009049
302476.1467269013,4123844.420657357,1.0667918848443807,0.00010303
302476.1708736972,4123844.4644401423,1.0667918094516042,0.00011729
302476.1950204962,4123844.508222925,1.0667917386316044,0.00013353
302476.21916729846,4123844.5520057064,1.0667916550515892,0.00015200
302476.2433141045,4123844.595788486,1.0667915477615457,0.00017302
302476.2674609152,4123844.6395712625,1.0667914224236348,0.00019692
302476.2916077313,4123844.683354036,1.0667912806884936,0.00022410
302476.31575455377,4123844.727136806,1.0667911212711274,0.00025501
302476.3399013833,4123844.7709195726,1.0667909369291904,0.00029015
302476.3640482209,4123844.8147023343,1.0667907339093392,0.00033009
302476.3881950676,4123844.8584850915,1.0667904968001805,0.00037545
302476.41234192456,4123844.9022678426,1.0667902295030671,0.00042698
302476.4364887933,4123844.946050587,1.066789936086778,0.00048547
302476.460635675,4123844.9898333247,1.0667895994932695,0.00055185
302476.48478257144,4123845.033616054,1.0667892095844937,0.00062711
302476.50892948516,4123845.0773987737,1.0667887485920642,0.00071241
302476.53307641926,4123845.1211814824,1.0667882276477965,0.00080901
302476.55722337635,4123845.1649641786,1.0667876410985937,0.00091829
302476.58137035917,4123845.2087468603,1.0667869770406908,0.00104181
302476.60551737115,4123845.2525295257,1.0667862343096282,0.00118123
302476.629664416,4123845.2963121734,1.066785375418875,0.00133839
302476.6538114987,4123845.3400948,1.0667843839677296,0.00151524
302476.6779586251,4123845.3838774026,1.066783269219564,0.00171386
302476.70210580056,4123845.427659978,1.0667819926715094,0.00193641
302476.7262530322,4123845.4714425225,1.0667805349668151,0.00218508
302476.75040032814,4123845.5152250314,1.066778882148971,0.00246203
302476.7745476969,4123845.5590075003,1.0667769988269884,0.00276928
302476.7986951488,4123845.6027899235,1.066774857253913,0.00310854
302476.82284269494,4123845.6465722946,1.0667724087597616,0.00348102
302476.84699034895,4123845.690354606,1.066769623396082,0.00388713
302476.8711381258,4123845.73413685,1.0667664573947235,0.00432616
302476.8952860419,4123845.777919017,1.0667628543360896,0.00479665
302476.91943411704,4123845.8217010964,1.0667587336364595,0.00529673
302476.94358237355,4123845.8654830754,1.0667540649499323,0.00582463
302476.9677308359,4123845.9092649412,1.066748738975566,0.00637806
302476.9918795329,4123845.9530466776,1.0667426692409807,0.00695459
302477.01602849737,4123845.9968282664,1.0667357593632887,0.00755214
302477.0401777662,4123846.040609687,1.0667278911594256,0.00816876
302477.06432738184,4123846.084390917,1.0667189272948496,0.00880266
302477.08847739245,4123846.1281719287,1.066708723497931,0.00945218
302477.11262785253,4123846.1719526923,1.06669710376227,0.01011584
302477.13677882473,4123846.215733174,1.066683882116083,0.01079231
302477.16093037924,4123846.2595133334,1.0666688368915445,0.01148041
302477.18508259696,4123846.303293128,1.0666516739845233,0.01217911
302477.2092355707,4123846.347072505,1.0666321296912193,0.01288751
302477.2333894056,4123846.390851407,1.0666098814920333,0.01360485
302477.25754422083,4123846.434629768,1.066584545591541,0.01433048
302477.28170015226,4123846.4784075134,1.0665557080170833,0.01506388
302477.3058573541,4123846.5221845573,1.0665228852708954,0.01580462
302477.3300160021,4123846.5659608035,1.0664855226922578,0.01655238
302477.35417629615,4123846.6097361413,1.0664429900068668,0.01730694
302477.37833846395,4123846.653510445,1.0663945665084111,0.01806817
302477.40250276495,4123846.6972835707,1.0663394401537212,0.01883602
302477.4266694944,4123846.741055356,1.06627670283867,0.01961051
302477.4508389875,4123846.784825615,1.0662052897309022,0.02039175
302477.4750116264,4123846.8285941374,1.0661240131846446,0.02117991
302477.4991878451,4123846.872360682,1.066031547504296,0.02197521
302477.52336813655,4123846.916124977,1.0659263243232804,0.02277792
302477.5475530621,4123846.959886711,1.0658066066302674,0.02358832
302477.5717432599,4123847.003645531,1.0656704221735125,0.02440671
302477.5959394548,4123847.047401035,1.0655155291470946,0.02523335
302477.6201424698,4123847.091152767,1.0653394007796952,0.02606842
302477.6443532393,4123847.1349002086,1.0651391833867188,0.02691197
302477.6685728226,4123847.1786427707,1.0649116241834804,0.02776382
302477.6928024222,4123847.2223797855,1.0646530427928906,0.02862346
302477.71704340196,4123847.266110494,1.0643593176525366,0.02948990
302477.7412973063,4123847.309834035,1.0640258395795528,0.03036184
302477.76556588174,4123847.3535494353,1.0636473751715299,0.03123773
302477.7898511032,4123847.3972555893,1.063218092709923,0.03211582
302477.81415520166,4123847.440951249,1.0627314687111458,0.03299447
302477.8384806924,4123847.4846350034,1.0621802621280467,0.03387138
302477.86283040623,4123847.528305259,1.061556446404936,0.03474438
302477.8872075243,4123847.5719602234,1.0608511279442445,0.03561118
302477.91161561373,4123847.6155978777,1.0600546002930682,0.03646937
302477.93605866324,4123847.659215959,1.0591562994064767,0.03731640
302477.9605411178,4123847.7028119327,1.0581448588300832,0.03814953
302477.9850679137,4123847.746382975,1.057008182304768,0.03896586
302478.00964450644,4123847.7899259473,1.0557336228367105,0.03976230
302478.0342768921,4123847.8334373794,1.0543082130725667,0.04053554
302478.0589716189,4123847.876913459,1.052719124095345,0.04128205
302478.0837357749,4123847.9203500263,1.0509542123152573,0.04199812
302478.1085769545,4123847.9637425877,1.049002892793096,0.04267982
302478.1335031836,4123848.007086347,1.0468572962368117,0.04332308
302478.1585227949,4123848.0503762667,1.044513894764933,0.04392372
302478.1836442323,4123848.0936071738,1.0419756771148212,0.04447758
302478.20887575985,4123848.136773918,1.0392551540465325,0.04498066
302478.2342250435,4123848.179871616,1.0363782271852278,0.04542933
302478.2596985654,4123848.2228959985,1.0333895141500014,0.04582065
302478.2853008148,4123848.2658439074,1.0303593013078078,0.04615278
302478.31103318365,4123848.3087139865,1.0273882061540827,0.04642558
302478.3368926791,4123848.3515075077,1.0245429402792905,0.04664130
302478.362873548,4123848.3942274544,1.021863379504377,0.04680374
302478.38896842464,4123848.436877862,1.0193438227406317,0.04691771
302478.41517032054,4123848.4794626087,1.0170250311109088,0.04698799
302478.4414704409,4123848.5219867607,1.0149248214420152,0.04702049
302478.46785932314,4123848.564455885,1.013011349704641,0.04702168
302478.49432900274,4123848.606874696,1.0112722171542978,0.04699751
302478.520872025,4123848.6492476515,1.009694111937091,0.04695388
302478.5474815244,4123848.691578892,1.0082627597419518,0.04689667
302478.57415126084,4123848.733872208,1.0069635132720842,0.04683174
302478.6008756304,4123848.776131023,1.0057818941611438,0.04676492
302478.6276496539,4123848.818358397,1.0047037602516122,0.04670207
302478.6544689591,4123848.860557027,1.0037154955168197,0.04664909
302478.6813297553,4123848.9027292593,1.002804166911946,0.04661196
302478.7082288027,4123848.9448771044,1.001957453885451,0.04659791
302478.73516338447,4123848.9870022503,1.0011636395615782,0.04661259
302478.76213128027,4123849.0291060773,1.00041160044567,0.04666213
302478.78913073963,4123849.071189671,0.9996907379287822,0.04675302
302478.8161604596,4123849.113253835,0.9989908786277675,0.04689179
302478.8432195654,4123849.155299102,0.9983022634710184,0.04708495
302478.87030759314,4123849.197325742,0.9976154956481119,0.04733876
302478.89742447285,4123849.239333771,0.9969214779454674,0.04765904
302478.9245705163,4123849.2813229603,0.9962114051332569,0.04805078
302478.9517464035,4123849.32329284,0.9954768758190435,0.04851768
302478.9789531656,4123849.3652427117,0.994709870476,0.04906140
302479.0061921667,4123849.4071716564,0.9939029623176678,0.04968065
302479.0334650797,4123849.4490785506,0.9930495380173421,0.05037171
302479.06077384955,4123849.490962087,0.9921441581767818,0.05112931
302479.08812064276,4123849.5328208064,0.9911831223336516,0.05194731
302479.1155077737,4123849.574653145,0.9901651751186484,0.05281915
302479.14293759846,4123849.6164575005,0.9890925414991458,0.05373823
302479.17041236843,4123849.658232331,0.9879723505647321,0.05469819
302479.1979340218,4123849.6999762896,0.9868185554357899,0.05569318
302479.22550389473,4123849.7416884177,0.9856545633729086,0.05671809
302479.2531223244,4123849.7833684124,0.9845136943994791,0.05776880
302479.28078823746,4123849.8250169056,0.983418238363948,0.05884246
302479.30849965906,4123849.866635134,0.9823816142101776,0.05993725
302479.33625408,4123849.9082247005,0.9814107139212849,0.06105213
302479.36404872383,4123849.9497873974,0.9804865027711209,0.06218678
302479.39188166644,4123849.991324457,0.9796508315992899,0.06334094
302479.4197491169,4123850.032838372,0.9788829629383075,0.06451591
302479.4476482881,4123850.074330976,0.9781744725396652,0.06571298
302479.47557671973,4123850.11580389,0.9775197150007913,0.06693382
302479.50353218283,4123850.157258588,0.9769126648282279,0.06818088
302479.53151270153,4123850.1986963777,0.9763470587459369,0.06945751
302479.5595165632,4123850.2401183965,0.9758164451002721,0.07076574
302479.5875423236,4123850.2815256016,0.9753143069717249,0.07210913
302479.61558881064,4123850.322918771,0.9748341610211518,0.07349173
302479.6436551211,4123850.364298501,0.9743694963291829,0.07491814
302479.6717406227,4123850.4056652086,0.9739137636271495,0.07639355
302479.699844954,4123850.4470191253,0.9734603709568644,0.07792371
302479.72796802706,4123850.4883602993,0.9730026056104216,0.07951505
302479.75611003104,4123850.5296885883,0.9725335883112933,0.08117463
302479.7842714399,4123850.571003657,0.9720461904840538,0.08291017
302479.8124530222,4123850.6123049674,0.9715329330595692,0.08473003
302479.8406558553,4123850.6535917697,0.9709858797645969,0.08664319
302479.86888134317,4123850.6948630866,0.9703966056106372,0.08865908
302479.897131238,4123850.736117701,0.9697559933210622,0.09078749
302479.9254076663,4123850.777354133,0.9690541576431378,0.09303826
302479.9537131611,4123850.818570617,0.9682803295662905,0.09542089
302479.9820506979,4123850.859765078,0.9674226868215013,0.09794405
302480.01042373525,4123850.900935094,0.9664682504978686,0.10061568
302480.03883626295,4123850.9420778654,0.9654026795811796,0.10344286
302480.06729285483,4123850.9831901705,0.964210141493949,0.10643173
302480.0957987283,4123851.0242683194,0.9628731441743351,0.10958598
302480.1243598086,4123851.0653081005,0.9613724110610707,0.11290603
302480.1529827989,4123851.106304725,0.9596866915854463,0.11638789
302480.181675255,4123851.1472527604,0.9577926131247598,0.12002186
302480.2104456661,4123851.18814606,0.9556646399986578,0.12379442
302480.2393035339,4123851.228977688,0.9532749840940038,0.12768964
302480.26825945417,4123851.2697398406,0.9505936430060428,0.13169013
302480.29732519295,4123851.310423761,0.9475885083286515,0.13577777
302480.3265137553,4123851.3510196577,0.944225703586941,0.13993410
302480.3558394356,4123851.391516624,0.9403721552282084,0.14414070
302480.38532199885,4123851.431899522,0.9361349885459826,0.14837889
302480.4149762125,4123851.472156528,0.9314544622761739,0.15263163
302480.4448194494,4123851.5122735845,0.9262772644302373,0.15688001
302480.4748710091,4123851.5522347945,0.9205766823894447,0.16110718
302480.5051509573,4123851.592023184,0.9143368914856367,0.16529694
302480.53567968396,4123851.6316209603,0.9075573115032088,0.16943405
302480.56647725194,4123851.6710099424,0.9002598359114181,0.17350451
302480.5975624697,4123851.7101722416,0.89249868841582,0.17749601
302480.62895160523,4123851.7490912946,0.8843735064227264,0.18139859
302480.66065663146,4123851.7877533734,0.8760466662659337,0.18520558
302480.69268286973,4123851.8261497417,0.8677662238755841,0.18891484
302480.7250258463,4123851.864279677,0.8597398536764912,0.19253049
302480.7576733254,4123851.9021492377,0.8520991116470635,0.19606183
302480.79060845595,4123851.9397689346,0.8449184333144871,0.19952155
302480.8238119902,4123851.9771519997,0.8382315642348247,0.20292449
302480.8572638178,4123852.014313103,0.8320438661376077,0.20628659
302480.8909440019,4123852.051267422,0.8263412960340674,0.20962414
302480.9248334591,4123852.0880299704,0.8210969528955878,0.21295304
302480.9589143857,4123852.1246151333,0.8162757566240018,0.21628814
302480.99317050935,4123852.1610363456,0.8118377079282247,0.21964247
302481.02758722025,4123852.197305882,0.8077401405595284,0.22302629
302481.06215162564,4123852.2334347237,0.803939228170113,0.22644600
302481.09685255395,4123852.2694324832,0.8003908948335805,0.22990359
302481.1316805284,4123852.305307359,0.7970514293965465,0.23339784
302481.1666277269,4123852.341066121,0.793877604911187,0.23692533
302481.2016879373,4123852.3767140997,0.790826824766095,0.24048131
302481.2368565147,4123852.4122551857,0.787856919748705,0.24405945
302481.2721303456,4123852.447691824,0.7849259670105393,0.24765363
302481.30750782124,4123852.4830250023,0.7819648249349802,0.25125815
302481.3429898293,4123852.518253217,0.7788873327776927,0.25486214
302481.3785802972,4123852.55337185,0.7758020513369732,0.25845641
302481.4142789536,4123852.5883804876,0.7725812446122777,0.26203478
302481.4500904217,4123852.6232737023,0.7691738650997221,0.26558902
302481.48602090846,4123852.65804433,0.7655304400000611,0.26911074
302481.5220782594,4123852.6926833577,0.7615989068258943,0.27259132
302481.5582720249,4123852.7271797955,0.7573239827022618,0.27602191
302481.5946135314,4123852.761520519,0.7526468784869061,0.27939335
302481.6311159557,4123852.7956901006,0.7475049423376661,0.28269612
302481.6677943968,4123852.829670614,0.7418317680668618,0.28592028
302481.70466593216,4123852.8634414347,0.7355573167584262,0.28905540
302481.7417496502,4123852.8969790293,0.7286085186966957,0.29209046
302481.7790666432,4123852.9302567556,0.7209104150713999,0.29501384
302481.81663993816,4123852.9632446887,0.7123880529480395,0.29781325
302481.8544943389,4123852.9959095046,0.7029694825204917,0.30047569
302481.89265614515,4123853.028214466,0.6925901896013075,0.30298747
302481.93115270406,4123853.0601195707,0.6811995846371286,0.30533427
302481.97001174145,4123853.0915819593,0.6687700939705791,0.30750130
302482.0092604109,4123853.122556698,0.6553097779100621,0.30947356
302482.04892399063,4123853.1529981163,0.6408793700618225,0.31123631
302482.0890241515,4123853.182861916,0.6256150661819685,0.31277825
302482.1295767176,4123853.212108351,0.609758403128117,0.31408565
302482.1705888338,4123853.2407068466,0.5936948362927912,0.31514896
302482.212055448,4123853.2686425033,0.577909909608628,0.31596568
302482.2539575966,4123853.295920876,0.5627278081418032,0.31654172
302482.2962683702,4123853.3225614172,0.5483422964515658,0.31688840
302482.33895706706,4123853.348592453,0.534851823074596,0.31702041
302482.38199199317,4123853.3740473646,0.5222871464231598,0.31695429
302482.4253422643,4123853.398961749,0.5106319688829446,0.31670743
302482.46897890815,4123853.423371348,0.4998380976292708,0.31629731
302482.51287548454,4123853.4473105655,0.48968364543494874,0.31574113
302482.5570121318,4123853.470804317,0.4802542586181624,0.31505361
302482.6013674312,4123853.493882524,0.4716068522439891,0.31425041
302482.6459196495,4123853.516578121,0.4634876647042376,0.31334927
302482.69065400865,4123853.5389124714,0.45579427839920533,0.31236398
302482.7355583488,4123853.5609029983,0.44843235834069073,0.31130725
302482.7806229638,4123853.582563126,0.44130916143990717,0.31019268
302482.82584043697,4123853.603902262,0.43433376444013927,0.30902873
302482.87120547617,4123853.6249258164,0.4274171593460431,0.30782398
302482.9167147567,4123853.64563523,0.4204725819191848,0.30658529
302482.96236676374,4123853.6660280265,0.41341578536947343,0.30531710
302483.0081616319,4123853.6860978785,0.40616558243911005,0.30402081
302483.05410097376,4123853.705834702,0.39864498358639344,0.30269377
302483.1001876852,4123853.7252248074,0.39078271502526096,0.30132979
302483.1464257188,4123853.7442511213,0.3825157596424634,0.29991986
302483.1928198083,4123853.762893534,0.37379305827499976,0.29845264
302483.2393751289,4123853.7811294235,0.3645807706610829,0.29691489
302483.28609687457,4123853.7989344415,0.35486953550681755,0.29529187
302483.33298973594,4123853.816283654,0.3446846105048309,0.29356834
302483.3800572563,4123853.8331531915,0.33409932447955026,0.29172953
302483.42730104964,4123853.8495225743,0.32325322055518196,0.28976225
302483.4747198591,4123853.8653779547,0.31237574039928245,0.28765637
302483.5223084344,4123853.880716558,0.3017601327011074,0.28540672
302483.5700570539,4123853.8955498156,0.2916012677099988,0.28301502
302483.6179536597,4123853.9098984282,0.2820148290132059,0.28048748
302483.66598529794,4123853.9237887072,0.2730591537398538,0.27783142
302483.71413904714,4123853.9372499026,0.264751911968627,0.27505755
302483.7624025874,4123853.9503122806,0.25702234029612125,0.27217802
302483.8107653136,4123853.9630026985,0.24975742204023238,0.26920465
302483.8592186448,4123853.9753426155,0.2432916660379032,0.26614821
302483.9077502026,4123853.9873710205,0.23734788988317232,0.26302792
302483.9563520491,4123853.999112083,0.23186046919806563,0.25985875
302484.00501730194,4123854.010587437,0.22677316206969692,0.25665412
302484.05374006025,4123854.021816093,0.22203011457470995,0.25342860
302484.10251532675,4123854.0328144124,0.21757639190811337,0.25019684
302484.15133892914,4123854.0435961355,0.21335842281594128,0.24697358
302484.2002074442,4123854.0541724334,0.20932441696520476,0.24377353
302484.2491181275,4123854.064551984,0.2054245936512911,0.24061125
302484.2980688466,4123854.074741059,0.20161122263824793,0.23750098
302484.34705801954,4123854.084743616,0.19604592795984266,0.23445633
302484.39608455636,4123854.0945614018,0.19216085558744905,0.23148979
302484.4451478007,4123854.104194066,0.18830037264840238,0.22861216
302484.49424747156,4123854.1136392998,0.18434897168204206,0.22583161
302484.5433836017,4123854.122892992,0.18027282654195032,0.22315309
302484.59255647054,4123854.1319494396,0.17604823658222074,0.22057957
302484.64176652796,4123854.140801612,0.17165995318875482,0.21811287
302484.69101430866,4123854.1494415035,0.16710363842706583,0.21575439
302484.7403003315,4123854.1578606,0.16238933102068873,0.21350551
302484.78962498344,4123854.1660504965,0.15742889567938712,0.21136824
302484.8389883852,4123854.174003715,0.15235719300961617,0.20934706
302484.88839210145,4123854.1817026,0.1474333678791818,0.20743667
302484.93783370056,4123854.1891541225,0.14268760691879104,0.20564399
302484.98731066065,4123854.196366892,0.1381420833817917,0.20397450
302485.03682057204,4123854.2033497305,0.1338248476283859,0.20243007
302485.08636088105,4123854.2101134504,0.12974584912391188,0.20100865
302485.1359290658,4123854.216669731,0.12590119486839307,0.19970567
302485.1855227436,4123854.223030324,0.12227733121991735,0.19851510
302485.23513973295,4123854.2292064945,0.11885417605925858,0.19743018
302485.28477808426,4123854.235208638,0.11560732773205012,0.19644396
302485.3344360907,4123854.2410460245,0.11250961725888645,0.19554967
302485.38411228714,4123854.2467266317,0.10953213948643328,0.19474097
302485.43380544055,4123854.2522570384,0.10664504693330748,0.19401382
302485.4835145377,4123854.2576423585,0.10381808335139268,0.19336280
302485.53323876887,4123854.2628862127,0.10102094837827158,0.19278157
302485.58297751134,4123854.267990714,0.09674208717144407,0.19226630
302485.6327303113,4123854.2729564756,0.09373373230693431,0.19181371
302485.68249780877,4123854.2777727186,0.09077548747449178,0.19141679
302485.73227894446,4123854.282445736,0.08772579118474579,0.19107659
302485.782073599,4123854.286972266,0.08455226557577536,0.19079081
302485.8318818009,4123854.291347042,0.08123721956958393,0.19055672
302485.88170362375,4123854.2955636955,0.0777701195598215,0.19037217
302485.9315391521,4123854.2996149757,0.07415000058822287,0.19023441
302485.9813884425,4123854.303493077,0.07038949656696714,0.19013898
302486.031251478,4123854.3071900997,0.06464882012820836,0.19008377
302486.0811281173,4123854.3106987127,0.06063375474117852,0.19006775
302486.1310180379,4123854.3140130965,0.05671729228028388,0.19009139
302486.1809206757,4123854.31713025,0.05284724502405793,0.19015707
302486.2308352396,4123854.3200504063,0.04725919730983814,0.19026915
302486.28076083545,4123854.3227757085,0.043411873867097626,0.19043316
302486.3306965481,4123854.3253091886,0.03786226501069178,0.19065500
302486.380641492,4123854.327653988,0.033998352047948925,0.19094011
302486.43059483875,4123854.3298127553,0.03016935883564304,0.19129250
302486.48055582785,4123854.3317871867,0.02625567378692306,0.19171355
302486.5305238714,4123854.3335745367,0.02222053540410442,0.19219991
302486.58049839525,4123854.3351702704,0.018028943690919827,0.19274578
302486.63047856896,4123854.3365773554,0.013613964144059278,0.19334754
302486.68046381243,4123854.337790339,0.008925462704418052,0.19399780
302486.7304535259,4123854.3388015614,0.003913006658000086,0.19469065
302486.78044705343,4123854.339601028,-0.0014740865102913683,0.19541652
302486.83044363937,4123854.340176285,-0.007285448242937369,0.19616702
302486.88044237683,4123854.3405123376,-0.013567772805456143,0.19692940
302486.930442147,4123854.3405915867,-0.020362108528125984,0.19769300
302486.9804415491,4123854.340393821,-0.027700081203570107,0.19844622
302487.03043882037,4123854.3398962705,-0.03559863180890873,0.19917625
302487.08043174894,4123854.339073769,-0.04405287255564466,0.19986864
302487.1304175832,4123854.337899046,-0.05302639024702982,0.20050759
302487.1803929463,4123854.3363432297,-0.06243829954796687,0.20107652
302487.2303537697,4123854.334376617,-0.07215554102788634,0.20155865
302487.2802952701,4123854.331969827,-0.08201280998884333,0.20193761
302487.3302120044,4123854.3290954656,-0.09183103633182399,0.20219832
302487.3800980534,4123854.3257304598,-0.10143450066167026,0.20232790
302487.4299474041,4123854.3218592904,-0.11066822712375128,0.20231715
302487.47975461837,4123854.317478391,-0.11942130692767623,0.20216225
302487.5295155741,4123854.312599088,-0.12766553957879073,0.20186608
302487.57922749507,4123854.307242299,-0.13533674761317532,0.20143728
302487.6288888565,4123854.3014346436,-0.14243893623466386,0.20088468
302487.6784992147,4123854.2952056527,-0.14899697287905103,0.20021998
302487.728058999,4123854.2885857834,-0.15504817883709573,0.19945582
302487.77756911406,4123854.2816037703,-0.16063348856823415,0.19860436
302487.82702951087,4123854.2742778775,-0.16576884870648786,0.19767345
302487.8764439431,4123854.2666483633,-0.17054746737525195,0.19668259
302487.92581436865,4123854.258739239,-0.17502228288132576,0.19563941
302487.97514273075,4123854.25057196,-0.17924344108427034,0.19455036
302488.0244308648,4123854.242165362,-0.18325954958635607,0.19342099
302488.07368042384,4123854.233535663,-0.18711726632784714,0.19225556
302488.1228928228,4123854.2246965147,-0.19086087886136888,0.19105726
302488.1720691957,4123854.215659082,-0.19453190622029753,0.18982844
302488.22121036577,4123854.206432144,-0.1981685949547741,0.18857072
302488.2703168249,4123854.1970222155,-0.20180528986117155,0.18728513
302488.3193887207,4123854.1874336707,-0.2054715146358412,0.18597221
302488.36842585215,4123854.177668892,-0.20919074297724619,0.18463203
302488.4174276738,4123854.1677284376,-0.2129787166653027,0.18326433
302488.4663933092,4123854.1576112392,-0.21684114891869422,0.18186974
302488.515321578,4123854.147314846,-0.2207706689398428,0.18044618
302488.56421104074,4123854.13683573,-0.22475746764105692,0.17899246
302488.6130600669,4123854.1261696834,-0.22877263817105112,0.17750716
302488.66186693666,4123854.1153123244,-0.23275147230403037,0.17599085
302488.71062998666,4123854.1042597624,-0.2366519402206607,0.17444029
302488.7593478167,4123854.0930094672,-0.2404386522502789,0.17285476
302488.80801957863,4123854.0815614075,-0.24408704592412125,0.17123502
302488.8566442826,4123854.0699150274,-0.2475746179934797,0.16958191
302488.9052221662,4123854.0580749144,-0.25089957135766544,0.16789878
302488.9537561352,4123854.0460561397,-0.25409964998067475,0.16619384
302489.0022475117,4123854.0338667124,-0.25719618115718035,0.16447247
302489.0506976115,4123854.021514277,-0.26021324402270296,0.16274002
302489.0991076364,4123854.0090057272,-0.26317744194483705,0.16100143
302489.14747859247,4123853.9963469496,-0.26611707954341335,0.15926085
302489.1958112266,4123853.983542637,-0.2690614573566994,0.15752149
302489.2441059781,4123853.9705961724,-0.27204033265056493,0.15578586
302489.2923629405,4123853.9575095526,-0.2750834389069532,0.15405595
302489.34058183146,4123853.9442833387,-0.2782199370364218,0.15233342
302489.3887619689,4123853.9309166353,-0.28151198273085865,0.15062159
302489.43690225104,4123853.917407084,-0.2849666059204119,0.14892018
302489.4850011431,4123853.9037508806,-0.2885970066494891,0.14723102
302489.5330566683,4123853.889942816,-0.2924199569879921,0.14555598
302489.5810664063,4123853.8759763367,-0.296444705142156,0.14389483
302489.62902750383,4123853.861843658,-0.30066916809435507,0.14224868
302489.67693358735,4123853.8475255873,-0.30504109664098383,0.14061387
302489.72478281107,4123853.833018704,-0.3095391562052397,0.13899399
302489.7725720319,4123853.8183154613,-0.3141135020359471,0.13739067
302489.8202972713,4123853.803405952,-0.31869436322494354,0.13580398
302489.86795473,4123853.788281283,-0.32320790444628844,0.13423333
302489.91554115067,4123853.772934653,-0.3275837537888164,0.13267806
302489.96305434214,4123853.7573628346,-0.33176260325648826,0.13113865
302490.0104939188,4123853.7415681714,-0.33570493311538424,0.12961795
302490.0578611742,4123853.725557894,-0.3393903621952443,0.12812117
302490.10515857616,4123853.7093423633,-0.3428125688383907,0.12665515
302490.1523893725,4123853.692933777,-0.34597522456115515,0.12522781
302490.19955728593,4123853.676345227,-0.34890801166631097,0.12384750
302490.2466662801,4123853.659590025,-0.35160720274505225,0.12252245
302490.2937203822,4123853.6426812266,-0.35408810832759785,0.12126003
302490.3407235511,4123853.6256313096,-0.35637125603788405,0.12006593
302490.38767958194,4123853.6084519606,-0.35847819352690385,0.11894309
302490.43459203764,4123853.5911539434,-0.3604307160302948,0.11789095
302490.481462098,4123853.573741378,-0.3622313754254882,0.11690433
302490.52829491405,4123853.5562289055,-0.3639203747453664,0.11598081
302490.5750933587,4123853.5386248007,-0.365521284264485,0.11511518
302490.6218596749,4123853.520935529,-0.3670535793410495,0.11430130
302490.6685957708,4123853.5031665694,-0.3685359542482041,0.11353308
302490.7153032206,4123853.4853224484,-0.36998647483460884,0.11280642
302490.76198327,4123853.4674067707,-0.3714225865064283,0.11211202
302490.8086368397,4123853.44942225,-0.3728610835855012,0.11144391
302490.8552645316,4123853.431370742,-0.37431803073495085,0.11079647
302490.90186663443,4123853.413253275,-0.37580863797249797,0.11016453
302490.9484431294,4123853.3950700755,-0.3773470158321287,0.10954346
302490.99499369774,4123853.3768206025,-0.3789461823982709,0.10892934
302491.0415177278,4123853.358503579,-0.38063550252136935,0.10831890
302491.0880143262,4123853.3401170312,-0.3824065157682994,0.10770935
302491.13448233384,4123853.3216583417,-0.3842619462112177,0.10709832
302491.1809203473,4123853.3031243165,-0.3861993849368292,0.10648377
302491.22732675204,4123853.2845112807,-0.38820829068349755,0.10586395
302491.27369973005,4123853.2658151067,-0.39027214597068716,0.10523735
302491.3200351904,4123853.2470261445,-0.3923532123298819,0.10460023
302491.36633330886,4123853.2281453707,-0.39444846597356686,0.10395414
302491.4125924408,4123853.209169294,-0.39654199201059603,0.10329876
302491.458811367,4123853.1900955155,-0.39862245531716795,0.10263441
302491.50498960615,4123853.1709234533,-0.40068713761377467,0.10196226
302491.5511271594,4123853.151653694,-0.40274043506309065,0.10128389
302491.5972242768,4123853.1322874087,-0.40479220936064625,0.10060083
302491.6432812752,4123853.112825907,-0.40685649216558123,0.09991407
302491.68929839815,4123853.093270306,-0.40895055730628044,0.09922459
302491.7352757072,4123853.0736212814,-0.41109423273138085,0.09853198
302491.78121299675,4123853.053878876,-0.41330939195744715,0.09783308
302491.8271097243,4123853.0340423547,-0.4156195578522034,0.09712597
302491.87296495296,4123853.014110088,-0.41804954218788715,0.09640834
302491.918777303,4123852.9940794636,-0.42065303132416654,0.09567753
302491.96454490995,4123852.9739468126,-0.4234352367772246,0.09493060
302492.0102653849,4123852.953707348,-0.4264212408513876,0.09416433
302492.0559357794,4123852.9333551186,-0.4296369905284289,0.09337518
302492.101552554,4123852.9128829734,-0.4331064684112499,0.09255934
302492.14711155405,4123852.892282549,-0.4368500328064332,0.09171273
302492.192604318,4123852.871536262,-0.4408542342960471,0.09082712
302492.23802831507,4123852.8506398736,-0.44514565409480483,0.08990097
302492.2833774963,4123852.8295816574,-0.4497177431792266,0.08892947
302492.328645155,4123852.808348814,-0.4545432395380079,0.08790756
302492.3738241328,4123852.786927983,-0.4595680385298911,0.08683015
302492.41890699667,4123852.7653056663,-0.4647132775603573,0.08569233
302492.46388632513,4123852.7434688555,-0.46988535271886855,0.08449202
302492.50875513727,4123852.7214059187,-0.4749852205194316,0.08322409
302492.5535075336,4123852.6991078407,-0.47991738665235995,0.08188561
302492.5981396205,4123852.676569939,-0.4845994294016098,0.08047628
302492.6426508204,4123852.653794208,-0.48897299258499605,0.07899884
302492.6870438657,4123852.6307889856,-0.4930047411231059,0.07745867
302492.73132379196,4123852.607566726,-0.4966795306721783,0.07586243
302492.77549717174,4123852.5841423697,-0.4999948705639953,0.07421674
302492.8195715362,4123852.5605321815,-0.5029567649479368,0.07252782
302492.8635549464,4123852.536752935,-0.5055766390471385,0.07080145
302492.9074556791,4123852.5128213526,-0.5078692554285822,0.06904303
302492.951282002,4123852.4887537393,-0.5098563496216114,0.06725756
302492.99504202214,4123852.4645657577,-0.5115458015999036,0.06544973
302493.0387435869,4123852.4402723024,-0.5129537272650772,0.06362393
302493.08239422704,4123852.4158874503,-0.5140958476122104,0.06178429
302493.1260011287,4123852.39142446,-0.5149868801322514,0.05993476
302493.16957110143,4123852.366895753,-0.51564040743872,0.05807910
302493.21310977027,4123852.342311524,-0.5160638617667765,0.05622153
302493.2566246927,4123852.3176852893,-0.5162787247134212,0.05436548
302493.30012168275,4123852.293027395,-0.5162984624263242,0.05251430
302493.3436062733,4123852.268347639,-0.516137846545234,0.05067148
302493.3870837281,4123852.2436553147,-0.5158149576037242,0.04884051
302493.43055903754,4123852.2189592123,-0.5153533485237821,0.04702485
302493.47403689806,4123852.1942676017,-0.5147811613339334,0.04522793
302493.5175216629,4123852.1695881533,-0.5141289093948069,0.04345307
302493.5610172519,4123852.144927788,-0.5134273995900107,0.04170343
302493.6045270078,4123852.1202924284,-0.5127056764865594,0.03998183
302493.64805347717,4123852.095686612,-0.5119887542016303,0.03829060
302493.69159809296,4123852.071112925,-0.5112948922854471,0.03663125
302493.7351613204,4123852.0465722475,-0.5106359729317764,0.03500457
302493.7787429525,4123852.022064269,-0.5100191277846292,0.03341094
302493.82234233187,4123851.9975878764,-0.5094480523676598,0.03185047
302493.86595851433,4123851.973141438,-0.5089239867603055,0.03032311
302493.90959038655,4123851.948723013,-0.5084464694616427,0.02882883
302493.9532367527,4123851.9243305037,-0.5080138856565074,0.02736756
302493.9968963942,4123851.8999617626,-0.5076238788635535,0.02594057
302494.04056811146,4123851.875614669,-0.5072736538790523,0.02454659
302494.0842507522,4123851.8512871787,-0.5069601924426781,0.02318545
302494.1279432288,4123851.8269773577,-0.506680421949365,0.02185677
302494.1716445277,4123851.8026833995,-0.5064313099029074,0.02055981
302494.21535371424,4123851.7784036356,-0.5062099374146798,0.01929362
302494.2590699347,4123851.754136538,-0.5060135540233458,0.01805716
302494.30279241374,4123851.729880718,-0.5058395873777303,0.01684943
302494.3465204507,4123851.7056349195,-0.505685673317177,0.01566957
302494.39025341545,4123851.6813980103,-0.5055496479871621,0.01451685
302494.43399074295,4123851.6571689746,-0.5054295415591713,0.01339077
302494.47773192846,4123851.6329469047,-0.5053235694608426,0.01229106
302494.52147652186,4123851.6087309895,-0.5052301265893178,0.01121774
302494.565224124,4123851.5845205104,-0.5051477855531735,0.01017110
302494.6089743799,4123851.560314827,-0.5050752611479055,0.00915171
302494.65272697445,4123851.5361133716,-0.5050114083950287,0.00816047
302494.69648162957,4123851.511915641,-0.5049552071365994,0.00719860
302494.7402380995,4123851.4877211927,-0.5049057614326661,0.00626765
302494.78399616707,4123851.463529634,-0.5048622737625548,0.00536946
302494.8277556403,4123851.4393406175,-0.5048240302843008,0.00450820
302494.87151635,4123851.4151538387,-0.5047904089116204,0.00368478
302494.9152781474,4123851.3909690273,-0.5047608510518272,0.00290199
302494.959040901,4123851.366785947,-0.5047348694908138,0.00216292
302495.0028044954,4123851.3426043876,-0.504712037171331,0.00147079
302495.0465688283,4123851.318424165,-0.5046919734965718,0.00082894
302495.0903338106,4123851.294245118,-0.5046743430676486,0.00024059
302495.1340993636,4123851.270067103,-0.504658851167238,0.00029133
302495.17786541826,4123851.245889997,-0.5046452468283416,0.00076451
302495.22163191385,4123851.2217136896,-0.5046333014842463,0.00117769
302495.2653987965,4123851.1975380825,-0.5046228086139453,0.00153125
302495.30916601885,4123851.17336309,-0.504613587018868,0.00182715
302495.35293354007,4123851.149188639,-0.5046054863713582,0.00206841
302495.3967013238,4123851.125014663,-0.5045983702661264,0.00225867
302495.44046933734,4123851.1008411036,-0.5045921184863769,0.00240193
302495.4842375531,4123851.07666791,-0.5045866258722101,0.00250236
302495.5280059468,4123851.052495038,-0.5045818016402333,0.00256410
302495.57177449676,4123851.02832245,-0.5045775678346798,0.00259124
302495.6155431844,4123851.0041501108,-0.5045738538651641,0.00258772
302495.65931199264,4123850.97997799,-0.5045705941840238,0.00255729
302495.70308090636,4123850.95580606,-0.5045677341355137,0.00250352
302495.746849913,4123850.9316342985,-0.5045652228596986,0.00242976
302495.7906190011,4123850.9074626844,-0.50456301841163,0.00233917
302495.8343881607,4123850.8832912,-0.5045610822759848,0.00223435
302495.8781573831,4123850.859119829,-0.5045593821633413,0.00211876
302495.9219266605,4123850.834948558,-0.5045578933517413,0.00199502
302495.96569598606,4123850.8107773736,-0.5045565826399195,0.00186566
302496.00946535415,4123850.7866062666,-0.5045554290894962,0.00173305
302496.0532347597,4123850.762435227,-0.5045544163826204,0.00159943
302496.09700419806,4123850.7382642473,-0.5045535253161453,0.00146694
302496.14077366504,4123850.7140933196,-0.5045527440661519,0.00133752
302496.18454315705,4123850.6899224366,-0.5045520550798746,0.00121296
302496.22831267124,4123850.665751594,-0.5045514465268072,0.00109477
302496.27208220534,4123850.641580788,-0.5045509138971547,0.00098409
302496.31585175666,4123850.6174100125,-0.5045504492637217,0.00088161
302496.35962132324,4123850.593239265,-0.5045500436373916,0.00078753
302496.40339090297,4123850.569068541,-0.5045496833014643,0.00070178
302496.44716049405,4123850.5448978376,-0.5045493653882085,0.00062406
302496.4909300957,4123850.520727154,-0.5045490881960756,0.00055397
302496.5346997066,4123850.4965564865,-0.5045488434927552,0.00049101
302496.5784693248,4123850.472385832,-0.5045486240993526,0.00043464
302496.62223894976,4123850.4482151903,-0.5045484279205511,0.00038431
302496.6660085813,4123850.42404456,-0.5045482597042825,0.00033948
302496.7097782182,4123850.39987394,-0.5045481098043385,0.00029964
302496.75354785984,4123850.3757033283,-0.5045479758238275,0.00026428
302496.797317506,4123850.3515327247,-0.5045478614720671,0.00023296
302496.8410871558,4123850.3273621276,-0.5045477630162565,0.00020524
302496.884856809,4123850.303191537,-0.5045476756843712,0.00018074
302496.92862646474,4123850.2790209507,-0.5045475940286936,0.00015910
302496.9723961232,4123850.2548503694,-0.5045475207149552,0.00014000
302497.01616578427,4123850.230679793,-0.5045474579692326,0.00012316
302497.05993544677,4123850.206509219,-0.50454740251919,0.00010832
302497.1037051108,4123850.1823386475,-0.5045473529103605,0.00009525
302497.1474747765,4123850.15816808,-0.5045473130316751,0.00008374
302497.19124444394,4123850.133997515,-0.5045472806740892,0.00007361
302497.2350141131,4123850.1098269527,-0.5045472541689874,0.00006469
302497.2787837832,4123850.0856563924,-0.5045472311619406,0.00005685
302497.32255345373,4123850.061485833,-0.5045472079733789,0.00004996
302497.36632312473,4123850.0373152746,-0.5045471831284739,0.00004389
302497.4100927963,4123850.013144717,-0.5045471584680649,0.00003856
302497.4538624684,4123849.9889741605,-0.5045471353750439,0.00003388
302497.49763214117,4123849.9648036053,-0.5045471185039407,0.00002976
302497.5414018145,4123849.940633051,-0.5045471043040362,0.00002614
302497.58517148846,4123849.916462498,-0.5045470950903899,0.00002296
302497.62894116313,4123849.892291946,-0.5045470896879048,0.00002017
302497.6727108382,4123849.868121395,-0.5045470876814087,0.00001771
302497.7164805136,4123849.8439508444,-0.5045470874919794,0.00001556
302497.76025018905,4123849.8197802934,-0.5045470846334946,0.00001366
302497.80401986436,4123849.795609743,-0.5045470840450484,0.00001200
302497.84778953966,4123849.771439192,-0.5045470808992998,0.00001054
302497.89155921503,4123849.7472686414,-0.5045470774474772,0.00000925
302497.9353288904,4123849.723098091,-0.5045470752712009,0.00000813
302497.9790985659,4123849.6989275403,-0.504547071867852,0.00000714
302498.0228682415,4123849.6747569903,-0.5045470699613126,0.00000627
302498.0666379171,4123849.6505864398,-0.5045470667496591,0.00000550
302498.1104075927,4123849.6264158897,-0.5045470649418089,0.00000483
302498.15417726856,4123849.60224534,-0.504547064762312,0.00000424
302498.1979469444,4123849.57807479,-0.5045470646642328,0.00000373
302498.24171662034,4123849.5539042405,-0.5045470647484332,0.00000327
302498.2854862962,4123849.529733691,-0.5045470647526432,0.00000287
302498.3292559722,4123849.5055631413,-0.5045470662219125,0.00000252
302498.37302564806,4123849.4813925917,-0.5045470662953759,0.00000221
302498.41679532395,4123849.457222042,-0.504547064740886,0.00000194
302498.46056499984,4123849.433051492,-0.5045470631941027,0.00000171
302498.50433467573,4123849.4088809425,-0.5045470644967179,0.00000150
302498.5481043516,4123849.384710393,-0.5045470645618487,0.00000131
302498.59187402745,4123849.360539843,-0.5045470632742551,0.00000115
302498.63564370334,4123849.3363692933,-0.5045470645898299,0.00000101
302498.6794133794,4123849.312198744,-0.5045470663028763,0.00000089
302498.7231830554,4123849.2880281946,-0.5045470679466918,0.00000078
302498.76695273124,4123849.2638576445,-0.5045470667380325,0.00000068
302498.8107224071,4123849.239687095,-0.5045470680575539,0.00000060
302498.85449208296,4123849.2155165453,-0.50454706812353,0.00000052
302498.8982617588,4123849.1913459953,-0.5045470681268288,0.00000046
302498.9420314346,4123849.1671754457,-0.5045470681269938,0.00000040
302498.98580111045,4123849.1430048957,-0.504547068127002,0.00000035
302499.0295707863,4123849.118834346,-0.5045470681270025,0.00000031
302499.0733404621,4123849.094663796,-0.5045470668361524,0.00000027
302499.11711013794,4123849.0704932464,-0.5045470664151923,0.00000023
302499.1608798138,4123849.0463226964,-0.5045470648359812,0.00000020
302499.2046494896,4123849.022152147,-0.5045470647570206,0.00000018
302499.24841916544,4123848.9979815967,-0.5045470647530726,0.00000015
302499.29218884127,4123848.973811047,-0.5045470647528753,0.00000013
302499.3359585171,4123848.9496404976,-0.5045470660437154,0.00000012
302499.37972819316,4123848.925469948,-0.5045470664646748,0.00000010
302499.42349786917,4123848.9012993984,-0.504547068043886,0.00000009
302499.467267545,4123848.877128849,-0.5045470681228467,0.00000007
302499.51103722083,4123848.8529582988,-0.5045470668359445,0.00000006
302499.55480689666,4123848.828787749,-0.5045470680624495,0.00000005
302499.5985765725,4123848.804617199,-0.5045470668329247,0.00000005
302499.6423462483,4123848.7804466495,-0.5045470680622985,0.00000004
302499.68611592415,4123848.7562760995,-0.5045470668329172,0.00000004
302499.7298856,4123848.73210555,-0.5045470680622982,0.00000003
302499.7736552758,4123848.7079350003,-0.504547066565604,0.00000002
302499.81742495165,4123848.6837644503,-0.5045470648435018,0.00000002
302499.8611946275,4123848.6595939007,-0.5045470660482467,0.00000002
302499.9049643033,4123848.6354233506,-0.5045470648176339,0.00000001
302499.94873397914,4123848.611252801,-0.5045470647561032,0.00000001
302499.99250365497,4123848.587082251,-0.5045470647530267,0.00000001
302500.036273331,4123848.562911702,-0.5045470663110361,0.00000000
302500.08004300704,4123848.5387411523,-0.5045470680362041,0.00000000
302500.12381268287,4123848.514570602,-0.5045470668316124,0.00000000
302500.1675823587,4123848.4904000526,-0.5045470680622329,0.00000000
302500.21135203453,4123848.466229503,-0.5045470681237639,0.00000000
302500.25512171036,4123848.442058953,-0.5045470681268405,0.00000000
302500.2988913862,4123848.4178884034,-0.5045470681269943,0.00000001
302500.342661062,4123848.3937178534,-0.504547068127002,0.00000001
302500.38643073785,4123848.3695473038,-0.5045470681270025,0.00000001
302500.4302004137,4123848.3453767537,-0.5045470668361524,0.00000001
302500.4739700895,4123848.321206204,-0.5045470665042967,0.00000000
302500.51773976535,4123848.297035654,-0.5045470648404364,0.00000000
302500.5615094412,4123848.2728651045,-0.5045470647572434,0.00000000
302500.605279117,4123848.2486945544,-0.5045470647530838,0.00000000
302500.64904879284,4123848.224524005,-0.5045470647528758,0.00000001
302500.69281846867,4123848.2003534553,-0.5045470660437154,0.00000000
302500.7365881447,4123848.1761829057,-0.5045470663755705,0.00000000
302500.78035782074,4123848.152012356,-0.5045470680394308,0.00000000
302500.82412749657,4123848.1278418065,-0.5045470681226238,0.00000000
302500.8678971724,4123848.1036712565,-0.5045470681267835,0.00000000
302500.91166684823,4123848.079500707,-0.5045470681269915,0.00000001
302500.95543652406,4123848.055330157,-0.5045470668361518,0.00000001
302500.9992061999,4123848.031159607,-0.50454706806246,0.00000000
302501.0429758757,4123848.006989057,-0.5045470668329253,0.00000001
302501.08674555155,4123847.9828185076,-0.5045470680622985,0.00000001
302501.1305152274,4123847.9586479575,-0.5045470668329172,0.00000000
302501.1742849032,4123847.934477408,-0.504547066504135,0.00000000
302501.21805457905,4123847.9103068584,-0.5045470661312783,0.00000000
302501.2618242549,4123847.8861363083,-0.5045470648217855,0.00000000
302501.3055939307,4123847.8619657587,-0.5045470660471609,0.00000000
302501.34936360654,4123847.8377952087,-0.5045470648175796,0.00000000
302501.39313328237,4123847.813624659,-0.5045470647561006,0.00000000
302501.4369029584,4123847.7894541095,-0.5045470663111897,0.00000001
302501.48067263444,4123847.76528356,-0.5045470667453618,0.00000001
302501.52444231027,4123847.7411130103,-0.5045470680579204,0.00000001
302501.5682119861,4123847.7169424603,-0.5045470668326982,0.00000001
302501.61198166193,4123847.6927719107,-0.5045470680622872,0.00000001
302501.65575133776,4123847.668601361,-0.5045470681237667,0.00000001
302501.6995210136,4123847.644430811,-0.5045470681268407,0.00000001
302501.7432906894,4123847.6202602615,-0.5045470681269943,0.00000001
302501.78706036526,4123847.5960897114,-0.504547068127002,0.00000001
302501.8308300411,4123847.571919162,-0.5045470681270025,0.00000001
302501.8745997169,4123847.547748612,-0.5045470665688392,0.00000001
302501.91836939275,4123847.523578062,-0.5045470648436635,0.00000001
302501.9621390686,4123847.499407512,-0.5045470647574047,0.00000001
302502.0059087444,4123847.4752369625,-0.5045470647530919,0.00000001
302502.04967842024,4123847.4510664125,-0.5045470647528761,0.00000000
302502.0934480961,4123847.426895863,-0.5045470647528654,0.00000000
302502.1372177721,4123847.4027253133,-0.504547066311028,0.00000001
302502.18098744814,4123847.378554764,-0.5045470680362037,0.00000000
302502.224757124,4123847.354384214,-0.5045470681224625,0.00000000
302502.2685267998,4123847.3302136646,-0.5045470681267754,0.00000000
302502.31229647563,4123847.3060431145,-0.504547066836141,0.00000001
302502.35606615146,4123847.281872565,-0.5045470680624594,0.00000001
302502.3998358273,4123847.257702015,-0.5045470668329252,0.00000001
302502.4436055031,4123847.2335314653,-0.5045470680622985,0.00000001
302502.48737517896,4123847.2093609152,-0.5045470668329172,0.00000000
302502.5311448548,4123847.1851903656,-0.5045470680622982,0.00000000
302502.5749145306,4123847.161019816,-0.5045470678564542,0.00000000
302502.61868420645,4123847.136849266,-0.5045470649080442,0.00000000
302502.6624538823,4123847.1126787164,-0.5045470660514738,0.00000000
302502.7062235581,4123847.0885081664,-0.5045470648177952,0.00000000
302502.74999323394,4123847.064337617,-0.5045470647561113,0.00000000
302502.7937629098,4123847.0401670667,-0.5045470647530271,0.00000000
302502.8375325858,4123847.015996517,-0.5045470650201861,0.00000000
302502.88130226184,4123846.991825968,-0.5045470679716616,0.00000000
302502.9250719377,4123846.967655418,-0.5045470668283853,0.00000000
302502.9688416135,4123846.9434848684,-0.5045470680620716,0.00000000
302503.01261128933,4123846.919314319,-0.5045470681237559,0.00000001
302503.05638096516,4123846.8951437688,-0.5045470681268401,0.00000001
302503.100150641,4123846.870973219,-0.5045470681269943,0.00000000
302503.1439203168,4123846.846802669,-0.504547068127002,0.00000000
302503.18768999266,4123846.8226321195,-0.5045470681270025,0.00000000
302503.2314596685,4123846.7984615695,-0.5045470668361524,0.00000000
302503.2752293443,4123846.77429102,-0.5045470665042967,0.00000000
302503.31899902015,4123846.75012047,-0.5045470648404364,0.00000000
302503.362768696,4123846.7259499202,-0.5045470647572434,0.00000000
302503.4065383718,4123846.70177937,-0.5045470647530838,0.00000000
302503.45030804764,4123846.6776088206,-0.5045470647528758,0.00000000
302503.4940777235,4123846.653438271,-0.5045470660437154,0.00000000
302503.5378473995,4123846.6292677214,-0.5045470663755705,0.00000001
302503.58161707554,4123846.605097172,-0.5045470680394308,0.00000000
302503.6253867514,4123846.5809266223,-0.5045470681226238,0.00000000
302503.6691564272,4123846.556756072,-0.5045470681267835,0.00000001
302503.71292610303,4123846.5325855226,-0.5045470681269915,0.00000001
302503.75669577887,4123846.5084149726,-0.5045470668361518,0.00000000
302503.8004654547,4123846.484244423,-0.50454706806246,0.00000000
302503.8442351305,4123846.460073873,-0.5045470668329253,0.00000000
302503.88800480636,4123846.4359033233,-0.5045470680622985,0.00000000
302503.9317744822,4123846.4117327733,-0.5045470668329172,0.00000000
302503.975544158,4123846.3875622237,-0.504547066504135,0.00000000
302504.01931383385,4123846.363391674,-0.5045470661312783,0.00000000
302504.0630835097,4123846.339221124,-0.5045470648217855,0.00000000
302504.1068531855,4123846.3150505745,-0.5045470660471609,0.00000000
302504.15062286134,4123846.2908800244,-0.5045470648175796,0.00000000
302504.1943925372,4123846.266709475,-0.5045470647561006,0.00000000
302504.2381622132,4123846.2425389253,-0.5045470663111897,0.00000001
302504.28193188924,4123846.2183683757,-0.5045470667453618,0.00000000
302504.3257015651,4123846.194197826,-0.5045470680579204,0.00000000
302504.3694712409,4123846.170027276,-0.504547066743594,0.00000001
302504.41324091674,4123846.1458567264,-0.5045470679687276,0.00000001
302504.45701059257,4123846.121686177,-0.5045470680299843,0.00000000
302504.5007802684,4123846.097515627,-0.5045470680330472,0.00000000
302504.5445499442,4123846.073345077,-0.5045470680332003,0.00000000
302504.58831962006,4123846.049174527,-0.5045470680332079,0.00000000
302504.63208929595,4123846.0250039776,-0.5045470681223128,0.00000000
302504.6758589718,4123846.0008334275,-0.5045470666577091,0.00000000
302504.7196286476,4123845.976662878,-0.5045470662280614,0.00000000
302504.76339832344,4123845.952492328,-0.504547064915729,0.00000001
302504.8071679993,4123845.9283217783,-0.5045470648501124,0.00000000
302504.8509376751,4123845.9041512283,-0.5045470647577271,0.00000000
302504.89470735093,4123845.8799806787,-0.504547064753108,0.00000000
302504.9384770269,4123845.855810129,-0.5045470662219357,0.00000001
302504.98224670294,4123845.8316395795,-0.5045470666517947,0.00000000
302505.0260163788,4123845.80746903,-0.5045470679641376,0.00000000
302505.0697860546,4123845.7832984803,-0.5045470680297548,0.00000001
302505.1135557305,4123845.7591279303,-0.5045470668312899,0.00000000
302505.1573254063,4123845.7349573807,-0.5045470680622168,0.00000000
302505.20109508216,4123845.7107868306,-0.5045470668329131,0.00000000
302505.244864758,4123845.686616281,-0.504547068062298,0.00000000
302505.2886344338,4123845.662445731,-0.5045470668329172,0.00000000
302505.33240410965,4123845.6382751814,-0.5045470680622982,0.00000000
302505.3761737855,4123845.614104632,-0.5045470679455586,0.00000000
302505.4199434613,4123845.589934082,-0.5045470650016038,0.00000000
302505.46371313714,4123845.565763532,-0.5045470660561518,0.00000000
302505.507482813,4123845.541592982,-0.5045470648180291,0.00000000
302505.5512524888,4123845.5174224325,-0.504547064756123,0.00000000
302505.59502216463,4123845.4932518825,-0.5045470647530277,0.00000000
302505.6387918406,4123845.469081333,-0.5045470649310817,0.00000000
302505.68256151665,4123845.444910784,-0.504547067878102,0.00000000
302505.72633119253,4123845.4207402337,-0.5045470668237073,0.00000000
302505.77010086837,4123845.396569684,-0.5045470680618377,0.00000000
302505.8138705442,4123845.3723991346,-0.5045470681237442,0.00000000
302505.85764022,4123845.3482285845,-0.5045470681268396,0.00000000
302505.90140989586,4123845.324058035,-0.5045470681269943,0.00000000
302505.9451795717,4123845.299887485,-0.504547068127002,0.00000000
302505.9889492475,4123845.2757169353,-0.5045470681270025,0.00000000
302506.03271892335,4123845.251546385,-0.5045470666579436,0.00000000
302506.0764885992,4123845.2273758356,-0.5045470663171775,0.00000000
302506.120258275,4123845.2032052856,-0.5045470648310805,0.00000000
302506.16402795084,4123845.179034736,-0.5045470647567756,0.00000001
302506.2077976267,4123845.154864186,-0.5045470647530603,0.00000000
302506.2515673025,4123845.1306936364,-0.5045470647528746,0.00000000
302506.29533697845,4123845.106523087,-0.504547066221924,0.00000001
302506.33910665446,4123845.082352537,-0.5045470665626897,0.00000001
302506.3828763304,4123845.0581819876,-0.5045470680487868,0.00000000
302506.42664600624,4123845.034011438,-0.5045470681230917,0.00000000
302506.47041568207,4123845.009840888,-0.5045470668359568,0.00000000
302506.5141853579,4123844.9856703384,-0.5045470680624502,0.00000000
302506.5579550337,4123844.9614997883,-0.5045470668329247,0.00000000
302506.60172470956,4123844.9373292387,-0.5045470680622985,0.00000000
302506.6454943854,4123844.9131586887,-0.5045470668329172,0.00000000
302506.6892640612,4123844.888988139,-0.5045470680622982,0.00000000
302506.73303373705,4123844.8648175895,-0.5045470679455586,0.00000000
302506.7768034129,4123844.8406470395,-0.5045470650016038,0.00000000
302506.8205730887,4123844.81647649,-0.5045470660561518,0.00000000
302506.86434276454,4123844.79230594,-0.5045470648180291,0.00000001
302506.9081124404,4123844.7681353902,-0.5045470660469731,0.00000000
302506.9518821162,4123844.74396484,-0.5045470648175703,0.00000000
302506.99565179215,4123844.7197942906,-0.5045470649343088,0.00000001
302507.0394214682,4123844.6956237415,-0.5045470678782634,0.00000000
302507.0831911441,4123844.6714531914,-0.5045470668237154,0.00000000
302507.12696081994,4123844.647282642,-0.5045470680618381,0.00000000
302507.17073049577,4123844.623112092,-0.5045470668328942,0.00000000
302507.2145001716,4123844.598941542,-0.504547068062297,0.00000000
302507.2582698474,4123844.5747709926,-0.5045470681237672,0.00000001
302507.30203952326,4123844.5506004426,-0.5045470681268407,0.00000001
302507.3458091991,4123844.526429893,-0.5045470681269943,0.00000001
302507.3895788749,4123844.502259343,-0.504547068127002,0.00000001
302507.43334855075,4123844.4780887933,-0.5045470679487938,0.00000001
302507.4771182266,4123844.4539182433,-0.50454706509087,0.00000000
302507.5208879024,4123844.4297476937,-0.5045470647697651,0.00000000
302507.56465757824,4123844.4055771437,-0.5045470647537098,0.00000000
302507.6084272541,4123844.381406594,-0.5045470647529071,0.00000000
302507.6521969299,4123844.357236044,-0.5045470647528669,0.00000000
302507.69596660585,4123844.3330654944,-0.5045470649310736,0.00000000
302507.73973628186,4123844.3088949453,-0.5045470677889974,0.00000000
302507.7835059578,4123844.2847243957,-0.5045470681101022,0.00000000
302507.82727563364,4123844.2605538457,-0.5045470681261575,0.00000001
302507.87104530947,4123844.236383296,-0.5045470681269602,0.00000001
302507.9148149853,4123844.212212746,-0.5045470668361502,0.00000001
302507.95858466113,4123844.1880421964,-0.5045470680624599,0.00000000
302508.00235433696,4123844.1638716464,-0.5045470668329253,0.00000000
302508.0461240128,4123844.139701097,-0.5045470680622985,0.00000000
302508.0898936886,4123844.1155305468,-0.5045470668329172,0.00000000
302508.13366336445,4123844.091359997,-0.5045470665932393,0.00000000
302508.1774330403,4123844.0671894476,-0.5045470663139423,0.00000000
302508.2212027161,4123844.0430188975,-0.5045470648309187,0.00000000
302508.26497239195,4123844.018848348,-0.5045470660476176,0.00000000
302508.3087420678,4123843.994677798,-0.5045470648176025,0.00000000
302508.3525117436,4123843.9705072483,-0.5045470647561017,0.00000000
302508.39628141955,4123843.9463366987,-0.5045470662220854,0.00000001
302508.44005109556,4123843.922166149,-0.5045470665626978,0.00000001
302508.4838207715,4123843.8979955995,-0.5045470680487872,0.00000000
302508.52759044734,4123843.8738250495,-0.5045470668322416,0.00000000
302508.57136012317,4123843.8496545,-0.5045470680622643,0.00000001
302508.615129799,4123843.8254839503,-0.5045470681237656,0.00000001
302508.65889947483,4123843.8013134003,-0.5045470681268406,0.00000000
302508.70266915066,4123843.7771428507,-0.5045470681269943,0.00000000
302508.7464388265,4123843.7529723006,-0.504547068127002,0.00000000
302508.7902085023,4123843.728801751,-0.5045470681270025,0.00000000
302508.83397817815,4123843.704631201,-0.5045470666579436,0.00000000
302508.877747854,4123843.6804606514,-0.5045470663171775,0.00000000
302508.9215175298,4123843.6562901014,-0.5045470648310805,0.00000000
302508.96528720565,4123843.6321195518,-0.5045470647567756,0.00000000
302509.0090568815,4123843.6079490017,-0.5045470647530603,0.00000000
302509.0528265573,4123843.583778452,-0.5045470647528746,0.00000000
302509.09659623326,4123843.5596079025,-0.504547066221924,0.00000001
302509.14036590926,4123843.535437353,-0.5045470665626897,0.00000001
302509.1841355852,4123843.5112668034,-0.5045470680487868,0.00000000
302509.22790526104,4123843.487096254,-0.5045470681230917,0.00000000
302509.27167493687,4123843.4629257037,-0.5045470668359568,0.00000001
302509.3154446127,4123843.438755154,-0.5045470680624502,0.00000001
302509.35921428853,4123843.414584604,-0.5045470667438204,0.00000000
302509.40298396436,4123843.3904140545,-0.5045470679687389,0.00000000
302509.4467536402,4123843.3662435045,-0.5045470667391349,0.00000000
302509.490523316,4123843.342072955,-0.5045470679685047,0.00000000
302509.53429299186,4123843.3179024053,-0.5045470679408689,0.00000000
302509.5780626677,4123843.293731855,-0.5045470663813237,0.00000000
302509.6218323436,4123843.2695613056,-0.5045470662142422,0.00000000
302509.6656020194,4123843.2453907556,-0.504547064915038,0.00000000
302509.70937169524,4123843.221220206,-0.5045470661409279,0.00000000
302509.75314137107,4123843.197049656,-0.5045470649113724,0.00000000
302509.79691104696,4123843.1728791064,-0.5045470649389989,0.00000000
302509.84068072296,4123843.148708557,-0.504547066409439,0.00000000
302509.8844503989,4123843.124538007,-0.5045470666611699,0.00000000
302509.92822007474,4123843.1003674576,-0.5045470679646065,0.00000000
302509.9719897506,4123843.0761969076,-0.5045470667389282,0.00000000
302510.0157594264,4123843.052026358,-0.5045470679684944,0.00000000
302510.05952910223,4123843.0278558084,-0.5045470680299726,0.00000000
302510.1032987781,4123843.0036852583,-0.504547068122151,0.00000000
302510.14706845395,4123842.9795147087,-0.5045470681267599,0.00000000
302510.1908381298,4123842.9553441587,-0.5045470667470359,0.00000000
302510.2346078056,4123842.931173609,-0.5045470664107365,0.00000000
302510.27837748145,4123842.907003059,-0.5045470649248627,0.00000000
302510.3221471573,4123842.8828325095,-0.5045470647614647,0.00000000
302510.3659168331,4123842.8586619594,-0.5045470647532948,0.00000000
302510.40968650894,4123842.83449141,-0.5045470647528864,0.00000000
302510.4534561848,4123842.8103208602,-0.5045470661328203,0.00000000
302510.49722586083,4123842.7861503107,-0.5045470664691302,0.00000000
302510.5409955368,4123842.761979761,-0.5045470679550045,0.00000000
302510.58476521267,4123842.7378092115,-0.5045470681184026,0.00000000
302510.6285348885,4123842.7136386614,-0.5045470681265725,0.00000000
302510.67230456433,4123842.689468112,-0.5045470681269809,0.00000000
302510.71607424016,4123842.665297562,-0.5045470668361512,0.00000000
302510.759843916,4123842.641127012,-0.5045470680624599,0.00000000
302510.8036135918,4123842.616956462,-0.5045470668329253,0.00000000
302510.84738326765,4123842.5927859126,-0.5045470680622985,0.00000000
302510.8911529435,4123842.5686153625,-0.5045470668329172,0.00000000
302510.9349226193,4123842.544444813,-0.5045470666823437,0.00000000
302510.97869229515,4123842.5202742633,-0.5045470664075019,0.00000000
302511.022461971,4123842.4961037133,-0.5045470648355966,0.00000000
302511.0662316468,4123842.4719331637,-0.5045470660478515,0.00000000
302511.11000132264,4123842.4477626137,-0.5045470648176141,0.00000000
302511.15377099847,4123842.423592064,-0.5045470647561022,0.00000000
302511.19754067436,4123842.3994215145,-0.5045470661329811,0.00000000
302511.24131035036,4123842.375250965,-0.5045470664691382,0.00000000
302511.28508002637,4123842.3510804153,-0.5045470680441092,0.00000000
302511.3288497022,4123842.3269098653,-0.5045470668320077,0.00000000
302511.37261937803,4123842.3027393157,-0.5045470680622527,0.00000000
302511.41638905386,4123842.278568766,-0.5045470681237649,0.00000000
302511.4601587297,4123842.254398216,-0.5045470681268406,0.00000000
302511.5039284055,4123842.2302276664,-0.5045470681269943,0.00000000
302511.54769808135,4123842.2060571164,-0.504547068127002,0.00000000
302511.5914677572,4123842.181886567,-0.5045470681270025,0.00000000
302511.635237433,4123842.1577160168,-0.504547066747048,0.00000000
302511.67900710885,4123842.133545467,-0.5045470664107371,0.00000000
302511.7227767847,4123842.109374917,-0.5045470648357584,0.00000000
302511.7665464605,4123842.0852043675,-0.5045470647570095,0.00000000
302511.81031613634,4123842.0610338175,-0.5045470647530721,0.00000000
302511.85408581217,4123842.036863268,-0.5045470635511293,0.00000000
302511.89785548806,4123842.0126927183,-0.5045470624217798,0.00000000
302511.94162516407,4123841.9885221687,-0.5045470623653123,0.00000000
302511.98539484007,4123841.964351619,-0.5045470639663676,0.00000000
302512.0291645159,4123841.9401810695,-0.504547071791521,0.00000000
302512.07293419173,4123841.9160105195,-0.504547071791521,0.00000000
