302537.04384573107,4123849.367644334,0.9333031942279124,0.00000000
302537.0680740477,4123849.41138206,1.058347696825109,0.00000000
302537.0923023645,4123849.4551197863,1.064599917667737,0.00000000
302537.11653068126,4123849.498857512,1.0649125287098684,0.00000000
302537.14075899805,4123849.542595238,1.064928159261975,0.00000000
302537.16498731484,4123849.586332964,1.064928943691873,0.00000000
302537.18921563146,4123849.6300706896,1.0649289800110753,0.00000000
302537.21344394825,4123849.6738084154,1.0649289861142672,0.00000000
302537.23767226504,4123849.7175461417,1.0649289850344876,0.00000000
302537.26190058165,4123849.7612838675,1.064928982078206,0.00000000
302537.28612889844,4123849.8050215933,1.0649289819303918,0.00000000
302537.31035721523,4123849.848759319,1.0649289891125258,0.00000000
302537.33458553185,4123849.8924970455,1.0649289832495388,0.00000000
302537.3588138486,4123849.9362347713,1.0649289819889585,0.00000000
302537.38304216537,4123849.979972497,1.0649289848282222,0.00000000
302537.407270482,4123850.023710223,1.0649289811004619,0.00000000
302537.43149879883,4123850.0674479487,1.0649289818815046,0.00000000
302537.4557271156,4123850.1111856746,1.0649289862077886,0.00000000
302537.4799554324,4123850.154923401,1.064928982136871,0.00000000
302537.5041837492,4123850.1986611267,1.0649289848356178,0.00000000
302537.5284120658,4123850.2423988525,1.0649289820682624,0.00000000
302537.5526403826,4123850.2861365783,1.0649289819298946,0.00000000
302537.5768686994,4123850.329874304,1.064928989112501,0.00000000
302537.601097016,4123850.3736120304,1.0649289832495374,0.00000000
302537.62532533274,4123850.417349756,1.0649289810215277,0.00000000
302537.6495536496,4123850.461087482,1.0649289847798507,0.00000000
302537.6737819662,4123850.504825208,1.0649289820654742,0.00000000
302537.698010283,4123850.5485629337,1.0649289862169873,0.00000000
302537.7222385998,4123850.59230066,1.064928982137331,0.00000000
302537.7464669166,4123850.636038386,1.064928981933348,0.00000000
302537.77069523337,4123850.6797761116,1.0649289848254415,0.00000000
302537.79492355,4123850.7235138374,1.0649289830351845,0.00000000
302537.8191518667,4123850.7672515633,1.0649289819782408,0.00000000
302537.8433801835,4123850.810989289,1.064928988147487,0.00000000
302537.8676085002,4123850.8547270154,1.0649289832012867,0.00000000
302537.8918368169,4123850.898464741,1.0649289810191152,0.00000000
302537.91606513376,4123850.942202467,1.0649289847797299,0.00000000
302537.9402934504,4123850.985940193,1.0649289873201309,0.00000000
302537.9645217671,4123851.029677919,1.0649289812250573,0.00000000
302537.98875008395,4123851.073415645,1.064928984790027,0.00000000
302538.01297840057,4123851.1171533708,1.0649289830334137,0.00000000
302538.0372067173,4123851.1608910966,1.0649289819781522,0.00000000
302538.0614350341,4123851.2046288224,1.064928981925389,0.00000000
302538.0856633509,4123851.248366548,1.0649289862099829,0.00000000
302538.1098916677,4123851.2921042745,1.0649289840718426,0.00000000
302538.13411998434,4123851.3358420003,1.0649289829975046,0.00000000
302538.1583483011,4123851.379579726,1.0649289819763568,0.00000000
302538.18257661787,4123851.423317452,1.0649289838601612,0.00000000
302538.20680493454,4123851.467055178,1.0649289872741523,0.00000000
302538.2310332513,4123851.510792904,1.0649289821901893,0.00000000
302538.25526156806,4123851.55453063,1.0649289838708529,0.00000000
302538.27948988474,4123851.5982683557,1.064928982987455,0.00000000
302538.30371820147,4123851.6420060815,1.0649289819758543,0.00000000
302538.32794651826,4123851.6857438073,1.0649289862125062,0.00000000
302538.35217483505,4123851.7294815336,1.0649289821371068,0.00000000
302538.37640315184,4123851.7732192595,1.0649289838681988,0.00000000
302538.4006314685,4123851.8169569853,1.0649289829873223,0.00000000
302538.42485978524,4123851.860694711,1.0649289819758476,0.00000000
302538.44908810203,4123851.904432437,1.0649289881473674,0.00000000
302538.4733164187,4123851.948170163,1.0649289832012807,0.00000000
302538.49754473544,4123851.991907889,1.0649289819865455,0.00000001
302538.5217730522,4123852.035645615,1.0649289838606706,0.00000001
302538.5460013689,4123852.0793833407,1.064928982986946,0.00000000
302538.57022968563,4123852.1231210665,1.0649289862630609,0.00000001
302538.5944580024,4123852.166858793,1.0649289840744964,0.00000001
302538.6186863191,4123852.2105965186,1.0649289839650682,0.00000001
302538.64291463577,4123852.2543342444,1.0649289810573042,0.00000000
302538.6671429526,4123852.29807197,1.0649289838142086,0.00000001
302538.6913712693,4123852.341809696,1.0649289872718548,0.00000000
302538.715599586,4123852.3855474223,1.0649289821900743,0.00000001
302538.7398279028,4123852.429285148,1.0649289819359853,0.00000001
302538.7640562196,4123852.473022874,1.0649289819232808,0.00000001
302538.7882845364,4123852.5167606,1.0649289838575073,0.00000000
302538.81251285307,4123852.5604983256,1.0649289872740197,0.00000000
302538.8367411698,4123852.604236052,1.0649289821901826,0.00000001
302538.8609694866,4123852.6479737777,1.0649289838708524,0.00000000
302538.88519780326,4123852.6917115035,1.064928983954886,0.00000000
302538.90942611994,4123852.7354492294,1.064928981056795,0.00000000
302538.9336544368,4123852.779186955,1.0649289881014148,0.00000000
302538.95788275346,4123852.8229246815,1.0649289831989832,0.00000000
302538.9821110702,4123852.8666624073,1.0649289819864307,0.00000001
302539.006339387,4123852.910400133,1.0649289819258032,0.00000001
302539.03056770377,4123852.954137859,1.0649289819227716,0.00000001
302539.05479602056,4123852.9978755848,1.0649289881447137,0.00000000
302539.07902433723,4123853.041613311,1.0649289841685792,0.00000000
302539.1032526539,4123853.085351037,1.0649289820349106,0.00000000
302539.1274809707,4123853.1290887627,1.0649289828956578,0.00000001
302539.1517092874,4123853.1728264885,1.0649289829386952,0.00000000
302539.17593760416,4123853.2165642143,1.0649289819734162,0.00000001
302539.20016592095,4123853.26030194,1.064928988147246,0.00000000
302539.2243942376,4123853.3040396664,1.0649289841687057,0.00000000
302539.2486225543,4123853.3477773922,1.0649289820349168,0.00000000
302539.2728508711,4123853.391515118,1.0649289819282275,0.00000001
302539.2970791879,4123853.435252844,1.064928980955462,0.00000001
302539.3213075047,4123853.4789905697,1.0649289880963482,0.00000000
302539.3455358214,4123853.522728296,1.0649289841661609,0.00000001
302539.3697641381,4123853.566466022,1.0649289820347896,0.00000000
302539.39399245486,4123853.6102037476,1.0649289828956519,0.00000001
302539.4182207716,4123853.6539414735,1.064928982938695,0.00000000
302539.4424490883,4123853.6976791993,1.0649289862606481,0.00000001
302539.4666774051,4123853.7414169256,1.0649289840743759,0.00000000
302539.4909057218,4123853.7851546514,1.0649289839650622,0.00000001
302539.51513403846,4123853.828892377,1.0649289820247347,0.00000001
302539.53936235525,4123853.872630103,1.064928987182381,0.00000001
302539.563590672,4123853.9163678293,1.0649289841204626,0.00000000
302539.58781898866,4123853.960105555,1.0649289820325047,0.00000000
302539.61204730545,4123854.003843281,1.064928981928107,0.00000001
302539.63627562224,4123854.047581007,1.0649289819228869,0.00000001
302539.660503939,4123854.0913187326,1.0649289828900568,0.00000001
302539.68473225576,4123854.1350564584,1.064928988193078,0.00000000
302539.70896057243,4123854.1787941847,1.0649289822361354,0.00000001
302539.7331888892,4123854.2225319105,1.0649289829057191,0.00000000
302539.75741720595,4123854.2662696363,1.0649289839066294,0.00000001
302539.7816455226,4123854.310007362,1.064928982021813,0.00000001
302539.8058738394,4123854.353745088,1.064928987182235,0.00000001
302539.83010215615,4123854.3974828143,1.0649289841204552,0.00000000
302539.8543304728,4123854.44122054,1.0649289820325043,0.00000000
302539.8785587896,4123854.484958266,1.0649289828955375,0.00000001
302539.90278710634,4123854.5286959917,1.064928988193352,0.00000000
302539.927015423,4123854.572433718,1.0649289822361492,0.00000000
302539.9512437398,4123854.616171444,1.064928981938289,0.00000001
302539.9754720566,4123854.6599091697,1.064928981923396,0.00000001
302539.9997003734,4123854.7036468955,1.064928982890082,0.00000001
302540.0239286901,4123854.7473846213,1.0649289839058476,0.00000001
302540.0481570068,4123854.791122347,1.064928986309006,0.00000001
302540.0723853236,4123854.8348600734,1.0649289831093627,0.00000001
302540.0966136403,4123854.878597799,1.0649289839168115,0.00000000
302540.120841957,4123854.922335525,1.0649289820223222,0.00000001
302540.1450702738,4123854.966073251,1.0649289828950286,0.00000001
302540.1692985905,4123855.0098109767,1.0649289881933266,0.00000000
302540.1935269072,4123855.053548703,1.0649289822361478,0.00000001
302540.217755224,4123855.097286429,1.0649289829057198,0.00000000
302540.2419835407,4123855.1410241546,1.0649289839066294,0.00000000
302540.2662118574,4123855.1847618804,1.064928982021813,0.00000000
302540.29044017417,4123855.2284996063,1.0649289862148041,0.00000001
302540.31466849096,4123855.2722373325,1.0649289821372219,0.00000001
302540.33889680775,4123855.3159750584,1.0649289829007735,0.00000001
302540.3631251245,4123855.359712784,1.0649289848738128,0.00000001
302540.3873534411,4123855.40345051,1.0649289820701722,0.00000000
302540.4115817579,4123855.447188236,1.064928986217222,0.00000001
302540.4358100747,4123855.490925962,1.0649289840722045,0.00000001
302540.46003839135,4123855.534663688,1.0649289820300918,0.00000001
302540.48426670814,4123855.5784014137,1.064928982895417,0.00000000
302540.5084950249,4123855.6221391396,1.064928984873545,0.00000000
302540.5327233415,4123855.6658768654,1.0649289863573907,0.00000000
302540.5569516583,4123855.7096145917,1.064928982144351,0.00000001
302540.58117997507,4123855.7533523175,1.0649289819336991,0.00000001
302540.60540829186,4123855.7970900433,1.0649289819231664,0.00000000
302540.62963660865,4123855.840827769,1.0649289848249326,0.00000001
302540.65386492526,4123855.884565495,1.0649289811002973,0.00000000
302540.6780932421,4123855.928303221,1.0649289871361591,0.00000000
302540.70232155884,4123855.972040947,1.0649289841181513,0.00000001
302540.7265498755,4123856.015778673,1.064928982032389,0.00000000
302540.7507781923,4123856.0595163987,1.0649289828955317,0.00000001
302540.77500650904,4123856.1032541245,1.0649289891607827,0.00000000
302540.79923482565,4123856.146991851,1.0649289822845207,0.00000000
302540.82346314244,4123856.1907295766,1.0649289819407075,0.00000001
302540.84769145923,4123856.2344673024,1.064928981923517,0.00000001
302540.871919776,4123856.2782050283,1.0649289819226575,0.00000001
302540.8961480928,4123856.321942754,1.064928989112139,0.00000001
302540.9203764094,4123856.3656804804,1.064928985184381,0.00000000
302540.94460472604,4123856.409418206,1.0649289820857006,0.00000001
302540.96883304283,4123856.453155932,1.0649289819307666,0.00000001
302540.9930613596,4123856.496893658,1.0649289819230199,0.00000001
302541.0172896764,4123856.5406313837,1.0649289819226326,0.00000001
302541.0415179932,4123856.5843691095,1.0649289891121376,0.00000001
302541.0657463098,4123856.6281068358,1.0649289822820884,0.00000001
302541.0899746266,4123856.6718445616,1.064928981940586,0.00000001
302541.1142029434,4123856.7155822874,1.0649289848258034,0.00000001
302541.13843126,4123856.759320013,1.0649289863550035,0.00000001
302541.1626595768,4123856.8030577395,1.0649289831116626,0.00000001
302541.18688789353,4123856.8467954653,1.0649289839169265,0.00000000
302541.2111162102,4123856.890533191,1.064928982022328,0.00000001
302541.235344527,4123856.934270917,1.064928981927598,0.00000001
302541.2595728438,4123856.978008643,1.0649289819228616,0.00000001
302541.2838011606,4123857.0217463686,1.0649289862098565,0.00000001
302541.30802947737,4123857.065484095,1.0649289850392671,0.00000001
302541.332257794,4123857.1092218207,1.0649289820784449,0.00000001
302541.3564861108,4123857.1529595465,1.0649289819304038,0.00000001
302541.38071442756,4123857.1966972724,1.0649289891125262,0.00000001
302541.4049427442,4123857.2404349986,1.064928982282108,0.00000001
302541.42917106097,4123857.2841727245,1.064928981940587,0.00000001
302541.45339937776,4123857.3279104503,1.0649289848258034,0.00000001
302541.4776276944,4123857.371648176,1.0649289820677716,0.00000001
302541.50185601116,4123857.415385902,1.0649289819298702,0.00000001
302541.52608432795,4123857.4591236277,1.064928986210207,0.00000001
302541.55031264474,4123857.502861354,1.0649289821369918,0.00000001
302541.57454096153,4123857.54659908,1.0649289848356238,0.00000001
302541.59876927815,4123857.5903368057,1.0649289820682628,0.00000001
302541.62299759494,4123857.6340745315,1.0649289819298948,0.00000001
302541.6472259117,4123857.6778122573,1.0649289900799317,0.00000001
302541.6714542283,4123857.7215499836,1.0649289813630474,0.00000000
302541.69568254513,4123857.7652877094,1.064928981894634,0.00000000
302541.7199108619,4123857.8090254352,1.064928984823506,0.00000000
302541.74413917854,4123857.852763161,1.0649289820676568,0.00000000
302541.76836749533,4123857.896500887,1.0649289862170963,0.00000000
302541.7925958121,4123857.940238613,1.064928985039629,0.00000000
302541.81682412873,4123857.983976339,1.064928983045894,0.00000001
302541.84105244547,4123858.027714065,1.0649289819787762,0.00000001
302541.86528076226,4123858.0714517906,1.0649289819254204,0.00000001
302541.88950907905,4123858.1151895165,1.0649289819227525,0.00000001
302541.91373739584,4123858.1589272423,1.0649289891121438,0.00000000
302541.93796571245,4123858.2026649686,1.064928981314658,0.00000000
302541.9621940293,4123858.2464026944,1.0649289818922145,0.00000000
302541.9864223461,4123858.29014042,1.064928984823385,0.00000000
302542.0106506627,4123858.333878146,1.0649289863548828,0.00000000
302542.0348789795,4123858.3776158723,1.0649289821442256,0.00000001
302542.0591072963,4123858.421353598,1.0649289848359855,0.00000000
302542.0833356129,4123858.465091324,1.0649289830357116,0.00000000
302542.10756392963,4123858.5088290498,1.0649289819782672,0.00000001
302542.1317922464,4123858.5525667756,1.0649289819253949,0.00000000
302542.1560205632,4123858.5963045014,1.064928985242552,0.00000000
302542.18024888006,4123858.6400422277,1.0649289849909018,0.00000001
302542.2044771967,4123858.6837799535,1.0649289820760266,0.00000001
302542.22870551347,4123858.7275176793,1.064928981930283,0.00000001
302542.25293383026,4123858.771255405,1.0649289891125202,0.00000000
302542.2771621469,4123858.8149931314,1.0649289832495383,0.00000001
302542.3013904636,4123858.8587308573,1.0649289819889585,0.00000001
302542.3256187804,4123858.902468583,1.0649289838607914,0.00000002
302542.34984709707,4123858.946206309,1.064928982986952,0.00000002
302542.3740754138,4123858.9899440347,1.0649289819758292,0.00000002
302542.3983037306,4123859.0336817605,1.0649289891147975,0.00000002
302542.4225320472,4123859.077419487,1.0649289822822214,0.00000002
302542.446760364,4123859.1211572126,1.0649289819405927,0.00000003
302542.4709886808,4123859.1648949385,1.064928983858373,0.00000004
302542.49521699746,4123859.2086326643,1.064928987274063,0.00000004
302542.5194453142,4123859.2523703906,1.0649289821901848,0.00000005
302542.543673631,4123859.2961081164,1.0649289819359908,0.00000006
302542.56790194777,4123859.339845842,1.064928981923281,0.00000007
302542.59213026456,4123859.383583568,1.0649289838575076,0.00000008
302542.61635858123,4123859.427321294,1.0649289829867878,0.00000009
302542.64058689796,4123859.4710590197,1.0649289862630529,0.00000011
302542.66481521475,4123859.514796746,1.0649289850419268,0.00000013
302542.68904353137,4123859.558534472,1.064928982078578,0.00000015
302542.71327184816,4123859.6022721976,1.0649289819304104,0.00000018
302542.73750016495,4123859.6460099234,1.0649289881450956,0.00000021
302542.7617284816,4123859.6897476497,1.0649289832011672,0.00000025
302542.78595679835,4123859.7334853755,1.06492898198654,0.00000029
302542.81018511514,4123859.7772231014,1.0649289819258085,0.00000034
302542.83441343193,4123859.820960827,1.064928981922772,0.00000040
302542.8586417487,4123859.864698553,1.064928983857482,0.00000046
302542.8828700654,4123859.908436279,1.0649289872740184,0.00000054
302542.90709838213,4123859.952174005,1.0649289821901824,0.00000063
302542.9313266989,4123859.995911731,1.0649289838708524,0.00000073
302542.9555550156,4123860.0396494567,1.064928982987455,0.00000085
302542.9797833323,4123860.0833871826,1.0649289819758543,0.00000099
302543.0040116491,4123860.1271249084,1.0649289881473678,0.00000115
302543.0282399658,4123860.1708626347,1.0649289832012807,0.00000133
302543.0524682825,4123860.2146003605,1.0649289819865455,0.00000154
302543.0766965993,4123860.2583380863,1.0649289819258088,0.00000178
302543.1009249161,4123860.302075812,1.064928981922772,0.00000206
302543.1251532329,4123860.345813538,1.0649289881447137,0.00000238
302543.14938154956,4123860.3895512642,1.0649289822337173,0.00000274
302543.17360986635,4123860.43328899,1.0649289819381675,0.00000316
302543.19783818314,4123860.477026716,1.06492898192339,0.00000365
302543.22206649993,4123860.5207644417,1.0649289809552203,0.00000420
302543.2462948168,4123860.5645021675,1.0649289799393808,0.00000483
302543.2705231337,4123860.6082398933,1.0649289808560198,0.00000556
302543.29475145054,4123860.651977619,1.0649289799344208,0.00000639
302543.31897976744,4123860.695715345,1.06492897892091,0.00000734
302543.3432080844,4123860.739453071,1.0649289788702345,0.00000843
302543.3674364014,4123860.7831907966,1.0649289788677008,0.00000967
302543.39166471834,4123860.8269285224,1.0649289769327122,0.00001109
302543.4158930354,4123860.8706662483,1.0649289715813,0.00001271
302543.44012135256,4123860.9144039736,1.0649289717312378,0.00001456
302543.4643496699,4123860.9581416994,1.0649289626143483,0.00001668
302543.4885779876,4123861.001879425,1.0649289592562114,0.00001909
302543.5128063054,4123861.04561715,1.064928950931349,0.00002184
302543.5370346235,4123861.089354875,1.0649289538349072,0.00002497
302543.5612629416,4123861.1330926004,1.0649289438882676,0.00002855
302543.5854912601,4123861.1768303253,1.0649289274945333,0.00003262
302543.6097195793,4123861.2205680497,1.064928919902831,0.00003726
302543.63394789887,4123861.264305774,1.0649289127512298,0.00004254
302543.65817621886,4123861.3080434985,1.0649288931774454,0.00004855
302543.6824045395,4123861.351781222,1.0649288786547249,0.00005539
302543.70663286094,4123861.3955189455,1.0649288577449536,0.00006317
302543.7308611831,4123861.439256668,1.0649288392857106,0.00007201
302543.7550895063,4123861.4829943907,1.064928807537374,0.00008206
302543.7793178308,4123861.5267321123,1.0649287712548596,0.00009347
302543.8035461569,4123861.570469833,1.064928731843344,0.00010642
302543.82777448476,4123861.6142075527,1.0649286821835602,0.00012110
302543.8520028147,4123861.657945271,1.0649286295265823,0.00013775
302543.87623114715,4123861.7016829886,1.0649285594383993,0.00015660
302543.9004594826,4123861.745420704,1.0649284846089333,0.00017791
302543.92468782136,4123861.789158418,1.0649284037378197,0.00020199
302543.9489161637,4123861.8328961297,1.064928301413553,0.00022916
302543.9731445104,4123861.8766338388,1.0649281906947001,0.00025976
302543.9973728622,4123861.9203715455,1.0649280502480862,0.00029415
302544.02160122,4123861.9641092485,1.0649278889664773,0.00033273
302544.04582958505,4123862.0078469478,1.06492769346536,0.00037589
302544.07005795854,4123862.051584642,1.0649274672303626,0.00042400
302544.0942863422,4123862.095322331,1.06492720531348,0.00047745
302544.11851473735,4123862.1390600135,1.0649269189440889,0.00053653
302544.14274314506,4123862.182797689,1.0649265908523942,0.00060148
302544.16697156726,4123862.2265353566,1.064926194186674,0.00067239
302544.1912000069,4123862.2702730144,1.0649257276043367,0.00074911
302544.215428467,4123862.3140106606,1.064925194775626,0.00083140
302544.2396569508,4123862.3577482942,1.0649245787350141,0.00091893
302544.26388546155,4123862.4014859125,1.064923876017158,0.00101130
302544.28811400343,4123862.445223514,1.0649230563055865,0.00110813
302544.31234258116,4123862.488961095,1.064922126526723,0.00120903
302544.3365712,4123862.5326986536,1.0649210443070876,0.00131362
302544.36079986644,4123862.5764361857,1.0649198093305985,0.00142152
302544.3850285874,4123862.620173688,1.0649183740244397,0.00153236
302544.40925737144,4123862.663911155,1.06491674113249,0.00164585
302544.43348622747,4123862.7076485823,1.064914861300027,0.00176167
302544.45771516615,4123862.7513859635,1.064912715063325,0.00187958
302544.4819441994,4123862.7951232926,1.064910242282962,0.00199933
302544.5061733415,4123862.838860561,1.0649074147989985,0.00212069
302544.53040260804,4123862.8825977608,1.0649041806119268,0.00224347
302544.5546320171,4123862.9263348817,1.0649004745034634,0.00236749
302544.57886158937,4123862.9700719123,1.0648962325291236,0.00249259
302544.6030913482,4123863.013808839,1.064891389159386,0.00261863
302544.6273213204,4123863.057545648,1.064885854027983,0.00274546
302544.6515515363,4123863.101282322,1.0648795300084755,0.00287297
302544.6757820306,4123863.1450188416,1.0648723116106729,0.00300104
302544.7000128425,4123863.188755185,1.0648640988860725,0.00312957
302544.7242440161,4123863.2324913284,1.06485471210719,0.00325846
302544.7484756029,4123863.276227243,1.0648439952183866,0.00338763
302544.77270766126,4123863.3199628955,1.0648317927991187,0.00351699
302544.796940257,4123863.363698251,1.06481786788593,0.00364644
302544.8211734656,4123863.4074332668,1.0648020176114135,0.00377591
302544.8454073718,4123863.451167896,1.064783962976802,0.00390532
302544.86964207265,4123863.4949020846,1.0647633906400364,0.00403458
302544.89387767913,4123863.5386357717,1.064739981383003,0.00416361
302544.91811431595,4123863.582368888,1.0647133447868786,0.00429230
302544.9423521249,4123863.626101354,1.0646830385072292,0.00442058
302544.9665912678,4123863.6698330813,1.064648555239743,0.00454833
302544.99083192815,4123863.713563967,1.0646093528039295,0.00467544
302545.0150743139,4123863.7572938967,1.0645647613215405,0.00480179
302545.03931866185,4123863.801022738,1.064514100829182,0.00492725
302545.06356523914,4123863.844750344,1.0644565672574995,0.00505166
302545.08781434793,4123863.8884765455,1.0643912624393357,0.00517487
302545.11206633016,4123863.9322011536,1.064317156871522,0.00529669
302545.13632157276,4123863.975923953,1.0642331223047383,0.00541691
302545.16058051254,4123864.019644702,1.0641378792695568,0.00553530
302545.1848436418,4123864.063363125,1.0640300680890837,0.00565162
302545.20911151334,4123864.1070789164,1.0639081056462139,0.00576556
302545.2333847488,4123864.1507917293,1.0637703005290213,0.00587681
302545.2576640445,4123864.194501177,1.0636147908147682,0.00598501
302545.28195017786,4123864.2382068257,1.0634395652204256,0.00608976
302545.30624401435,4123864.2819081927,1.0632424965041207,0.00619062
302545.3305465128,4123864.3256047433,1.0630213259390162,0.00628709
302545.3548587305,4123864.369295887,1.062773722686284,0.00637864
302545.3791818263,4123864.412980976,1.0624973594939373,0.00646467
302545.4035170603,4123864.4566593044,1.0621899888620236,0.00654454
302545.42786578974,4123864.500330111,1.0618496284962438,0.00661755
302545.4522294572,4123864.543992585,1.0614747420744268,0.00668297
302545.476609571,4123864.5876458785,1.0610645194328778,0.00674003
302545.50100767124,4123864.631289121,1.0606193137724713,0.00678794
302545.52542527963,4123864.6749214525,1.060141122694098,0.00682592
302545.54986382567,4123864.7185420603,1.05963434707337,0.00685325
302545.57432453986,4123864.7621502406,1.0591068584132328,0.00686928
302545.5988083012,4123864.8057454857,1.0585712167410604,0.00687356
302545.62331542897,4123864.849327599,1.058045700637567,0.00686594
302545.6478454335,4123864.8928968413,1.0575425147191058,0.00684665
302545.67239730706,4123864.9364537634,1.0570691418577451,0.00681621
302545.6969697285,4123864.9799990975,1.056629572223403,0.00677528
302545.721561211,4123865.0235336693,1.056225504774296,0.00672462
302545.74617020146,4123865.0670583476,1.0558557163387967,0.00666502
302545.7707952065,4123865.110573967,1.0555190691453535,0.00659724
302545.7954347835,4123865.1540813367,1.055218407796282,0.00652201
302545.82008735824,4123865.1975813434,1.054948505948291,0.00644014
302545.8447516023,4123865.2410747344,1.0547068964635893,0.00635229
302545.8694262892,4123865.2845622017,1.0544911980194287,0.00625911
302545.8941102963,4123865.328044379,1.0542990635646174,0.00616114
302545.9188026037,4123865.371521844,1.0541282507577843,0.00605893
302545.9435022885,4123865.4149951185,1.0539766246757805,0.00595293
302545.96820852056,4123865.458464672,1.0538422381239043,0.00584357
302545.9929205549,4123865.5019309274,1.053723256177808,0.00573122
302546.01763772545,4123865.5453942623,1.0536180096766665,0.00561623
302546.0423594387,4123865.5888550133,1.0535249934411715,0.00549890
302546.0670851666,4123865.6323134806,1.0534428578632817,0.00537948
302546.091814439,4123865.675769931,1.0533703633014722,0.00525823
302546.1165468394,4123865.719224601,1.0533064290534895,0.00513534
302546.1412819987,4123865.762677701,1.0532500336330557,0.00501100
302546.1660195912,4123865.806129416,1.0532003274368913,0.00488538
302546.1907593282,4123865.84957991,1.0531565464501558,0.00475862
302546.2155009538,4123865.893029328,1.0531180115584864,0.00463084
302546.2402442419,4123865.9364778,1.0530840751219315,0.00450215
302546.2649889938,4123865.979925438,1.0530542118476705,0.00437265
302546.28973503405,4123866.0233723423,1.0530279355533774,0.00424241
302546.3144822075,4123866.066818601,1.0530048191459993,0.00411151
302546.3392303783,4123866.110264292,1.0529844782039206,0.00398000
302546.3639794262,4123866.153709483,1.0529665894968083,0.00384794
302546.3887292457,4123866.197154234,1.0529508833602081,0.00371537
302546.4134797427,4123866.2405986,1.0529370758250303,0.00358232
302546.43823083513,4123866.284042626,1.052924943614464,0.00344881
302546.46298245084,4123866.3274863544,1.0529142918958223,0.00331488
302546.48773452593,4123866.370929821,1.0529049374037858,0.00318053
302546.51248700434,4123866.4143730574,1.0528967250051438,0.00304577
302546.537239837,4123866.4578160923,1.052889528303544,0.00291061
302546.5619929799,4123866.50125895,1.0528832239486707,0.00277505
302546.5867463948,4123866.5447016535,1.0528776986639703,0.00263909
302546.61150004785,4123866.588144221,1.0528728663817812,0.00250273
302546.6362539092,4123866.6315866695,1.0528686374782559,0.00236596
302546.66100795293,4123866.6750290142,1.0528649501301715,0.00222879
302546.68576215574,4123866.7184712687,1.0528617240371656,0.00209122
302546.71051649743,4123866.7619134434,1.0528589177093122,0.00195327
302546.7352709601,4123866.8053555493,1.052856492445646,0.00181497
302546.76002552744,4123866.848797596,1.0528543892804934,0.00167637
302546.78478018515,4123866.8922395906,1.0528525857363884,0.00153757
302546.8095349208,4123866.9356815415,1.0528510250437249,0.00139869
302546.8342897235,4123866.9791234536,1.0528497107789483,0.00125995
302546.85904458276,4123867.0225653336,1.0528486001921962,0.00112163
302546.88379948994,4123867.0660071867,1.052847660708776,0.00098411
302546.9085544374,4123867.1094490164,1.0528468994607783,0.00084787
302546.9333094175,4123867.1528908275,1.0528463018546517,0.00071340
302546.9580644233,4123867.196332624,1.0528458328799528,0.00058124
302546.98281944904,4123867.239774409,1.0528455221842707,0.00045194
302547.00757448794,4123867.283216187,1.0528453601433592,0.00032604
302547.0323295336,4123867.3266579607,1.0528453192583205,0.00020406
302547.0570845807,4123867.3700997336,1.0528454054173018,0.00008646
302547.0818396238,4123867.413541509,1.0528456217973636,0.00002641
302547.10659465723,4123867.4569832897,1.0528459883119519,0.00013433
302547.1313496744,4123867.50042508,1.0528465040349684,0.00023733
302547.1561046689,4123867.543866883,1.0528471645396829,0.00033554
302547.18085963425,4123867.5873087025,1.0528479971593183,0.00042921
302547.2056145631,4123867.630750543,1.0528489848908298,0.00051864
302547.23036944866,4123867.674192408,1.0528501654323799,0.00060414
302547.25512428244,4123867.7176343026,1.0528515807149275,0.00068602
302547.27987905423,4123867.7610762324,1.052853208700024,0.00076460
302547.3046337548,4123867.804518203,1.0528551278409763,0.00084020
302547.3293883713,4123867.847960221,1.0528573280711726,0.00091313
302547.3541428917,4123867.8914022944,1.0528598811794594,0.00098363
302547.37889730046,4123867.9348444315,1.0528628249233005,0.00105197
302547.4036515803,4123867.9782866416,1.0528661709121028,0.00111836
302547.4284057138,4123868.021728935,1.0528699895600167,0.00118299
302547.4531596803,4123868.0651713237,1.0528743644795098,0.00124604
302547.4779134557,4123868.1086138217,1.0528793358288004,0.00130767
302547.5026670135,4123868.152056443,1.0528850243681154,0.00136802
302547.5274203227,4123868.1954992064,1.052891514080874,0.00142720
302547.5521733481,4123868.2389421314,1.0528988892577527,0.00148532
302547.5769260512,4123868.2823852403,1.0529072807530584,0.00154246
302547.60167838715,4123868.325828558,1.0529168336154888,0.00159870
302547.6264303057,4123868.369272114,1.0529276879277059,0.00165410
302547.6511817496,4123868.41271594,1.0529400392789083,0.00170869
302547.67593265354,4123868.4561600736,1.0529540650953308,0.00176251
302547.70068294427,4123868.4996045567,1.052970004153268,0.00181559
302547.725432538,4123868.5430494365,1.0529881118599533,0.00186793
302547.75018134026,4123868.5864947676,1.0530086597190762,0.00191953
302547.77492924425,4123868.6299406104,1.0530319692689414,0.00197037
302547.79967612907,4123868.6733870334,1.0530584060900998,0.00202043
302547.82442185824,4123868.716834115,1.0530883744822628,0.00206967
302547.84916627745,4123868.760281943,1.053122321579418,0.00211804
302547.87390921236,4123868.8037306154,1.0531607585937268,0.00216547
302547.898650467,4123868.847180245,1.0532042353914213,0.00221189
302547.923389821,4123868.8906309567,1.053253375209497,0.00225720
302547.9481270271,4123868.934082892,1.0533088482031907,0.00230128
302547.9728618081,4123868.977536207,1.0533713877381758,0.00234402
302547.9975938552,4123869.020991078,1.0534418118127662,0.00238527
302548.02232282417,4123869.0644477014,1.0535209679770532,0.00242487
302548.04704833304,4123869.107906293,1.0536097431488922,0.00246262
302548.07176996197,4123869.1513670925,1.0537090485573872,0.00249833
302548.0964872505,4123869.19483036,1.0538198389014717,0.00253176
302548.12119969755,4123869.2382963807,1.0539429647310188,0.00256267
302548.1459067644,4123869.28176546,1.0540791866963526,0.00259078
302548.17060787947,4123869.3252379214,1.0542290787780613,0.00261582
302548.1953024468,4123869.3687141025,1.0543928841096497,0.00263748
302548.2199898602,4123869.412194346,1.0545703367799235,0.00265545
302548.24466952647,4123869.455678988,1.0547603987374048,0.00266944
302548.2693408985,4123869.4991683355,1.0549609654721135,0.00267917
302548.29400352354,4123869.5426626443,1.0551683579648823,0.00268441
302548.318657112,4123869.586162076,1.0553766820186787,0.00268502
302548.3433016359,4123869.6296666437,1.0555796960385175,0.00268099
302548.36793733947,4123869.673176207,1.0557732519993877,0.00267244
302548.3925646425,4123869.7166905254,1.055954862464968,0.00265959
302548.41718407004,4123869.7602093006,1.0561231932815065,0.00264272
302548.44179620204,4123869.803732202,1.056277740186064,0.00262211
302548.466401639,4123869.8472588887,1.0564185642432724,0.00259808
302548.4910009775,4123869.890789022,1.0565461206035025,0.00257093
302548.5155947938,4123869.934322276,1.056661079777915,0.00254096
302548.5401836342,4123869.977858341,1.0567642685965828,0.00250846
302548.5647680089,4123870.021396927,1.0568565892157253,0.00247367
302548.589348389,4123870.064937769,1.056938945564989,0.00243685
302548.61392520595,4123870.108480622,1.0570122494304712,0.00239822
302548.63849885185,4123870.152025265,1.0570773608926722,0.00235797
302548.6630696812,4123870.1955714975,1.057135080594103,0.00231629
302548.68763801374,4123870.239119138,1.0571862047975895,0.00227335
302548.7122041353,4123870.2826680266,1.0572314104215792,0.00222929
302548.7367683017,4123870.326218018,1.0572713492034964,0.00218425
302548.76133074076,4123870.369768983,1.0573066012297268,0.00213834
302548.7858916552,4123870.413320808,1.0573377063979257,0.00209167
302548.8104512247,4123870.456873392,1.0573651080805078,0.00204434
302548.835009609,4123870.500426644,1.0573892410353891,0.00199642
302548.85956694983,4123870.5439804844,1.057410491828998,0.00194801
302548.8841233718,4123870.587534843,1.05742919643026,0.00189915
302548.90867898485,4123870.6310896575,1.0574456521415816,0.00184993
302548.9332338862,4123870.674644873,1.0574601259017617,0.00180038
302548.95778816176,4123870.7182004414,1.0574728407030067,0.00175056
302548.98234188766,4123870.76175632,1.0574840154137308,0.00170052
302549.0068951304,4123870.805312471,1.0574938373759677,0.00165029
302549.03144794836,4123870.8488688613,1.0575024494554064,0.00159992
302549.0560003938,4123870.892425461,1.0575100231601495,0.00154944
302549.0805525119,4123870.935982246,1.0575166841675068,0.00149889
302549.10510434204,4123870.979539193,1.0575225076739498,0.00144830
302549.12965592026,4123871.023096282,1.057527620358139,0.00139770
302549.1542072775,4123871.0666534957,1.05753211095464,0.00134713
302549.1787584406,4123871.1102108187,1.057536049449695,0.00129661
302549.20330943336,4123871.1537682377,1.0575395121267024,0.00124619
302549.2278602766,4123871.1973257414,1.0575425471182742,0.00119589
302549.2524109884,4123871.2408833187,1.0575451968579812,0.00114576
302549.27696158574,4123871.2844409607,1.0575475236916856,0.00109582
302549.3015120823,4123871.327998659,1.0575495567847102,0.00104613
302549.3260624911,4123871.3715564073,1.0575513443312925,0.00099674
302549.35061282275,4123871.4151141993,1.0575529012660307,0.00094768
302549.375163087,4123871.458672029,1.0575542673814828,0.00089901
302549.399713292,4123871.5022298917,1.0575554533556384,0.00085081
302549.42426344607,4123871.545787784,1.0575564948797775,0.00080312
302549.44881355495,4123871.589345701,1.0575574096613705,0.00075604
302549.4733636243,4123871.6329036406,1.0575581908609075,0.00070963
302549.4979136597,4123871.676461599,1.0575588969588334,0.00066399
302549.5224636648,4123871.7200195747,1.0575595096487127,0.00061922
302549.54701364343,4123871.7635775656,1.0575600352497552,0.00057543
302549.5715635992,4123871.807135569,1.0575604943276828,0.00053274
302549.59611353517,4123871.8506935835,1.05756088694732,0.00049127
302549.6206634543,4123871.894251608,1.057561241052134,0.00045117
302549.64521335793,4123871.9378096405,1.0575615580564701,0.00041259
302549.66976324795,4123871.981367681,1.0575618158543796,0.00037567
302549.694313127,4123872.0249257283,1.0575620301924804,0.00034058
302549.71886299655,4123872.06848378,1.0575622303229602,0.00030745
302549.7434128575,4123872.112041837,1.0575624176912737,0.00027645
302549.7679627104,4123872.1555998987,1.0575625668295148,0.00024767
302549.79251255695,4123872.199157964,1.0575627039313837,0.00022120
302549.8170623975,4123872.2427160325,1.0575628134374995,0.00019704
302549.84161223314,4123872.2862741034,1.0575629032581426,0.00017514
302549.866162065,4123872.3298321767,1.0575630031828358,0.00015537
302549.8907118927,4123872.3733902527,1.0575630761285024,0.00013761
302549.91526171705,4123872.41694833,1.0575631385809394,0.00012172
302549.9398115389,4123872.4605064094,1.0575631768783171,0.00010753
302549.9643613589,4123872.504064489,1.057563214948528,0.00009490
302549.9889111775,4123872.5476225703,1.0575632650420328,0.00008368
302550.0134609937,4123872.5911806524,1.0575633041752144,0.00007372
302550.03801080823,4123872.6347387354,1.057563335052721,0.00006491
302550.06256062153,4123872.6782968193,1.0575633602098653,0.00005711
302550.08711043367,4123872.7218549037,1.057563379300247,0.00005022
302550.111660245,4123872.7654129886,1.0575633971238332,0.00004414
302550.13621005556,4123872.808971074,1.0575634081398777,0.00003878
302550.1607598658,4123872.8525291597,1.057563418325254,0.00003406
302550.1853096754,4123872.8960872456,1.0575634289593878,0.00002990
302550.2098594847,4123872.939645332,1.0575634400891263,0.00002623
302550.23440929333,4123872.983203418,1.057563454624308,0.00002301
302550.2589591014,4123873.026761505,1.0575634693297618,0.00002018
302550.2835089089,4123873.070319592,1.057563474882322,0.00001769
302550.30805871607,4123873.113877679,1.0575634881751872,0.00001550
302550.33260852273,4123873.157435767,1.0575634946205752,0.00001358
302550.35715832905,4123873.2009938546,1.0575634949428445,0.00001189
302550.38170813536,4123873.244551942,1.0575635021934504,0.00001041
302550.4062579415,4123873.2881100303,1.0575634972484032,0.00000911
302550.4308077477,4123873.331668118,1.0575635023087282,0.00000797
302550.45535755384,4123873.375226206,1.0575635011079971,0.00000697
302550.4799073598,4123873.418784294,1.0575635053920804,0.00000610
302550.5044571658,4123873.462342382,1.0575635084966568,0.00000533
302550.52900697157,4123873.50590047,1.0575635086518858,0.00000466
302550.55355677736,4123873.549458558,1.057563510586562,0.00000407
302550.57810658304,4123873.5930166463,1.0575635135736685,0.00000355
302550.60265638854,4123873.6365747345,1.0575635137230237,0.00000310
302550.62720619404,4123873.6801328226,1.057563512767034,0.00000270
302550.6517559996,4123873.7236909107,1.057563511755777,0.00000236
302550.6763058052,4123873.767248999,1.0575635117052142,0.00000205
302550.70085561083,4123873.810807087,1.057563513629601,0.00000179
302550.72540541633,4123873.854365175,1.05756351806994,0.00000156
302550.74995522184,4123873.8979232637,1.05756351298438,0.00000135
302550.7745050274,4123873.941481352,1.0575635146570168,0.00000118
302550.79905483284,4123873.98503944,1.0575635137771913,0.00000102
302550.82360463834,4123874.028597528,1.0575635156601149,0.00000089
302550.8481544437,4123874.0721556162,1.057563519134923,0.00000077
302550.87270424917,4123874.115713705,1.057563514964544,0.00000067
302550.8972540546,4123874.159271793,1.0575635147560252,0.00000058
302550.92180386005,4123874.202829881,1.0575635181262613,0.00000050
302550.94635366555,4123874.2463879697,1.057563514914111,0.00000044
302550.970903471,4123874.289946058,1.0575635147535034,0.00000038
302550.99545327644,4123874.333504146,1.0575635157089303,0.00000033
302551.0200030818,4123874.377062234,1.0575635191373638,0.00000028
302551.04455288727,4123874.4206203227,1.057563514964666,0.00000025
302551.0691026927,4123874.464178411,1.0575635147560312,0.00000021
302551.09365249815,4123874.507736499,1.0575635200531766,0.00000018
302551.11820230354,4123874.5512945876,1.0575635150104568,0.00000016
302551.142752109,4123874.5948526757,1.0575635147583207,0.00000014
302551.1673019144,4123874.638410764,1.0575635147457139,0.00000012
302551.19185171986,4123874.681968852,1.0575635200526605,0.00000010
302551.21640152525,4123874.7255269405,1.057563515010431,0.00000009
302551.2409513307,4123874.7690850287,1.0575635147583193,0.00000008
302551.26550113613,4123874.812643117,1.0575635190898334,0.00000006
302551.2900509416,4123874.8562012054,1.0575635159257468,0.00000006
302551.31460074696,4123874.8997592935,1.0575635148040852,0.00000005
302551.3391505524,4123874.9433173817,1.057563514748002,0.00000004
302551.36370035785,4123874.98687547,1.0575635190893176,0.00000003
302551.3882501633,4123875.0304335584,1.057563515925721,0.00000003
302551.4127999687,4123875.0739916465,1.0575635148040838,0.00000003
302551.4373497741,4123875.1175497347,1.0575635190921215,0.00000002
302551.46189957956,4123875.1611078233,1.0575635149624039,0.00000002
302551.486449385,4123875.2046659114,1.0575635157193755,0.00000001
302551.5109991904,4123875.2482239995,1.0575635138303092,0.00000002
302551.5355489959,4123875.2917820876,1.057563519043433,0.00000001
302551.56009880133,4123875.3353401762,1.0575635149599696,0.00000001
302551.5846486068,4123875.3788982644,1.0575635147557965,0.00000000
302551.6091984122,4123875.4224563525,1.0575635190897072,0.00000001
302551.63374821766,4123875.466014441,1.0575635149622833,0.00000000
302551.6582980231,4123875.5095725292,1.0575635157193695,0.00000001
302551.6828478285,4123875.5531306174,1.0575635147937663,0.00000000
302551.70739763393,4123875.5966887055,1.0575635190916057,0.00000000
302551.7319474394,4123875.640246794,1.057563514962378,0.00000000
302551.7564972448,4123875.683804882,1.0575635157193741,0.00000001
302551.7810470502,4123875.7273629704,1.057563519137886,0.00000000
302551.80559685564,4123875.770921059,1.0575635178550646,0.00000000
302551.8301466609,4123875.814479147,1.0575635230985005,0.00000000
302551.8546964661,4123875.8580372357,1.0575635161261803,0.00000000
302551.8792462715,4123875.901595324,1.057563514814107,0.00000000
302551.90379607695,4123875.945153412,1.0575635190926227,0.00000000
302551.9283458824,4123875.9887115005,1.057563514962429,0.00000000
302551.95289568783,4123876.0322695887,1.0575635147559193,0.00000000
302551.9774454933,4123876.075827677,1.057563515709051,0.00000000
302552.00199529866,4123876.119385765,1.05756351913737,0.00000000
302552.0265451041,4123876.1629438535,1.0575635149646665,0.00000000
302552.05109490955,4123876.2065019417,1.0575635147560312,0.00000000
302552.075644715,4123876.25006003,1.0575635200531766,0.00000000
302552.1001945204,4123876.2936181184,1.0575635150104568,0.00000000
302552.1247443258,4123876.3371762065,1.0575635147583207,0.00000001
302552.14929413126,4123876.3807342947,1.0575635137822563,0.00000000
302552.17384393676,4123876.424292383,1.0575635190410302,0.00000000
302552.1983937422,4123876.4678504714,1.0575635149598495,0.00000000
302552.22294354765,4123876.5114085595,1.0575635157192478,0.00000000
302552.24749335303,4123876.5549666476,1.0575635147937603,0.00000001
302552.2720431585,4123876.598524736,1.0575635190916055,0.00000001
302552.2965929639,4123876.6420828244,1.057563514962378,0.00000000
302552.32114276936,4123876.6856409125,1.0575635157193741,0.00000001
302552.34569257475,4123876.7291990006,1.057563519137886,0.00000000
302552.3702423802,4123876.772757089,1.0575635149646923,0.00000000
302552.39479218563,4123876.8163151774,1.0575635147560325,0.00000000
302552.4193419911,4123876.8598732655,1.0575635157090568,0.00000000
302552.44389179646,4123876.9034313536,1.0575635191373702,0.00000000
302552.4684416019,4123876.946989442,1.0575635149646665,0.00000000
302552.49299140734,4123876.9905475304,1.0575635147560312,0.00000000
302552.5175412128,4123877.0341056185,1.0575635200531766,0.00000000
302552.5420910182,4123877.077663707,1.0575635150104568,0.00000001
302552.5666408236,4123877.121221795,1.0575635147583207,0.00000000
302552.59119062906,4123877.1647798833,1.0575635190898334,0.00000000
302552.6157404345,4123877.208337972,1.0575635159257468,0.00000000
302552.6402902399,4123877.25189606,1.0575635148040852,0.00000001
302552.6648400453,4123877.295454148,1.057563514748002,0.00000000
302552.68938985077,4123877.3390122363,1.0575635190893176,0.00000000
302552.7139396562,4123877.382570325,1.0575635149622638,0.00000000
302552.73848946166,4123877.426128413,1.0575635137924535,0.00000000
302552.76303926716,4123877.469686501,1.0575635146974205,0.00000001
302552.7875890726,4123877.5132445893,1.057563520050246,0.00000001
302552.812138878,4123877.556802678,1.0575635150103102,0.00000000
302552.8366886834,4123877.600360766,1.0575635147583133,0.00000000
302552.86123848887,4123877.643918854,1.0575635190898331,0.00000001
302552.8857882943,4123877.687476943,1.0575635159257468,0.00000001
302552.9103380997,4123877.731035031,1.0575635148040852,0.00000000
302552.93488790514,4123877.774593119,1.057563514748002,0.00000001
302552.9594377106,4123877.818151207,1.0575635190893176,0.00000001
302552.983987516,4123877.861709296,1.057563515925721,0.00000001
302553.0085373214,4123877.905267384,1.0575635148040838,0.00000000
302553.03308712685,4123877.948825472,1.0575635210190366,0.00000000
302553.0576369322,4123877.9923835606,1.0575635189125794,0.00000000
302553.0821867374,4123878.0359416488,1.0575635202610039,0.00000000
302553.1067365428,4123878.0794997374,1.0575635159843053,0.00000000
302553.13128634816,4123878.1230578255,1.057563514807013,0.00000000
302553.1558361536,4123878.1666159136,1.057563519092268,0.00000000
302553.18038595904,4123878.210174002,1.0575635149624112,0.00000001
302553.2049357645,4123878.2537320904,1.0575635157193757,0.00000001
302553.2294855699,4123878.2972901785,1.0575635147937668,0.00000000
302553.2540353753,4123878.3408482666,1.0575635190916057,0.00000000
302553.27858518076,4123878.384406355,1.057563514962378,0.00000001
302553.3031349862,4123878.4279644433,1.0575635157193741,0.00000000
302553.3276847916,4123878.4715225315,1.0575635181744287,0.00000000
302553.3522345971,4123878.51508062,1.0575635149165192,0.00000000
302553.3767844025,4123878.558638708,1.0575635147536238,0.00000000
302553.40133420797,4123878.6021967963,1.0575635147454792,0.00000000
302553.4258840134,4123878.6457548845,1.0575635190891914,0.00000000
302553.45043381886,4123878.689312973,1.0575635159257148,0.00000000
302553.47498362424,4123878.732871061,1.0575635148040836,0.00000000
302553.4995334297,4123878.7764291493,1.0575635190921215,0.00000000
302553.5240832351,4123878.819987238,1.0575635149624039,0.00000000
302553.54863304057,4123878.863545326,1.0575635157193755,0.00000000
302553.57318284595,4123878.907103414,1.0575635147937668,0.00000000
302553.5977326514,4123878.9506615023,1.0575635190916057,0.00000000
302553.62228245684,4123878.994219591,1.057563514962378,0.00000000
302553.6468322623,4123879.037777679,1.0575635157193741,0.00000001
302553.67138206767,4123879.081335767,1.057563519137886,0.00000000
302553.6959318731,4123879.124893856,1.0575635149646923,0.00000000
302553.72048167855,4123879.168451944,1.0575635147560325,0.00000000
302553.745031484,4123879.212010032,1.0575635157090568,0.00000000
302553.7695812894,4123879.25556812,1.0575635191373702,0.00000000
302553.7941310948,4123879.2991262088,1.0575635149646665,0.00000001
302553.81868090027,4123879.342684297,1.0575635147560312,0.00000000
302553.8432307057,4123879.386242385,1.057563519089719,0.00000000
302553.86778051115,4123879.4298004736,1.057563515925741,0.00000000
302553.89233031654,4123879.4733585618,1.057563514804085,0.00000001
302553.916880122,4123879.51691665,1.057563514748002,0.00000000
302553.9414299274,4123879.560474738,1.0575635190893176,0.00000000
302553.96597973286,4123879.6040328266,1.0575635149622638,0.00000000
302553.9905295383,4123879.6475909147,1.0575635137924535,0.00000000
302554.0150793438,4123879.691149003,1.0575635200049975,0.00000001
302554.0396291492,4123879.7347070915,1.0575635150080478,0.00000000
302554.06417895464,4123879.7782651796,1.0575635147582003,0.00000000
302554.0887287601,4123879.8218232677,1.0575635147457079,0.00000001
302554.1132785655,4123879.865381356,1.0575635200526603,0.00000001
302554.1378283709,4123879.9089394445,1.057563515010431,0.00000000
302554.16237817635,4123879.9524975326,1.0575635147583193,0.00000000
302554.1869279818,4123879.9960556207,1.0575635190898334,0.00000001
302554.21147778723,4123880.0396137093,1.0575635159257468,0.00000000
302554.2360275926,4123880.0831717975,1.0575635148040852,0.00000000
302554.26057739806,4123880.1267298856,1.057563520055579,0.00000000
302554.28512720345,4123880.170287974,1.0575635188644066,0.00000001
302554.30967700866,4123880.2138460623,1.0575635168779332,0.00000000
302554.334226814,4123880.2574041504,1.0575635201592717,0.00000000
302554.35877661937,4123880.300962239,1.0575635150157614,0.00000000
302554.3833264248,4123880.344520327,1.057563514758586,0.00000000
302554.40787623025,4123880.3880784153,1.0575635190898467,0.00000000
302554.4324260357,4123880.431636504,1.0575635159257475,0.00000001
302554.4569758411,4123880.475194592,1.0575635148040852,0.00000001
302554.4815256465,4123880.51875268,1.0575635190921218,0.00000000
302554.50607545197,4123880.5623107688,1.0575635149624039,0.00000001
302554.5306252574,4123880.605868857,1.0575635157193755,0.00000000
302554.5551750628,4123880.649426945,1.0575635147937668,0.00000000
302554.57972486824,4123880.692985033,1.0575635181281484,0.00000000
302554.60427467374,4123880.7365431217,1.0575635149142053,0.00000000
302554.6288244792,4123880.78010121,1.057563514753508,0.00000000
302554.6533742846,4123880.823659298,1.0575635147454734,0.00000000
302554.67792409007,4123880.867217386,1.0575635200526485,0.00000001
302554.70247389545,4123880.9107754747,1.0575635150104303,0.00000000
302554.7270237009,4123880.954333563,1.0575635147583193,0.00000000
302554.75157350634,4123880.997891651,1.0575635190898334,0.00000000
302554.7761233118,4123881.0414497396,1.0575635159257468,0.00000000
302554.80067311716,4123881.0850078277,1.0575635148040852,0.00000000
302554.8252229226,4123881.128565916,1.057563514748002,0.00000000
302554.84977272805,4123881.172124004,1.0575635190893176,0.00000000
302554.8743225335,4123881.2156820926,1.0575635149622638,0.00000000
302554.89887233893,4123881.2592401807,1.0575635157193684,0.00000001
302554.9234221443,4123881.302798269,1.0575635191378858,0.00000000
302554.94797194976,4123881.3463563574,1.0575635149646923,0.00000000
302554.9725217552,4123881.3899144456,1.0575635147560325,0.00000000
302554.99707156065,4123881.4334725337,1.0575635157090568,0.00000000
302555.02162136603,4123881.477030622,1.0575635191373702,0.00000000
302555.0461711715,4123881.5205887104,1.0575635149646665,0.00000000
302555.0707209769,4123881.5641467986,1.0575635147560312,0.00000000
302555.09527078236,4123881.6077048867,1.0575635200531766,0.00000000
302555.11982058774,4123881.6512629753,1.0575635150104568,0.00000001
302555.1443703932,4123881.6948210634,1.0575635147583207,0.00000000
302555.16892019863,4123881.7383791516,1.0575635190898334,0.00000000
302555.1934700041,4123881.78193724,1.0575635149622895,0.00000000
302555.2180198095,4123881.8254953283,1.0575635137924548,0.00000000
302555.242569615,4123881.8690534164,1.057563515660878,0.00000000
302555.2671194204,4123881.9126115046,1.0575635191349613,0.00000000
302555.29166922584,4123881.956169593,1.057563514964546,0.00000000
302555.3162190313,4123881.9997276813,1.0575635147560252,0.00000000
302555.34076883673,4123882.0432857694,1.0575635157090564,0.00000000
302555.3653186421,4123882.0868438575,1.0575635191373702,0.00000000
302555.38986844756,4123882.130401946,1.0575635149646665,0.00000000
302555.414418253,4123882.1739600343,1.0575635147560312,0.00000000
302555.43896805844,4123882.2175181224,1.0575635200531766,0.00000000
302555.4635178638,4123882.261076211,1.0575635150104568,0.00000000
302555.48806766927,4123882.304634299,1.0575635147583207,0.00000000
302555.5126174747,4123882.3481923873,1.0575635147457139,0.00000000
302555.53716728016,4123882.3917504754,1.0575635200526605,0.00000000
302555.56171708554,4123882.435308564,1.057563515010431,0.00000000
302555.586266891,4123882.478866652,1.0575635229562688,0.00000000
302555.6108166962,4123882.5224247407,1.0575635180459837,0.00000000
302555.63536650146,4123882.565982829,1.057563514910097,0.00000000
302555.6599163069,4123882.609540917,1.0575635200608797,0.00000000
302555.6844661123,4123882.6530990056,1.0575635150108418,0.00000000
302555.70901591773,4123882.6966570937,1.05756351475834,0.00000000
302555.7335657232,4123882.740215182,1.0575635190898345,0.00000000
302555.7581155286,4123882.7837732704,1.0575635159257468,0.00000000
302555.782665334,4123882.8273313586,1.0575635148040852,0.00000000
302555.80721513944,4123882.8708894467,1.0575635137845447,0.00000000
302555.83176494495,4123882.914447535,1.0575635190411445,0.00000000
302555.8563147504,4123882.9580056234,1.057563514959855,0.00000000
302555.88086455583,4123883.0015637116,1.0575635147557907,0.00000000
302555.9054143613,4123883.0451217997,1.0575635147455875,0.00000000
302555.9299641667,4123883.088679888,1.0575635200526543,0.00000000
302555.9545139721,4123883.1322379764,1.0575635150104306,0.00000000
302555.97906377754,4123883.1757960645,1.0575635147583193,0.00000000
302556.003613583,4123883.2193541527,1.0575635190898334,0.00000000
302556.02816338843,4123883.2629122413,1.0575635159257468,0.00000000
302556.0527131938,4123883.3064703294,1.0575635148040852,0.00000000
302556.07726299926,4123883.3500284175,1.0575635190921218,0.00000000
302556.1018128047,4123883.393586506,1.0575635149624039,0.00000000
302556.12636261014,4123883.4371445943,1.0575635157193755,0.00000000
302556.1509124155,4123883.4807026824,1.0575635147937668,0.00000000
302556.17546222097,4123883.5242607705,1.0575635190916057,0.00000000
302556.2000120264,4123883.567818859,1.057563514962378,0.00000000
302556.22456183186,4123883.6113769473,1.0575635157193741,0.00000000
302556.24911163724,4123883.6549350354,1.057563519137886,0.00000000
302556.2736614427,4123883.698493124,1.0575635149646923,0.00000000
302556.2982112481,4123883.742051212,1.0575635147560325,0.00000000
302556.32276105357,4123883.7856093002,1.0575635157090568,0.00000000
302556.34731085895,4123883.8291673884,1.0575635191373702,0.00000000
302556.3718606644,4123883.872725477,1.0575635149646665,0.00000000
302556.39641046984,4123883.916283565,1.0575635147560312,0.00000000
302556.4209602753,4123883.9598416532,1.057563519089719,0.00000000
302556.4455100807,4123884.003399742,1.0575635139988262,0.00000000
302556.4700598862,4123884.04695783,1.0575635156711964,0.00000000
302556.4946096916,4123884.090515918,1.0575635147913578,0.00000000
302556.51915949705,4123884.134074006,1.0575635190914854,0.00000000
302556.5437093025,4123884.177632095,1.057563514962372,0.00000000
302556.56825910794,4123884.221190183,1.057563515719374,0.00000000
302556.5928089133,4123884.264748271,1.057563515719374,0.00000000
