346438.6964874568,4069682.860995448
346440.05523449177,4069684.1394400606
346441.2524207347,4069685.2656854303
346442.3078026705,4069686.258343264
346443.2387208595,4069687.1337493327
346444.06039536843,4069687.906241785
346444.7861850757,4069688.588405426
346445.4278152669,4069689.191286127
346445.99557739927,4069689.7245790125
346446.4985044374,4069690.1967936372
346446.94452474837,4069690.6153989625
346447.34059717745,4069690.986950608
346447.6928296064,4069691.317202538
346448.0065830137,4069691.6112050903
346448.2865628095,4069691.8733910243
346448.5368990023,4069692.1076510376
346448.76121656183,4069692.317400053
346448.96269717766,4069692.505635399
346449.1441334661,4069692.674987874
346449.30797654786,4069692.8277665707
346449.456377808,4069692.9659982137
346449.5912255493,4069693.091461689
346449.71417716297,4069693.2057183506
346449.82668736594,4069693.310138623
346449.9300329852,4069693.405925349
346450.02533471043,4069693.4941342794
346450.1135761879,4069693.5756920646
346450.1956207786,4069693.6514120377
346450.2722262672,4069693.722008074
346450.34405777295,4069693.788106754
346450.4116990808,4069693.850258034
346450.47566258744,4069693.908944621
346450.53639803146,4069693.9645901946
346450.59430015495,4069694.0175666222
346450.6497154291,4069694.0682002995
346450.70294795703,4069694.1167777083
346450.75426465453,4069694.1635502987
346450.8038997978,4069694.208738771
346450.8520590145,4069694.2525368384
346450.8989227873,4069694.2951145256
346450.94464952854,4069694.3366210656
346450.98937827937,4069694.377187443
346451.03323107824,4069694.4169286247
346451.0763150402,4069694.4559455193
346451.1187241819,4069694.494326695
346451.16054102336,4069694.532149891
346451.2018379935,4069694.569483339
346451.24267866457,4069694.606386927
346451.28311883484,4069694.6429132205
346451.32320747944,4069694.6791083575
346451.36298758467,4069694.7150128325
346451.40249688027,4069694.750662189
346451.4417684823,4069694.786087624
346451.4808314575,4069694.8213165198
346451.5197113178,4069694.856372911
346451.5584304559,4069694.891277891
346451.59700852615,4069694.9260499766
346451.6354627795,4069694.960705418
346451.67380835745,4069694.995258479
346451.71205855,4069695.0297216796
346451.75022502197,4069695.0641060085
346451.7883180119,4069695.0984211103
346451.82634650636,4069695.132675451
346451.864318393,4069695.166876461
346451.902240595,4069695.2010306614
346451.94011918904,4069695.235143776
346451.9779595087,4069695.269220829
346452.0157662355,4069695.3032662296
346452.0535434785,4069695.3372838483
346452.0912948442,4069695.3712770822
346452.1290234985,4069695.405248912
346452.16673221986,4069695.4392019548
346452.2044234473,4069695.4731385056
346452.24209932156,4069695.5070605804
346452.2797617218,4069695.540969948
346452.3174122974,4069695.5748681594
346452.3550524962,4069695.6087565767
346452.39268358913,4069695.6426363946
346452.430306692,4069695.6765086614
346452.4679227842,4069695.7103742966
346452.5055327258,4069695.7442341056
346452.54313727154,4069695.7780887955
346452.5807370847,4069695.8119389866
346452.6183327473,4069695.845785222
346452.65592477086,4069695.879627976
346452.6935136046,4069695.9134676647
346452.7310996434,4069695.947304652
346452.7686832344,4069695.981139256
346452.80626468296,4069696.0149717527
346452.8438442578,4069696.048802383
346452.8814221957,4069696.082631355
346452.91899870534,4069696.1164588504
346452.956573971,4069696.1502850247
346452.99414815585,4069696.1841100096
346453.03172140423,4069696.217933918
346453.06929384475,4069696.251756844
346453.10686559207,4069696.285578864
346453.14443674893,4069696.3194000404
346453.182007408,4069696.3532204204
346453.2195776533,4069696.387040037
346453.25714756193,4069696.4208589112
346453.29471720493,4069696.454677051
346453.33228664903,4069696.488494451
346453.36985595734,4069696.522311094
346453.4074251907,4069696.5561269503
346453.4449944084,4069696.5899419757
346453.4825636697,4069696.6237561116
346453.5201330344,4069696.657569285
346453.55770256405,4069696.691381407
346453.59527232306,4069696.725192369
346453.6328423796,4069696.7590020443
346453.67041280685,4069696.792810282
346453.7079836843,4069696.8266169094
346453.74555509916,4069696.8604217255
346453.7831271477,4069696.8942244975
346453.8206999369,4069696.928024959
346453.8582735864,4069696.961822802
346453.89584823046,4069696.995617677
346453.9334240203,4069697.0294091823
346453.97100112657,4069697.063196858
346454.0085797424,4069697.0969801783
346454.0461600866,4069697.1307585463
346454.0837424074,4069697.16453128
346454.1213269867,4069697.1982975984
346454.15891414473,4069697.232056614
346454.19650424575,4069697.2658073143
346454.23409770423,4069697.299548544
346454.27169499185,4069697.333278989
346454.3092966453,4069697.366997148
346454.3469032758,4069697.4007013123
346454.3845155792,4069697.434389535
346454.4221343482,4069697.4680595975
346454.45976048545,4069697.501708971
346454.4973950194,4069697.5353347757
346454.5350391212,4069697.5689337286
346454.5726941253,4069697.6025020904
346454.61036155163,4069697.6360355997
346454.6480398812,4069697.669538518
346454.6857277808,4069697.703014586
346454.7234240802,4069697.7364670876
346454.76112775214,4069697.769898904
346454.7988378951,4069697.803312565
346454.8365537178,4069697.836710291
346454.8742745256,4069697.8700940306
346454.91199970915,4069697.903465494
346454.94972873316,4069697.9368261825
346454.987461128,4069697.970177414
346455.02519648155,4069698.0035203444
346455.062934432,4069698.036855989
346455.1006746617,4069698.070185239
346455.13841689203,4069698.1035088766
346455.1761608783,4069698.1368275876
346455.2139064059,4069698.170141974
346455.2516532864,4069698.203452565
346455.2894013544,4069698.236759824
346455.3271504645,4069698.2700641598
346455.36490048934,4069698.303365929
346455.402651317,4069698.336665446
346455.4404028494,4069698.369962986
346455.4781550003,4069698.4032587907
346455.5159076941,4069698.436553072
346455.5536608644,4069698.469846017
346455.59141445305,4069698.503137789
346455.6291684088,4069698.5364285316
346455.6669226867,4069698.5697183697
346455.7046772474,4069698.603007415
346455.7424320563,4069698.636295764
346455.78018708306,4069698.6695835013
346455.81794230104,4069698.7028707024
346455.85569768696,4069698.7361574317
346455.89345322014,4069698.769443749
346455.9312088826,4069698.8027297035
346455.96896465856,4069698.836015339
346456.00672053423,4069698.8693006956
346456.0444764973,4069698.902585807
346456.0822325371,4069698.9358707024
346456.1199886442,4069698.9691554094
346456.1577448104,4069699.0024399506
346456.1955010285,4069699.035724346
346456.23325729213,4069699.069008614
346456.2710135957,4069699.102292769
346456.30876993435,4069699.135576826
346456.3465263038,4069699.1688607973
346456.3842827003,4069699.2021446927
346456.4220391206,4069699.235428522
346456.45979556156,4069699.268712292
346456.4975520209,4069699.3019960104
346456.53530849627,4069699.3352796836
346456.5730649858,4069699.3685633177
346456.6108214877,4069699.4018469173
346456.64857800043,4069699.4351304867
346456.68633452273,4069699.4684140286
346456.7240910534,4069699.501697547
346456.76184759144,4069699.5349810445
346456.7996041359,4069699.568264524
346456.83736068604,4069699.6015479877
346456.8751172411,4069699.634831437
346456.91287380055,4069699.6681148745
346456.9506303639,4069699.7013983005
346456.9883869306,4069699.734681717
346457.0261435003,4069699.7679651254
346457.0639000727,4069699.801248527
346457.1016566475,4069699.834531923
346457.1394132243,4069699.8678153125
346457.177169803,4069699.901098697
346457.21492638334,4069699.9343820764
346457.25268296513,4069699.967665452
346457.2904395482,4069700.0009488245
346457.3281961325,4069700.034232194
346457.3659527179,4069700.0675155614
346457.4037093042,4069700.1007989263
346457.4414658914,4069700.1340822894
346457.4792224794,4069700.16736565
346457.51697906817,4069700.20064901
346457.5547356577,4069700.233932369
346457.59249224793,4069700.2672157264
346457.6302488389,4069700.300499083
346457.6680054306,4069700.333782438
346457.70576202305,4069700.367065793
346457.74351861636,4069700.400349147
346457.78127521055,4069700.4336325014
346457.8190318056,4069700.466915855
346457.85678840167,4069700.5001992085
346457.8945449988,4069700.533482562
346457.9323015974,4069700.566765915
346457.97005819733,4069700.6000492685
346458.00781479885,4069700.6333326222
346458.04557140206,4069700.6666159765
346458.08332800725,4069700.6998993307
346458.12108461466,4069700.7331826854
346458.15884122456,4069700.7664660406
346458.1965978372,4069700.799749397
346458.23435445316,4069700.8330327547
346458.2721110728,4069700.866316113
346458.3098676966,4069700.8995994725
346458.34762432514,4069700.9328828333
346458.38538095914,4069700.966166196
346458.4231375992,4069700.9994495604
346458.4608942463,4069701.0327329272
346458.4986509016,4069701.0660162964
346458.5364075661,4069701.0992996683
346458.5741642411,4069701.132583042
346458.6119209282,4069701.1658664183
346458.64967762877,4069701.1991497967
346458.68743434484,4069701.232433179
346458.7251910786,4069701.2657165653
346458.7629478326,4069701.298999956
346458.8007046095,4069701.3322833516
346458.83846141264,4069701.3655667533
346458.8762182456,4069701.398850161
346458.91397511255,4069701.432133577
346458.9517320183,4069701.4654170014
346458.9894889683,4069701.498700436
346459.0272459686,4069701.5319838827
346459.06500302634,4069701.565267342
346459.1027601495,4069701.5985508175
346459.14051734726,4069701.63183431
346459.17827463,4069701.6651178226
346459.2160320096,4069701.6984013575
346459.2537894994,4069701.731684918
346459.291547115,4069701.764968508
346459.3293048739,4069701.7982521304
346459.36706279597,4069701.831535791
346459.404820904,4069701.8648194936
346459.4425792241,4069701.898103245
346459.4803377858,4069701.9313870515
346459.51809662266,4069701.964670921
346459.5558557731,4069701.9979548627
346459.5936152809,4069702.0312388856
346459.6313751957,4069702.0645230017
346459.6691355745,4069702.0978072244
346459.70689648174,4069702.1310915686
346459.74465799116,4069702.1643760507
346459.7824201867,4069702.1976606897
346459.82018316386,4069702.2309455075
346459.8579470318,4069702.264230528
346459.8957119145,4069702.2975157797
346459.9334779535,4069702.330801295
346459.9712453097,4069702.3640871104
346460.0090141668,4069702.3973732684
346460.0467847339,4069702.4306598157
346460.0845572494,4069702.463946807
346460.1223319847,4069702.497234305
346460.1601092491,4069702.5305223796
346460.197889395,4069702.563811111
346460.23567282385,4069702.59710059
346460.2734599931,4069702.6303909207
346460.31125142396,4069702.6636822224
346460.34904771013,4069702.69697463
346460.3868495282,4069702.730268298
346460.4246576488,4069702.763563402
346460.46247295,4069702.796860141
346460.50029643235,4069702.8301587435
346460.5381292356,4069702.8634594698
346460.57597265847,4069702.8967626137
346460.6138281805,4069702.930068512
346460.6516974873,4069702.96337755
346460.68958249956,4069702.996690164
346460.72748540534,4069703.030006853
346460.7654086976,4069703.0633281837
346460.8033552167,4069703.0966548035
346460.8413281986,4069703.1299874485
346460.87933133024,4069703.163326958
346460.91736881214,4069703.1966742887
346460.95544542995,4069703.2300305306
346460.9935666362,4069703.263396925
346461.0317386431,4069703.2967748856
346461.06996852835,4069703.3301660246
346461.1082643557,4069703.3635721784
346461.1466353122,4069703.3969954373
346461.18509186496,4069703.4304381846
346461.22364593955,4069703.463903136
346461.26231112285,4069703.4973933846
346461.3011028947,4069703.530912455
346461.34003889165,4069703.564464363
346461.3791112748,4069703.598035166
346461.4183145284,4069703.631611245
346461.45764536684,4069703.66517907
346461.4971026779,4069703.698724971
346461.536687504,4069703.732234904
346461.57640306023,4069703.765694212
346461.6162547888,4069703.799087376
346461.65625045187,4069703.832397749
346461.6964002639,4069703.8656072756
346461.73671706556,4069703.89869618
346461.77721654257,4069703.9316426334
346461.8179174926,4069703.964422378
346461.8588421461,4069703.997008318
346461.9000165448,4069704.029370054
346461.94147098507,4069704.0614733673
346461.9832405344,4069704.0932796365
346462.025365629,4069704.12474518
346462.06789276237,4069704.1558205104
346462.11087527755,4069704.186449493
346462.1543742759,4069704.216568388
346462.1984596581,4069704.246104766
346462.24321131513,4069704.2749762726
346462.28872048936,4069704.3030892257
346462.33509132883,4069704.3303370206
346462.38244266185,4069704.356598313
346462.4306927625,4069704.3818979547
346462.4797752173,4069704.406244414
346462.5296377935,4069704.429629919
346462.5802415492,4069704.452030328
346462.63156017015,4069704.473404715
346462.68357952125,4069704.493694673
346462.7362974056,4069704.512823321
346462.78972352756,4069704.530693991
346462.84387965745,4069704.5471885856
346462.89867325325,4069704.5623647273
346462.95402263344,4069704.576257579
346463.0098555857,4069704.588880439
346463.06610813603,4069704.600224968
346463.12272345915,4069704.61026105
346463.1796509104,4069704.618936275
346463.2368451628,4069704.6261750483
346463.2942664063,4069704.632118926
346463.3518786976,4069704.6368874027
346463.4096493485,4069704.6405799487
346463.4675483689,4069704.6432777024
346463.52554795553,4069704.6450448544
346463.5836220186,4069704.6459297403
346463.6417457371,4069704.6459656665
346463.69989513606,4069704.645171472
346463.75804518367,4069704.6436145287
346463.8161708594,4069704.641349214
346463.87424672727,4069704.6384178367
346463.93224650266,4069704.634851358
346463.9901426049,4069704.6306699174
346464.0479056868,4069704.625883179
346464.10550413496,4069704.6204904933
346464.16290353105,4069704.614480888
346464.22006606555,4069704.6078328798
346464.27700109436,4069704.6005914994
346464.3337140974,4069704.592791669
346464.39020677184,4069704.584458797
346464.44647706125,4069704.5756092076
346464.50251912023,4069704.566250425
346464.5583232152,4069704.5563812964
346464.6138755583,4069704.545991975
346464.6691580726,4069704.53506375
346464.72418108844,4069704.5236542695
346464.77895051526,4069704.5118129803
346464.8334679419,4069704.4995819726
346464.88773066393,4069704.4869966987
346464.94173163763,4069704.4740865733
346464.9954593598,4069704.460875477
346465.0488976717,4069704.447382164
346465.10202548414,4069704.4336205795
346465.154816418,4069704.419600097
346465.20723835455,4069704.40532568
346465.2592528884,4069704.3907979666
346465.31081467343,4069704.3760132785
346465.36197905,4069704.361003011
346465.4127945878,4069704.3457947164
346465.4633039134,4069704.3304125727
346465.5135444364,4069704.314877795
346465.56354898674,4069704.2992090005
346465.61334637424,4069704.2834225213
346465.6629618791,4069704.267532684
346465.712417683,4069704.251552056
346465.76173324673,4069704.235491657
346465.8109256417,4069704.219361148
346465.8600098409,4069704.2031689947
346465.9089989742,4069704.186922613
346465.95790455164,4069704.1706284955
346466.0067366598,4069704.15429232
346466.0555041336,4069704.13791905
346466.1042147065,4069704.121513015
346466.152875143,4069704.105077987
346466.2014913531,4069704.0886172447
346466.25006849354,4069704.0721336277
346466.29861105536,4069704.0556295863
346466.34712294035,4069704.0391072226
346466.3956075277,4069704.0225683264
346466.44406773173,4069704.006014406
346466.4925060512,4069703.989446715
346466.54092461197,4069703.97286627
346466.5893252033,4069703.9562738724
346466.6377093085,4069703.9396701194
346466.6860781296,4069703.9230554136
346466.7344326087,4069703.9064299725
346466.78277344326,4069703.8897938295
346466.83110109845,4069703.8731468357
346466.8794158147,4069703.856488658
346466.92771761224,4069703.839818773
346466.976006291,4069703.8231364563
346467.02428142756,4069703.8064407744
346467.07254236774,4069703.7897305633
346467.1207882154,4069703.7730044136
346467.1690178174,4069703.7562606432
346467.2172297437,4069703.7394972695
346467.26542226324,4069703.722711976
346467.31359331415,4069703.705902074
346467.361740469,4069703.6890644548
346467.40986089315,4069703.6721955366
346467.4579512966,4069703.655291205
346467.50600787764,4069703.6383467424
346467.5540262587,4069703.621356747
346467.6020014112,4069703.6043150416
346467.6499275701,4069703.5872145677
346467.6977981356,4069703.5700472663
346467.74561990594,4069703.5528213093
346467.7933988482,4069703.5355438692
346467.84114019957,4069703.5182212424
346467.8888485568,4069703.5008589556
346467.9365279546,4069703.483461858
346467.98418193427,4069703.4660342056
346468.03181360406,4069703.4485797356
346468.07942569227,4069703.4311017273
346468.1270205934,4069703.413603059
346468.17460040917,4069703.3960862574
346468.22216698434,4069703.37855354
346468.2697219379,4069703.3610068522
346468.3172666911,4069703.343447903
346468.3648024914,4069703.3258781917
346468.4123304335,4069703.308299034
346468.45985147834,4069703.2907115854
346468.5073664694,4069703.273116859
346468.55487614713,4069703.255515746
346468.602381161,4069703.237909027
346468.64988208143,4069703.2202973873
346468.697379409,4069703.2026814288
346468.7448735831,4069703.185061679
346468.7923649893,4069703.1674386035
346468.8398539661,4069703.149812607
346468.8873408106,4069703.1321840477
346468.93482578354,4069703.114553239
346468.98230911366,4069703.0969204553
346469.02979100187,4069703.0792859388
346469.0772716246,4069703.0616499013
346469.1247511366,4069703.044012529
346469.17222967366,4069703.0263739843
346469.2197073551,4069703.008734411
346469.2671842853,4069702.991093935
346469.31466055615,4069702.9734526663
346469.3621362484,4069702.9558107015
346469.40961143264,4069702.9381681257
346469.45708617097,4069702.920525014
346469.50456051796,4069702.9028814314
346469.55203452136,4069702.8852374363
346469.59950822307,4069702.8675930784
346469.64698166004,4069702.8499484025
346469.69445486454,4069702.8323034467
346469.7419278648,4069702.8146582446
346469.78940068575,4069702.797012827
346469.83687334927,4069702.7793672197
346469.88434587436,4069702.761721446
346469.93181827787,4069702.7440755265
346469.97929057456,4069702.726429478
346470.02676277736,4069702.708783316
346470.07423489745,4069702.6911370545
346470.1217069447,4069702.6734907054
346470.1691789278,4069702.6558442786
346470.21665085416,4069702.6381977824
346470.2641227304,4069702.6205512257
346470.31159456226,4069702.6029046145
346470.3590663546,4069702.585257955
346470.4065381117,4069702.567611252
346470.4540098373,4069702.549964511
346470.50148153456,4069702.5323177343
346470.54895320616,4069702.514670925
346470.5964248543,4069702.4970240863
346470.64389648073,4069702.4793772204
346470.69136808696,4069702.461730328
346470.73883967404,4069702.4440834103
346470.7863112428,4069702.426436468
346470.83378279366,4069702.4087895015
346470.8812543268,4069702.3911425103
346470.9287258421,4069702.3734954935
346470.97619733907,4069702.3558484507
346471.023668817,4069702.338201381
346471.07114027493,4069702.3205542816
346471.1186117113,4069702.30290715
346471.16608312423,4069702.285259983
346471.2135545116,4069702.2676127777
346471.2610258708,4069702.249965529
346471.30849719857,4069702.232318232
346471.3559684915,4069702.2146708807
346471.40343974525,4069702.1970234695
346471.4509109549,4069702.17937599
346471.49838211475,4069702.161728433
346471.5458532183,4069702.1440807898
346471.5933242583,4069702.126433048
346471.640795226,4069702.108785193
346471.6882661116,4069702.09113721
346471.73573690397,4069702.073489081
346471.7832075904,4069702.055840786
346471.8306781562,4069702.038192303
346471.87814858474,4069702.0205436056
346471.92561885715,4069702.002894664
346471.97308895166,4069701.9852454453
346472.02055884374,4069701.96759591
346472.0680285053,4069701.9499460156
346472.1154979043,4069701.93229571
346472.16296700406,4069701.914644936
346472.21043576306,4069701.896993629
346472.2579041338,4069701.8793417155
346472.3053720624,4069701.8616891103
346472.35283948714,4069701.844035718
346472.40030633804,4069701.8263814286
346472.4477725351,4069701.808726116
346472.49523798726,4069701.79106964
346472.5427025909,4069701.7734118365
346472.5901662277,4069701.7557525225
346472.63762876316,4069701.7380914865
346472.6850900435,4069701.7204284887
346472.73254989414,4069701.7027632557
346472.7800081158,4069701.685095476
346472.8274644816,4069701.6674247948
346472.8749187329,4069701.6497508083
346472.92237057514,4069701.6320730555
346472.9698196727,4069701.6143910117
346473.0172656432,4069701.596704079
346473.064708051,4069701.5790115763
346473.1121463996,4069701.561312727
346473.1595801237,4069701.5436066473
346473.20700857893,4069701.525892331
346473.2544310311,4069701.5081686294
346473.30184664397,4069701.490434235
346473.3492544646,4069701.4726876575
346473.3966534075,4069701.4549272005
346473.44404223573,4069701.43715093
346473.4914195402,4069701.419356643
346473.53878371534,4069701.40154183
346473.58613293193,4069701.383703631
346473.6334651059,4069701.3658387866
346473.6807778627,4069701.3479435854
346473.7280684974,4069701.3300137985
346473.7753339276,4069701.3120446065
346473.822570642,4069701.2940305197
346473.86977463966,4069701.2759652836
346473.91694136255,4069701.257841771
346473.96406561736,4069701.2396518635
346474.0111414874,4069701.2213863106
346474.0581622317,4069701.203034573
346474.1051345912,4069701.18460719
346474.1520644827,4069701.166113412
346474.19895709935,4069701.147561358
346474.2458169994,4069701.128958154
346474.2926481836,4069701.1103100553
346474.33945416333,4069701.091622552
346474.3862380209,4069701.0729004624
346474.4330024614,4069701.054148016
346474.4797498592,4069701.035368925
346474.52648229845,4069701.016566448
346474.5732016083,4069700.997743445
346474.6199093944,4069700.9789024256
346474.6666070659,4069700.9600455924
346474.71329585963,4069700.941174879
346474.7599768612,4069700.922291983
346474.80665102345,4069700.903398394
346474.85331918276,4069700.88449542
346474.89998207317,4069700.865584209
346474.9466403391,4069700.846665768
346474.9932945459,4069700.8277409803
346475.03994519,4069700.808810624
346475.08659270714,4069700.7898753784
346475.1332374796,4069700.770935842
346475.179879843,4069700.751992539
346475.226520092,4069700.7330459305
346475.2731584851,4069700.7140964204
346475.3197952494,4069700.6951443637
346475.36643058393,4069700.6761900717
346475.4130646636,4069700.657233818
346475.45969764184,4069700.638275842
346475.5063296533,4069700.6193163553
346475.5529608163,4069700.6003555423
346475.59959123447,4069700.5813935646
346475.6462209989,4069700.562430565
346475.6928501895,4069700.543466668
346475.7394788766,4069700.524501984
346475.7861071217,4069700.505536609
346475.83273497876,4069700.486570627
346475.87936249544,4069700.4676041133
346475.92598971335,4069700.4486371325
346475.9726166689,4069700.4296697415
346476.0192433942,4069700.4107019906
346476.0658699174,4069700.3917339235
346476.1124962631,4069700.372765579
346476.15912245313,4069700.353796991
346476.20574850653,4069700.334828189
346476.25237444,4069700.3158592
346476.2990002683,4069700.296890046
346476.34562600416,4069700.277920747
346476.3922516589,4069700.2589513212
346476.4388772425,4069700.239981784
346476.48550276365,4069700.22101215
346476.53212823,4069700.2020424297
346476.57875364827,4069700.1830726345
346476.6253790243,4069700.164102773
346476.6720043632,4069700.1451328546
346476.7186296697,4069700.1261628857
346476.76525494753,4069700.107192872
346476.81188020034,4069700.088222819
346476.85850543116,4069700.069252731
346476.9051306426,4069700.050282613
346476.9517558371,4069700.0313124675
346476.9983810167,4069700.0123423003
346477.0450061833,4069699.993372112
346477.09163133847,4069699.9744019057
346477.13825648354,4069699.9554316835
346477.1848816199,4069699.936461447
346477.2315067485,4069699.9174911985
346477.27813187026,4069699.8985209386
346477.32475698617,4069699.8795506693
346477.3713820968,4069699.8605803917
346477.4180072028,4069699.8416101076
346477.46463230473,4069699.8226398174
346477.5112574031,4069699.803669522
346477.5578824984,4069699.7846992216
346477.60450759105,4069699.765728916
346477.65113268135,4069699.7467586068
346477.6977577696,4069699.727788294
346477.74438285595,4069699.7088179784
346477.7910079408,4069699.6898476603
346477.83763302414,4069699.67087734
346477.8842581062,4069699.6519070175
346477.9308831871,4069699.6329366933
346477.97750826704,4069699.6139663677
346478.02413334616,4069699.5949960407
346478.0707584246,4069699.576025713
346478.11738350225,4069699.5570553835
346478.16400857933,4069699.538085053
346478.2106336559,4069699.5191147216
346478.25725873193,4069699.5001443895
346478.30388380756,4069699.481174057
346478.3505088828,4069699.4622037243
346478.3971339577,4069699.4432333913
346478.4437590324,4069699.424263058
346478.4903841068,4069699.4052927247
346478.53700918105,4069699.386322391
346478.58363425516,4069699.3673520572
346478.6302593291,4069699.348381723
346478.6768844029,4069699.3294113884
346478.7235094766,4069699.3104410535
346478.77013455005,4069699.291470718
346478.81675962347,4069699.2725003827
346478.8633846969,4069699.2535300474
346478.9100097703,4069699.234559712
346478.95663484366,4069699.215589377
346479.003259917,4069699.1966190417
346479.0498849903,4069699.1776487064
346479.09651006357,4069699.158678371
346479.1431351368,4069699.1397080356
346479.18976021,4069699.1207377003
346479.2363852831,4069699.101767365
346479.28301035624,4069699.08279703
346479.3296354293,4069699.0638266946
346479.3762605024,4069699.0448563593
346479.42288557545,4069699.025886024
346479.46951064846,4069699.0069156885
346479.51613572147,4069698.9879453536
346479.56276079454,4069698.9689750182
346479.6093858676,4069698.950004683
346479.6560109407,4069698.9310343475
346479.7026360137,4069698.912064012
346479.7492610867,4069698.8930936772
346479.79588615976,4069698.874123342
346479.8425112328,4069698.8551530065
346479.88913630584,4069698.836182671
346479.93576137885,4069698.8172123358
346479.9823864519,4069698.7982420004
346480.029011525,4069698.779271665
346480.075636598,4069698.76030133
346480.122261671,4069698.7413309948
346480.16888674407,4069698.7223606594
346480.21551181714,4069698.703390324
346480.2621368902,4069698.6844199887
346480.3087619632,4069698.6654496538
346480.3553870362,4069698.6464793184
346480.4020121093,4069698.627508983
346480.44863718236,4069698.6085386476
346480.49526225537,4069698.5895683123
346480.5418873284,4069698.5705979774
346480.58851240145,4069698.551627642
346480.6351374745,4069698.5326573066
346480.6817625475,4069698.5136869713
346480.72838762053,4069698.494716636
346480.7750126936,4069698.4757463005
346480.82163776667,4069698.456775965
346480.86826283974,4069698.4378056303
346480.91488791275,4069698.418835295
346480.96151298576,4069698.3998649595
346481.0081380588,4069698.380894624
346481.0547631319,4069698.361924289
346481.1013882049,4069698.342953954
346481.1480132779,4069698.3239836185
346481.194638351,4069698.305013283
346481.24126342405,4069698.286042948
346481.28788849706,4069698.2670726124
346481.33451357007,4069698.248102277
346481.38113864313,4069698.2291319417
346481.4277637162,4069698.210161607
346481.47438878927,4069698.1911912714
346481.5210138623,4069698.172220936
346481.5676389353,4069698.1532506007
346481.61426400836,4069698.1342802653
346481.6608890814,4069698.1153099304
346481.70751415443,4069698.096339595
346481.75413922744,4069698.0773692597
346481.8007643005,4069698.0583989243
346481.8473893736,4069698.039428589
346481.8940144466,4069698.020458254
346481.9406395196,4069698.0014879187
346481.98726459267,4069697.9825175833
346482.03388966573,4069697.963547248
346482.0805147388,4069697.9445769126
346482.1271398118,4069697.925606577
346482.1737648848,4069697.906636242
346482.2203899579,4069697.887665907
346482.26701503096,4069697.8686955716
346482.31364010397,4069697.849725236
346482.360265177,4069697.830754901
346482.40689025004,4069697.8117845654
346482.4535153231,4069697.7928142305
346482.5001403961,4069697.773843895
346482.54676546913,4069697.75487356
346482.5933905422,4069697.7359032244
