346185.3602261945,4069624.168788582
346185.7560251879,4069624.5520193777
346186.10811095167,4069624.8925978052
346186.42182895925,4069625.195739606
346186.7018710114,4069625.466022712
346186.95235517033,4069625.707465241
346187.1768959196,4069625.923593952
346187.37866574415,4069626.1175043327
346187.5604491801,4069626.291913336
346187.7246902547,4069626.4492056705
346187.8735341259,4069626.5914744264
346188.0088636291,4069626.7205567365
346188.132331355,4069626.8380650776
346188.2453878054,4069626.9454147397
346188.3493061049,4069627.043847939
346188.4452036914,4069627.1344549824
346188.53406135406,4069627.2181928423
346188.6167399429,4069627.2959014624
346188.6939950352,4069627.368318064
346188.7664898082,4069627.4360897094
346188.8348063379,4069627.499784325
346188.8994555156,4069627.559900378
346188.9608857524,4069627.6168753663
346189.0194906183,4069627.6710932744
346189.07561554783,4069627.7228911147
346189.1295637252,4069627.7725646687
346189.18160124944,4069627.820373528
346189.2319616682,4069627.8665455156
346189.28084995644,4069627.911280565
346189.32844600885,4069627.954754131
346189.3749077044,4069627.997120177
346189.4203735965,4069628.0385137964
346189.4649652732,4069628.079053517
346189.508789429,4069628.118843317
346189.5519396821,4069628.1579744015
346189.5944981699,4069628.196526751
346189.63653694815,4069628.2345704865
346189.6781192184,4069628.2721670642
346189.71930040495,4069628.3093703235
346189.76012909925,4069628.346227402
346189.8006478872,4069628.3827795396
346189.8408940753,4069628.419062781
346189.88090032566,4069628.4551085904
346189.9206952129,4069628.490944386
346189.96030371095,4069628.5265940093
346189.999747618,4069628.56207813
346190.0390459284,4069628.597414598
346190.07821515616,4069628.632618747
346190.117269616,4069628.667703657
346190.1562216676,4069628.7026803773
346190.19508192595,4069628.7375581134
346190.23385944206,4069628.772344384
346190.2725618574,4069628.80704515
346190.311195534,4069628.841664917
346190.3497656628,4069628.876206808
346190.388276352,4069628.9106726204
346190.42673069716,4069628.945062856
346190.4651355887,4069628.979386757
346190.50349707453,4069629.0136524355
346190.5418204628,4069629.0478670113
346190.5801104127,4069629.0820367346
346190.61837101367,4069629.11616709
346190.6566058552,4069629.1502628922
346190.6948180876,4069629.184328367
346190.7330104761,4069629.218367224
346190.7711854478,4069629.2523827185
346190.8093451329,4069629.286377707
346190.84749140113,4069629.3203546978
346190.88562589354,4069629.354315893
346190.9237500505,4069629.388263223
346190.9618651361,4069629.422198385
346190.99997226,4069629.456122867
346191.0380723959,4069629.490037975
346191.07616639853,4069629.5239448557
346191.11425501807,4069629.5578445154
346191.1523389126,4069629.591737836
346191.1904186599,4069629.6256255945
346191.22849476687,4069629.65950847
346191.26656767837,4069629.6933870604
346191.3046377847,4069629.727261889
346191.34270542837,4069629.7611334147
346191.38077090966,4069629.7950020414
346191.418834492,4069629.8288681232
346191.4568964064,4069629.8627319694
346191.4949568555,4069629.896593853
346191.5330160166,4069629.9304540125
346191.5710740453,4069629.9643126572
346191.6091310776,4069629.998169971
346191.64718723256,4069630.032026115
346191.6852426142,4069630.0658812285
346191.72329731326,4069630.099735435
346191.7613514089,4069630.1335888426
346191.79940496985,4069630.1674415437
346191.83745805564,4069630.201293621
346191.8755107178,4069630.2351451456
346191.9135630004,4069630.2689961786
346191.95161494106,4069630.302846774
346191.9896665716,4069630.3366969763
346192.0277179184,4069630.370546825
346192.065769003,4069630.4043963533
346192.10381984257,4069630.438245588
346192.1418704497,4069630.4720945517
346192.17992083344,4069630.505943262
346192.2179709986,4069630.5397917316
346192.2560209466,4069630.57363997
346192.29407067475,4069630.607487982
346192.33212017687,4069630.6413357705
346192.3701694428,4069630.675183332
346192.40821845824,4069630.70903066
346192.44626720477,4069630.7428777437
346192.48431565927,4069630.776724569
346192.5223637936,4069630.8105711164
346192.5604115744,4069630.8444173634
346192.5984589618,4069630.8782632793
346192.6365059097,4069630.9121088297
346192.67455236404,4069630.9459539736
346192.7125982626,4069630.9797986643
346192.75064353365,4069631.0136428457
346192.7886880948,4069631.047486454
346192.8267318515,4069631.0813294146
346192.8647746954,4069631.1151716434
346192.9028165027,4069631.149013042
346192.94085713197,4069631.1828534985
346192.97889642155,4069631.2166928863
346193.01693418704,4069631.250531059
346193.05497021804,4069631.28436785
346193.09300427476,4069631.3182030693
346193.1310360835,4069631.3520365
346193.16906533233,4069631.385867894
346193.20709166577,4069631.41969697
346193.2451146787,4069631.453523405
346193.28313390934,4069631.487346833
346193.3211488314,4069631.5211668373
346193.3591588454,4069631.5549829416
346193.39716326806,4069631.5887946025
346193.43516132096,4069631.622601202
346193.4731521171,4069631.6564020356
346193.5111346459,4069631.6901963
346193.5491077557,4069631.7239830806
346193.5870701346,4069631.757761335
346193.62502028776,4069631.7915298752
346193.6629565121,4069631.825287349
346193.7008768674,4069631.859032215
346193.73877914273,4069631.892762717
346193.77666081925,4069631.926476853
346193.8145190273,4069631.9601723435
346193.8523504975,4069631.993846591
346193.8901515046,4069632.0274966364
346193.92791780457,4069632.061119107
346193.965644562,4069632.094710162
346194.0033262678,4069632.1282654237
346194.0409684311,4069632.1617892697
346194.0785758874,4069632.1952855415
346194.11615288083,4069632.2287576115
346194.1537031365,4069632.2622084385
346194.19122992404,4069632.2956406204
346194.2287361133,4069632.329056436
346194.26622422313,4069632.362457889
346194.3036964644,4069632.395846735
346194.34115477756,4069632.429224516
346194.3786008659,4069632.462592584
346194.41603622417,4069632.4959521275
346194.45346216456,4069632.529304189
346194.4908798387,4069632.562649684
346194.52829025744,4069632.5959894145
346194.56569430797,4069632.629324086
346194.60309276904,4069632.662654316
346194.64048632426,4069632.695980648
346194.6778755735,4069632.7293035593
346194.7152610433,4069632.762623467
346194.7526431959,4069632.79594074
346194.7900224369,4069632.8292556996
346194.8273991223,4069632.8625686294
346194.8647735646,4069632.8958797776
346194.9021460382,4069632.9291893616
346194.93951678375,4069632.9624975724
346194.97688601265,4069632.9958045776
346195.0142539103,4069633.0291105257
346195.0516206395,4069633.062415546
346195.0889863431,4069633.095719752
346195.12635114667,4069633.1290232423
346195.16371516004,4069633.1623261054
346195.20107847993,4069633.195628417
346195.2384411911,4069633.2289302456
346195.2758033681,4069633.26223165
346195.3131650762,4069633.295532681
346195.3505263728,4069633.3288333854
346195.3878873082,4069633.362133803
346195.42524792656,4069633.3954339684
346195.4626082666,4069633.4287339128
346195.4999683625,4069633.4620336634
346195.537328244,4069633.495333243
346195.57468793733,4069633.528632673
346195.6120474655,4069633.5619319715
346195.64940684877,4069633.5952311554
346195.6867661048,4069633.6285302374
346195.72412524914,4069633.6618292304
346195.7614842955,4069633.695128146
346195.79884325573,4069633.728426994
346195.8362021405,4069633.7617257815
346195.873560959,4069633.7950245165
346195.9109197193,4069633.8283232055
346195.9482784287,4069633.861621854
346195.9856370933,4069633.8949204665
346196.02299571864,4069633.928219048
346196.0603543094,4069633.9615176017
346196.09771286993,4069633.994816132
346196.13507140387,4069634.0281146406
346196.1724299145,4069634.0614131307
346196.20978840464,4069634.094711605
346196.24714687676,4069634.128010065
346196.2845053331,4069634.161308512
346196.3218637756,4069634.1946069477
346196.35922220605,4069634.2279053736
346196.39658062585,4069634.261203791
346196.43393903633,4069634.2945022006
346196.4712974386,4069634.3278006045
346196.5086558338,4069634.3610990024
346196.5460142226,4069634.394397395
346196.5833726059,4069634.427695783
346196.6207309844,4069634.460994167
346196.6580893586,4069634.4942925475
346196.695447729,4069634.5275909253
346196.7328060962,4069634.5608893
346196.7701644605,4069634.5941876722
346196.80752282223,4069634.6274860427
346196.8448811818,4069634.660784411
346196.8822395393,4069634.6940827775
346196.9195978951,4069634.7273811433
346196.9569562495,4069634.7606795076
346196.9943146026,4069634.793977871
346197.03167295444,4069634.827276233
346197.0690313053,4069634.860574594
346197.1063896554,4069634.893872954
346197.1437480047,4069634.9271713137
346197.18110635324,4069634.9604696734
346197.21846470115,4069634.9937680326
346197.2558230484,4069635.0270663914
346197.2931813952,4069635.06036475
346197.3305397416,4069635.0936631085
346197.36789808766,4069635.126961467
346197.4052564334,4069635.1602598247
346197.44261477893,4069635.1935581826
346197.4799731242,4069635.22685654
346197.5173314693,4069635.2601548973
346197.55468981416,4069635.2934532547
346197.59204815887,4069635.3267516117
346197.62940650346,4069635.3600499686
346197.6667648479,4069635.3933483255
346197.7041231922,4069635.4266466824
346197.7414815363,4069635.45994504
346197.77883988037,4069635.4932433967
346197.8161982244,4069635.5265417537
346197.8535565684,4069635.5598401106
346197.89091491234,4069635.5931384675
346197.9282732562,4069635.626436825
346197.9656316001,4069635.659735182
346198.00298994395,4069635.6930335388
346198.04034828773,4069635.7263318957
346198.0777066315,4069635.7596302526
346198.1150649752,4069635.79292861
346198.15242331894,4069635.826226967
346198.1897816626,4069635.859525324
346198.22714000626,4069635.892823681
346198.26449834986,4069635.9261220377
346198.3018566935,4069635.9594203946
346198.3392150372,4069635.9927187515
346198.37657338084,4069636.026017109
346198.4139317245,4069636.059315466
346198.45129006816,4069636.092613823
346198.4886484118,4069636.1259121797
346198.5260067554,4069636.1592105366
346198.5633650991,4069636.192508894
346198.60072344274,4069636.225807251
346198.6380817864,4069636.259105608
346198.67544013006,4069636.292403965
346198.7127984737,4069636.3257023217
346198.7501568174,4069636.359000679
346198.787515161,4069636.392299036
346198.82487350464,4069636.425597393
346198.8622318483,4069636.45889575
346198.89959019196,4069636.492194107
346198.9369485356,4069636.525492464
346198.9743068793,4069636.558790821
346199.01166522293,4069636.592089178
346199.04902356653,4069636.625387535
346199.0863819102,4069636.658685892
346199.12374025385,4069636.691984249
346199.1610985975,4069636.7252826057
346199.1984569412,4069636.758580963
346199.23581528483,4069636.79187932
346199.2731736285,4069636.825177677
346199.3105319721,4069636.858476034
346199.34789031575,4069636.891774391
346199.3852486594,4069636.925072748
346199.42260700307,4069636.958371105
346199.45996534673,4069636.991669462
346199.4973236904,4069637.024967819
346199.53468203405,4069637.058266176
346199.57204037765,4069637.0915645333
346199.6093987213,4069637.12486289
346199.64675706497,4069637.158161247
346199.6841154086,4069637.191459604
346199.7214737523,4069637.224757961
346199.75883209595,4069637.2580563184
346199.7961904396,4069637.2913546753
346199.8335487832,4069637.3246530322
346199.87090712687,4069637.357951389
346199.9082654705,4069637.391249746
346199.9456238142,4069637.424548103
346199.98298215785,4069637.45784646
346200.02034050145,4069637.4911448173
346200.0576988451,4069637.5244431742
346200.09505718877,4069637.557741531
346200.1324155324,4069637.591039888
346200.1697738761,4069637.624338245
346200.20713221974,4069637.6576366024
346200.2444905634,4069637.6909349593
346200.281848907,4069637.7242333163
346200.31920725066,4069637.757531673
346200.3565655943,4069637.79083003
346200.393923938,4069637.8241283875
346200.43128228164,4069637.8574267444
346200.4686406253,4069637.8907251013
346200.50599896896,4069637.9240234583
346200.54335731256,4069637.957321815
346200.5807156562,4069637.9906201726
346200.6180739999,4069638.0239185295
346200.65543234354,4069638.0572168864
346200.6927906872,4069638.0905152434
346200.73014903086,4069638.1238136003
346200.7675073745,4069638.1571119577
346200.8048657181,4069638.1904103146
346200.8422240618,4069638.2237086715
346200.87958240544,4069638.2570070284
346200.9169407491,4069638.2903053854
346200.95429909276,4069638.3236037423
346200.9916574364,4069638.356902099
346201.0290157801,4069638.3902004566
346201.0663741237,4069638.4234988135
346201.10373246734,4069638.4567971705
346201.141090811,4069638.4900955274
346201.17844915466,4069638.5233938843
346201.2158074983,4069638.5566922417
346201.253165842,4069638.5899905986
346201.29052418564,4069638.6232889555
346201.32788252924,4069638.6565873125
346201.3652408729,4069638.6898856694
346201.40259921656,4069638.723184027
346201.4399575602,4069638.7564823837
346201.4773159039,4069638.7897807406
346201.51467424753,4069638.8230790976
346201.5520325912,4069638.8563774545
346201.5893909348,4069638.8896758114
346201.62674927845,4069638.9229741683
346201.6641076221,4069638.9562725257
346201.7014659658,4069638.9895708826
346201.73882430943,4069639.0228692396
346201.7761826531,4069639.0561675965
346201.81354099675,4069639.0894659534
346201.85089934035,4069639.122764311
346201.888257684,4069639.1560626677
346201.9256160277,4069639.1893610246
346201.96297437133,4069639.2226593816
346202.000332715,4069639.2559577385
346202.03769105865,4069639.289256096
346202.0750494023,4069639.322554453
346202.1124077459,4069639.3558528097
346202.14976608957,4069639.3891511667
346202.1871244332,4069639.4224495236
346202.2244827769,4069639.455747881
346202.26184112055,4069639.489046238
346202.2991994642,4069639.522344595
346202.33655780787,4069639.5556429517
346202.37391615147,4069639.5889413087
346202.4112744951,4069639.622239666
346202.4486328388,4069639.655538023
346202.48599118245,4069639.68883638
346202.5233495261,4069639.722134737
346202.56070786976,4069639.7554330938
346202.5980662134,4069639.788731451
346202.635424557,4069639.822029808
346202.6727829007,4069639.855328165
346202.71014124434,4069639.888626522
346202.747499588,4069639.921924879
346202.78485793166,4069639.955223236
346202.8222162753,4069639.9885215927
346202.859574619,4069640.02181995
346202.8969329626,4069640.055118307
346202.93429130624,4069640.088416664
346202.9716496499,4069640.121715021
346203.00900799356,4069640.155013378
346203.0463663372,4069640.188311735
346203.0837246809,4069640.221610092
346203.12108302454,4069640.254908449
346203.15844136814,4069640.288206806
346203.1957997118,4069640.321505163
346203.23315805546,4069640.3548035203
346203.2705163991,4069640.388101877
346203.3078747428,4069640.421400234
346203.34523308644,4069640.454698591
346203.3825914301,4069640.487996948
346203.4199497737,4069640.521295305
346203.45730811736,4069640.554593662
346203.494666461,4069640.587892019
346203.5320248047,4069640.621190376
346203.56938314834,4069640.654488733
346203.606741492,4069640.68778709
346203.64409983566,4069640.721085447
346203.68145817926,4069640.7543838043
346203.7188165229,4069640.787682161
346203.7561748666,4069640.820980518
346203.79353321024,4069640.854278875
346203.8308915539,4069640.887577232
346203.86824989755,4069640.9208755894
346203.9056082412,4069640.9541739463
346203.9429665848,4069640.987472303
346203.9803249285,4069641.02077066
346204.01768327213,4069641.054069017
346204.0550416158,4069641.0873673744
346204.09239995945,4069641.1206657314
346204.1297583031,4069641.1539640883
346204.1671166468,4069641.187262445
346204.2044749904,4069641.220560802
346204.24183333403,4069641.253859159
346204.2791916777,4069641.287157516
346204.31655002135,4069641.3204558734
346204.353908365,4069641.3537542303
346204.39126670867,4069641.3870525872
346204.42862505233,4069641.420350944
346204.46598339593,4069641.453649301
346204.5033417396,4069641.4869476585
346204.54070008325,4069641.5202460154
346204.5780584269,4069641.5535443723
346204.61541677057,4069641.5868427292
346204.6527751142,4069641.620141086
346204.6901334579,4069641.6534394436
346204.7274918015,4069641.6867378005
346204.76485014515,4069641.7200361574
346204.8022084888,4069641.7533345143
346204.83956683247,4069641.7866328713
346204.8769251761,4069641.8199312286
346204.9142835198,4069641.8532295856
346204.95164186344,4069641.8865279425
346204.98900020705,4069641.9198262994
346205.0263585507,4069641.9531246563
346205.06371689436,4069641.9864230137
346205.101075238,4069642.0197213707
346205.1384335817,4069642.0530197276
346205.17579192534,4069642.0863180845
346205.213150269,4069642.1196164414
346205.2505086126,4069642.1529147984
346205.28786695626,4069642.1862131553
346205.3252252999,4069642.2195115127
346205.3625836436,4069642.2528098696
346205.39994198724,4069642.2861082265
346205.4373003309,4069642.3194065834
346205.47465867456,4069642.3527049404
346205.51201701816,4069642.3860032978
346205.5493753618,4069642.4193016547
346205.5867337055,4069642.4526000116
346205.62409204914,4069642.4858983685
346205.6614503928,4069642.5191967255
346205.69880873646,4069642.552495083
346205.7361670801,4069642.5857934398
346205.7735254237,4069642.6190917967
346205.8108837674,4069642.6523901536
346205.84824211104,4069642.6856885105
346205.8856004547,4069642.718986868
346205.92295879836,4069642.752285225
346205.960317142,4069642.785583582
346205.9976754857,4069642.8188819387
346206.0350338293,4069642.8521802956
346206.07239217294,4069642.8854786525
346206.1097505166,4069642.9187770095
346206.14710886026,4069642.952075367
346206.1844672039,4069642.985373724
346206.2218255476,4069643.0186720807
346206.25918389123,4069643.0519704376
346206.29654223484,4069643.0852687946
346206.3339005785,4069643.118567152
346206.37125892215,4069643.151865509
346206.4086172658,4069643.185163866
346206.4459756095,4069643.2184622227
346206.48333395313,4069643.2517605796
346206.5206922968,4069643.285058937
346206.5580506404,4069643.318357294
346206.59540898405,4069643.351655651
346206.6327673277,4069643.384954008
346206.6701256714,4069643.4182523647
346206.70748401503,4069643.451550722
346206.7448423587,4069643.484849079
346206.78220070235,4069643.518147436
346206.81955904595,4069643.551445793
346206.8569173896,4069643.58474415
346206.89427573327,4069643.618042507
346206.93163407693,4069643.651340864
346206.9689924206,4069643.684639221
346207.00635076425,4069643.717937578
346207.0437091079,4069643.751235935
346207.0810674515,4069643.784534292
346207.11842579517,4069643.8178326488
346207.1557841388,4069643.851131006
346207.1931424825,4069643.884429363
346207.23050082615,4069643.91772772
346207.2678591698,4069643.951026077
346207.30521751347,4069643.984324434
346207.34257585707,4069644.017622791
346207.3799342007,4069644.050921148
346207.4172925444,4069644.084219505
346207.45465088804,4069644.117517862
346207.4920092317,4069644.150816219
346207.52936757536,4069644.1841145763
346207.566725919,4069644.2174129332
346207.6040842626,4069644.25071129
346207.6414426063,4069644.284009647
346207.67880094994,4069644.317308004
346207.7161592936,4069644.3506063614
346207.75351763726,4069644.3839047183
346207.79087598086,4069644.4172030753
346207.8282343245,4069644.450501432
346207.8655926682,4069644.483799789
346207.90295101184,4069644.517098146
346207.9403093555,4069644.550396503
346207.97766769916,4069644.5836948603
346208.0150260428,4069644.6169932173
346208.0523843864,4069644.650291574
346208.0897427301,4069644.683589931
346208.12710107374,4069644.716888288
346208.1644594174,4069644.7501866454
346208.20181776106,4069644.7834850024
346208.2391761047,4069644.8167833593
346208.2765344484,4069644.850081716
346208.313892792,4069644.883380073
346208.35125113564,4069644.9166784305
346208.3886094793,4069644.9499767874
346208.42596782296,4069644.9832751444
346208.4633261666,4069645.0165735013
346208.5006845103,4069645.049871858
346208.53804285394,4069645.0831702156
346208.57540119754,4069645.1164685725
346208.6127595412,4069645.1497669294
346208.65011788486,4069645.1830652864
346208.6874762285,4069645.2163636433
346208.7248345722,4069645.249662
346208.76219291583,4069645.282960357
346208.7995512595,4069645.3162587145
346208.8369096031,4069645.3495570715
346208.87426794675,4069645.3828554284
346208.9116262904,4069645.4161537853
346208.9489846341,4069645.449452142
346208.98634297773,4069645.4827504996
346209.0237013214,4069645.5160488565
346209.06105966505,4069645.5493472135
346209.09841800865,4069645.5826455704
346209.1357763523,4069645.6159439273
346209.173134696,4069645.6492422847
346209.21049303963,4069645.6825406416
346209.2478513833,4069645.7158389986
346209.28520972695,4069645.7491373555
346209.3225680706,4069645.7824357124
346209.3599264142,4069645.81573407
346209.39728475787,4069645.8490324267
346209.43464310153,4069645.8823307836
346209.4720014452,4069645.9156291406
346209.50935978885,4069645.9489274975
346209.5467181325,4069645.982225855
346209.58407647617,4069646.015524212
346209.62143481977,4069646.0488225687
346209.6587931634,4069646.0821209257
346209.6961515071,4069646.1154192826
346209.73350985075,4069646.1487176395
346209.7708681944,4069646.1820159964
346209.80822653807,4069646.215314354
346209.8455848817,4069646.2486127107
346209.8829432253,4069646.2819110677
346209.920301569,4069646.3152094246
346209.95765991264,4069646.3485077815
346209.9950182563,4069646.381806139
346210.03237659996,4069646.415104496
346210.0697349436,4069646.4484028528
346210.1070932873,4069646.4817012097
346210.1444516309,4069646.5149995666
346210.18180997454,4069646.548297924
346210.2191683182,4069646.581596281
346210.25652666186,4069646.614894638
346210.2938850055,4069646.6481929948
346210.3312433492,4069646.6814913517
346210.36860169284,4069646.714789709
346210.40596003644,4069646.748088066
346210.4433183801,4069646.781386423
346210.48067672376,4069646.81468478
346210.5180350674,4069646.847983137
346210.5553934111,4069646.8812814937
346210.59275175474,4069646.9145798506
346210.6301100984,4069646.947878208
346210.667468442,4069646.981176565
346210.70482678566,4069647.014474922
346210.7421851293,4069647.047773279
346210.779543473,4069647.0810716357
346210.81690181664,4069647.114369993
346210.8542601603,4069647.14766835
346210.89161850396,4069647.180966707
346210.92897684756,4069647.214265064
346210.9663351912,4069647.247563421
346211.0036935349,4069647.280861778
346211.04105187854,4069647.314160135
346211.0784102222,4069647.347458492
346211.11576856585,4069647.380756849
346211.1531269095,4069647.414055206
346211.1904852531,4069647.4473535633
346211.2278435968,4069647.48065192
346211.26520194043,4069647.513950277
346211.3025602841,4069647.547248634
346211.33991862775,4069647.580546991
346211.3772769714,4069647.6138453484
346211.4146353151,4069647.6471437053
346211.4519936587,4069647.680442062
346211.48935200233,4069647.713740419
346211.526710346,4069647.747038776
346211.56406868965,4069647.780337133
346211.6014270333,4069647.81363549
346211.63878537697,4069647.8469338473
346211.67614372063,4069647.880232204
346211.71350206423,4069647.913530561
346211.7508604079,4069647.946828918
346211.78821875155,4069647.980127275
346211.8255770952,4069648.0134256324
346211.86293543887,4069648.0467239893
346211.9002937825,4069648.080022346
346211.9376521262,4069648.113320703
346211.9750104698,4069648.14661906
346212.01236881345,4069648.1799174175
346212.0497271571,4069648.2132157744
346212.08708550077,4069648.2465141313
346212.1244438444,4069648.2798124882
346212.1618021881,4069648.313110845
346212.19916053175,4069648.346409202
346212.23651887535,4069648.379707559
346212.273877219,4069648.4130059164
346212.31123556267,4069648.4463042733
346212.3485939063,4069648.4796026303
346212.38595225,4069648.512900987
346212.42331059364,4069648.546199344
346212.4606689373,4069648.5794977015
346212.4980272809,4069648.6127960584
346212.53538562456,4069648.6460944153
346212.5727439682,4069648.6793927723
346212.6101023119,4069648.712691129
346212.64746065554,4069648.7459894866
346212.6848189992,4069648.7792878435
346212.72217734286,4069648.8125862004
346212.75953568646,4069648.8458845573
346212.7968940301,4069648.8791829143
346212.8342523738,4069648.9124812717
346212.87161071744,4069648.9457796286
346212.9089690611,4069648.9790779855
346212.94632740476,4069649.0123763424
346212.9836857484,4069649.0456746994
346213.021044092,4069649.0789730567
346213.0584024357,4069649.1122714137
346213.09576077934,4069649.1455697706
346213.133119123,4069649.1788681275
346213.17047746666,4069649.2121664844
346213.2078358103,4069649.2454648414
346213.245194154,4069649.2787631983
346213.2825524976,4069649.3120615557
346213.31991084124,4069649.3453599126
346213.3572691849,4069649.3786582695
346213.39462752856,4069649.4119566265
346213.4319858722,4069649.4452549834
346213.4693442159,4069649.478553341
346213.50670255953,4069649.5118516977
346213.54406090314,4069649.5451500546
346213.5814192468,4069649.5784484115
346213.61877759045,4069649.6117467685
346213.6561359341,4069649.645045126
346213.6934942778,4069649.678343483
346213.73085262143,4069649.7116418397
346213.7682109651,4069649.7449401966
346213.8055693087,4069649.7782385536
346213.84292765235,4069649.811536911
346213.880285996,4069649.844835268
346213.9176443397,4069649.878133625
346213.95500268333,4069649.9114319817
346213.992361027,4069649.9447303386
346214.02971937065,4069649.9780286956
346214.06707771425,4069650.0113270525
346214.1044360579,4069650.04462541
346214.14179440157,4069650.077923767
346214.17915274523,4069650.1112221237
346214.2165110889,4069650.1445204807
346214.25386943255,4069650.1778188376
346214.2912277762,4069650.211117195
346214.3285861198,4069650.244415552
346214.36594446347,4069650.277713909
346214.4033028071,4069650.3110122657
346214.4406611508,4069650.3443106227
346214.47801949445,4069650.37760898
346214.5153778381,4069650.410907337
346214.55273618177,4069650.444205694
346214.59009452537,4069650.477504051
346214.627452869,4069650.5108024077
346214.6648112127,4069650.544100765
346214.70216955635,4069650.577399122
346214.7395279,4069650.610697479
346214.77688624366,4069650.643995836
346214.8142445873,4069650.677294193
346214.8516029309,4069650.7105925498
346214.8889612746,4069650.7438909067
346214.92631961824,4069650.777189264
346214.9636779619,4069650.810487621
346215.00103630556,4069650.843785978
346215.0383946492,4069650.877084335
346215.0757529929,4069650.910382692
346215.1131113365,4069650.943681049
346215.15046968014,4069650.976979406
346215.1878280238,4069651.010277763
346215.22518636746,4069651.04357612
346215.2625447111,4069651.076874477
346215.2999030548,4069651.1101728342
346215.33726139844,4069651.143471191
346215.37461974204,4069651.176769548
346215.4119780857,4069651.210067905
346215.44933642936,4069651.243366262
346215.486694773,4069651.2766646193
346215.5240531167,4069651.3099629763
346215.5614114603,4069651.343261333
346215.59876980394,4069651.37655969
346215.6361281476,4069651.409858047
346215.67348649126,4069651.4431564044
346215.7108448349,4069651.4764547613
346215.7482031786,4069651.5097531183
346215.78556152224,4069651.543051475
346215.82291986584,4069651.576349832
346215.8602782095,4069651.609648189
346215.89763655316,4069651.642946546
346215.9349948968,4069651.6762449034
346215.9723532405,4069651.7095432603
346216.00971158413,4069651.742841617
346216.0470699278,4069651.776139974
346216.0844282714,4069651.809438331
346216.12178661505,4069651.8427366884
346216.1591449587,4069651.8760350454
346216.1965033024,4069651.9093334023
346216.23386164603,4069651.942631759
346216.2712199897,4069651.975930116
346216.30857833335,4069652.0092284735
346216.34593667695,4069652.0425268305
346216.3832950206,4069652.0758251874
346216.4206533643,4069652.1091235443
346216.45801170793,4069652.142421901
346216.4953700516,4069652.1757202586
346216.53272839525,4069652.2090186155
346216.5700867389,4069652.2423169725
346216.6074450825,4069652.2756153294
346216.64480342617,4069652.3089136863
346216.68216176983,4069652.3422120432
346216.7195201135,4069652.3755104
346216.75687845715,4069652.4088087576
346216.7942368008,4069652.4421071145
346216.83159514447,4069652.4754054714
346216.86895348807,4069652.5087038283
346216.9063118317,4069652.5420021852
346216.9436701754,4069652.5753005426
346216.98102851905,4069652.6085988996
346217.0183868627,4069652.6418972565
346217.05574520637,4069652.6751956134
346217.09310355,4069652.7084939703
346217.1304618936,4069652.7417923277
346217.1678202373,4069652.7750906846
346217.20517858095,4069652.8083890416
346217.2425369246,4069652.8416873985
346217.27989526826,4069652.8749857554
346217.3172536119,4069652.908284113
346217.3546119556,4069652.9415824697
346217.3919702992,4069652.9748808267
346217.42932864284,4069653.0081791836
346217.4666869865,4069653.0414775405
346217.50404533016,4069653.0747758974
346217.5414036738,4069653.1080742544
346217.5787620175,4069653.1413726117
346217.61612036114,4069653.1746709687
346217.65347870474,4069653.2079693256
346217.6908370484,4069653.2412676825
346217.72819539206,4069653.2745660394
346217.7655537357,4069653.307864397
346217.8029120794,4069653.3411627538
346217.84027042304,4069653.3744611107
346217.8776287667,4069653.4077594676
346217.9149871103,4069653.4410578245
346217.95234545396,4069653.474356182
346217.9897037976,4069653.507654539
346218.0270621413,4069653.540952896
346218.06442048494,4069653.5742512527
346218.1017788286,4069653.6075496096
346218.13913717226,4069653.640847967
346218.17649551586,4069653.674146324
346218.2138538595,4069653.707444681
346218.2512122032,4069653.740743038
346218.28857054684,4069653.7740413947
346218.3259288905,4069653.807339752
346218.36328723415,4069653.840638109
346218.4006455778,4069653.873936466
346218.4380039214,4069653.907234823
346218.4753622651,4069653.94053318
346218.51272060873,4069653.9738315367
346218.5500789524,4069654.0071298936
346218.58743729605,4069654.040428251
346218.6247956397,4069654.073726608
346218.6621539834,4069654.107024965
346218.699512327,4069654.140323322
346218.73687067063,4069654.1736216787
346218.7742290143,4069654.206920036
346218.81158735795,4069654.240218393
346218.8489457016,4069654.27351675
346218.88630404527,4069654.306815107
346218.92366238893,4069654.340113464
346218.96102073253,4069654.373411821
346218.9983790762,4069654.406710178
346219.03573741985,4069654.440008535
346219.0730957635,4069654.473306892
346219.11045410717,4069654.506605249
346219.1478124508,4069654.5399036063
346219.1851707945,4069654.573201963
346219.2225291381,4069654.60650032
346219.25988748175,4069654.639798677
346219.2972458254,4069654.673097034
346219.33460416907,4069654.706395391
346219.3719625127,4069654.739693748
346219.4093208564,4069654.772992105
346219.44667920005,4069654.806290462
346219.48403754365,4069654.839588819
346219.5213958873,4069654.872887176
346219.55875423097,4069654.906185533
346219.5961125746,4069654.9394838903
346219.6334709183,4069654.9727822472
346219.67082926194,4069655.006080604
346219.7081876056,4069655.039378961
346219.7455459492,4069655.072677318
346219.78290429286,4069655.1059756754
346219.8202626365,4069655.1392740323
346219.8576209802,4069655.1725723892
346219.89497932384,4069655.205870746
346219.9323376675,4069655.239169103
346219.96969601116,4069655.2724674605
346220.00705435476,4069655.3057658174
346220.0444126984,4069655.3390641743
346220.0817710421,4069655.3723625313
346220.11912938574,4069655.405660888
346220.1564877294,4069655.4389592456
346220.19384607306,4069655.4722576025
346220.2312044167,4069655.5055559594
346220.2685627603,4069655.5388543163
346220.305921104,4069655.5721526733
346220.34327944764,4069655.60545103
346220.3806377913,4069655.638749387
346220.41799613496,4069655.6720477445
346220.4553544786,4069655.7053461014
346220.4927128223,4069655.7386444584
346220.5300711659,4069655.7719428153
346220.56742950954,4069655.805241172
346220.6047878532,4069655.8385395296
346220.64214619686,4069655.8718378865
346220.6795045405,4069655.9051362434
346220.7168628842,4069655.9384346004
346220.75422122783,4069655.9717329573
346220.79157957144,4069656.0050313147
346220.8289379151,4069656.0383296716
346220.86629625876,4069656.0716280285
346220.9036546024,4069656.1049263855
346220.9410129461,4069656.1382247424
346220.97837128973,4069656.1715230998
346221.0157296334,4069656.2048214567
346221.053087977,4069656.2381198136
346221.09044632065,4069656.2714181705
346221.1278046643,4069656.3047165275
346221.165163008,4069656.3380148844
346221.20252135163,4069656.3713132413
346221.2398796953,4069656.4046115987
346221.27723803895,4069656.4379099556
346221.31459638255,4069656.4712083125
346221.3519547262,4069656.5045066695
346221.38931306987,4069656.5378050264
346221.42667141353,4069656.571103384
346221.4640297572,4069656.6044017407
346221.50138810085,4069656.6377000976
346221.5387464445,4069656.6709984546
346221.5761047881,4069656.7042968115
346221.61346313177,4069656.737595169
346221.6508214754,4069656.770893526
346221.6881798191,4069656.8041918827
346221.72553816275,4069656.8374902396
346221.7628965064,4069656.8707885966
346221.80025485007,4069656.904086954
346221.83761319367,4069656.937385311
346221.8749715373,4069656.970683668
346221.912329881,4069657.0039820247
346221.94968822465,4069657.0372803817
346221.9870465683,4069657.0705787386
346222.02440491196,4069657.1038770955
346222.0617632556,4069657.137175453
346222.0991215992,4069657.17047381
346222.1364799429,4069657.2037721667
346222.17383828654,4069657.2370705237
346222.2111966302,4069657.2703688806
346222.24855497386,4069657.303667238
346222.2859133175,4069657.336965595
346222.3232716612,4069657.370263952
346222.3606300048,4069657.4035623088
346222.39798834844,4069657.4368606657
346222.4353466921,4069657.470159023
346222.47270503576,4069657.50345738
346222.5100633794,4069657.536755737
346222.5474217231,4069657.570054094
346222.58478006674,4069657.6033524508
346222.62213841034,4069657.636650808
346222.659496754,4069657.669949165
346222.69685509766,4069657.703247522
346222.7342134413,4069657.736545879
346222.771571785,4069657.769844236
346222.80893012864,4069657.8031425932
346222.8462884723,4069657.83644095
346222.8836468159,4069657.869739307
346222.92100515956,4069657.903037664
346222.9583635032,4069657.936336021
346222.9957218469,4069657.969634378
346223.03308019054,4069658.002932735
346223.0704385342,4069658.036231092
346223.10779687786,4069658.069529449
346223.14515522146,4069658.102827806
346223.1825135651,4069658.136126163
346223.2198719088,4069658.16942452
346223.25723025243,4069658.2027228773
346223.2945885961,4069658.236021234
346223.33194693975,4069658.269319591
346223.3693052834,4069658.302617948
346223.406663627,4069658.335916305
346223.4440219707,4069658.3692146624
346223.48138031433,4069658.4025130193
346223.518738658,4069658.435811376
346223.55609700165,4069658.469109733
346223.59345534525,4069658.50240809
346223.6308136889,4069658.535706447
346223.6681720326,4069658.569004804
346223.70553037623,4069658.6023031613
346223.7428887199,4069658.635601518
346223.78024706355,4069658.668899875
346223.8176054072,4069658.702198232
346223.8549637508,4069658.735496589
346223.89232209447,4069658.7687949464
346223.92968043813,4069658.8020933033
346223.9670387818,4069658.83539166
346224.00439712545,4069658.868690017
346224.0417554691,4069658.901988374
346224.07911381277,4069658.9352867315
346224.11647215637,4069658.9685850884
346224.1538305,4069659.0018834453
346224.1911888437,4069659.035181802
346224.22854718735,4069659.068480159
346224.265905531,4069659.1017785165
346224.30326387467,4069659.1350768735
346224.3406222183,4069659.1683752304
346224.3779805619,4069659.2016735873
346224.4153389056,4069659.2349719442
346224.45269724925,4069659.2682703016
346224.4900555929,4069659.3015686586
346224.52741393656,4069659.3348670155
346224.5647722802,4069659.3681653724
346224.6021306239,4069659.4014637293
346224.6394889675,4069659.4347620863
346224.67684731114,4069659.468060443
346224.7142056548,4069659.5013588006
346224.75156399846,4069659.5346571575
346224.7889223421,4069659.5679555144
346224.8262806858,4069659.6012538713
346224.86363902944,4069659.6345522283
346224.90099737304,4069659.6678505857
346224.9383557167,4069659.7011489426
346224.97571406036,4069659.7344472995
346225.013072404,4069659.7677456564
346225.0504307477,4069659.8010440134
346225.08778909134,4069659.8343423707
346225.125147435,4069659.8676407277
346225.1625057786,4069659.9009390846
346225.19986412226,4069659.9342374415
346225.2372224659,4069659.9675357984
346225.2745808096,4069660.000834156
346225.31193915324,4069660.0341325128
346225.3492974969,4069660.0674308697
346225.38665584056,4069660.1007292266
346225.42401418416,4069660.1340275835
346225.4613725278,4069660.1673259404
346225.4987308715,4069660.2006242974
346225.53608921514,4069660.2339226548
346225.5734475588,4069660.2672210117
346225.61080590246,4069660.3005193686
346225.6481642461,4069660.3338177255
346225.6855225897,4069660.3671160825
346225.7228809334,4069660.40041444
346225.76023927703,4069660.433712797
346225.7975976207,4069660.4670111537
346225.83495596435,4069660.5003095106
346225.872314308,4069660.5336078675
346225.9096726517,4069660.566906225
346225.9470309953,4069660.600204582
346225.98438933893,4069660.633502939
346226.0217476826,4069660.6668012957
346226.05910602625,4069660.7000996526
346226.0964643699,4069660.73339801
346226.1338227136,4069660.766696367
346226.17118105723,4069660.799994724
346226.20853940083,4069660.833293081
346226.2458977445,4069660.8665914377
346226.28325608815,4069660.899889795
346226.3206144318,4069660.933188152
346226.35797277547,4069660.966486509
346226.3953311191,4069660.999784866
346226.4326894628,4069661.033083223
346226.4700478064,4069661.0663815797
346226.50740615005,4069661.0996799367
346226.5447644937,4069661.132978294
346226.58212283737,4069661.166276651
346226.619481181,4069661.199575008
346226.6568395247,4069661.232873365
346226.69419786835,4069661.2661717217
346226.73155621195,4069661.299470079
346226.7689145556,4069661.332768436
346226.80627289927,4069661.366066793
346226.8436312429,4069661.39936515
346226.8809895866,4069661.432663507
346226.91834793024,4069661.465961864
346226.9557062739,4069661.499260221
346226.9930646175,4069661.532558578
346227.03042296116,4069661.565856935
346227.0677813048,4069661.599155292
346227.1051396485,4069661.6324536493
346227.14249799214,4069661.665752006
346227.1798563358,4069661.699050363
346227.21721467946,4069661.73234872
346227.25457302306,4069661.765647077
346227.2919313667,4069661.798945434
346227.3292897104,4069661.832243791
346227.36664805404,4069661.8655421482
346227.4040063977,4069661.898840505
346227.44136474136,4069661.932138862
346227.478723085,4069661.965437219
346227.5160814286,4069661.998735576
346227.5534397723,4069662.0320339333
346227.59079811594,4069662.0653322903
346227.6281564596,4069662.098630647
346227.66551480326,4069662.131929004
346227.7028731469,4069662.165227361
346227.7402314906,4069662.1985257184
346227.7775898342,4069662.2318240753
346227.81494817784,4069662.2651224323
346227.8523065215,4069662.298420789
346227.88966486516,4069662.331719146
346227.9270232088,4069662.3650175035
346227.9643815525,4069662.3983158604
346228.00173989614,4069662.4316142173
346228.03909823974,4069662.4649125743
346228.0764565834,4069662.498210931
346228.11381492706,4069662.531509288
346228.1511732707,4069662.564807645
346228.1885316144,4069662.5981060024
346228.22588995803,4069662.6314043594
346228.2632483017,4069662.6647027163
346228.3006066453,4069662.698001073
346228.33796498895,4069662.73129943
346228.3753233326,4069662.7645977875
346228.4126816763,4069662.7978961444
346228.45004001993,4069662.8311945014
346228.4873983636,4069662.8644928583
346228.52475670725,4069662.897791215
346228.56211505085,4069662.9310895726
346228.5994733945,4069662.9643879295
346228.6368317382,4069662.9976862865
346228.67419008183,4069663.0309846434
346228.7115484255,4069663.0642830003
346228.74890676915,4069663.0975813577
346228.7862651128,4069663.1308797146
346228.8236234564,4069663.1641780715
346228.86098180007,4069663.1974764285
346228.8983401437,4069663.2307747854
346228.9356984874,4069663.264073143
346228.97305683105,4069663.2973714997
346229.0104151747,4069663.3306698566
346229.04777351837,4069663.3639682136
346229.08513186197,4069663.3972665705
346229.1224902056,4069663.4305649274
346229.1598485493,4069663.4638632843
346229.19720689295,4069663.4971616417
346229.2345652366,4069663.5304599986
346229.27192358027,4069663.5637583556
346229.3092819239,4069663.5970567125
346229.3466402675,4069663.6303550694
346229.3839986112,4069663.663653427
346229.42135695484,4069663.6969517837
346229.4587152985,4069663.7302501407
346229.49607364216,4069663.7635484976
346229.5334319858,4069663.7968468545
346229.5707903295,4069663.830145212
346229.6081486731,4069663.863443569
346229.64550701674,4069663.8967419257
346229.6828653604,4069663.9300402827
346229.72022370406,4069663.9633386396
346229.7575820477,4069663.996636997
346229.7949403914,4069664.029935354
346229.83229873504,4069664.063233711
346229.86965707864,4069664.0965320677
346229.9070154223,4069664.1298304247
346229.94437376596,4069664.1631287816
346229.9817321096,4069664.1964271385
346230.0190904533,4069664.229725496
346230.05644879694,4069664.263023853
346230.0938071406,4069664.2963222098
346230.1311654842,4069664.3296205667
346230.16852382786,4069664.3629189236
346230.2058821715,4069664.396217281
346230.2432405152,4069664.429515638
346230.28059885884,4069664.462813995
346230.3179572025,4069664.496112352
346230.35531554616,4069664.5294107087
346230.39267388976,4069664.562709066
346230.4300322334,4069664.596007423
346230.4673905771,4069664.62930578
346230.50474892074,4069664.662604137
346230.5421072644,4069664.695902494
346230.57946560805,4069664.729200851
346230.6168239517,4069664.762499208
346230.6541822953,4069664.795797565
346230.691540639,4069664.829095922
346230.72889898263,4069664.862394279
346230.7662573263,4069664.8956926363
346230.80361566995,4069664.928990993
346230.8409740136,4069664.96228935
346230.8783323573,4069664.995587707
346230.9156907009,4069665.028886064
346230.95304904453,4069665.062184421
346230.9904073882,4069665.095482778
346231.02776573185,4069665.128781135
346231.0651240755,4069665.162079492
346231.10248241917,4069665.195377849
346231.13984076283,4069665.228676206
346231.17719910643,4069665.261974563
346231.2145574501,4069665.2952729203
346231.25191579375,4069665.328571277
346231.2892741374,4069665.361869634
346231.32663248107,4069665.395167991
346231.36399082467,4069665.428466348
346231.4013491683,4069665.4617647054
346231.438707512,4069665.4950630623
346231.47606585565,4069665.528361419
346231.5134241993,4069665.561659776
346231.55078254297,4069665.594958133
346231.5881408866,4069665.6282564905
346231.6254992302,4069665.6615548474
346231.6628575739,4069665.6948532043
346231.70021591755,4069665.728151561
346231.7375742612,4069665.761449918
346231.77493260487,4069665.794748275
346231.8122909485,4069665.828046632
346231.8496492922,4069665.8613449894
346231.8870076358,4069665.8946433463
346231.92436597944,4069665.9279417032
346231.9617243231,4069665.96124006
346231.99908266676,4069665.994538417
346232.0364410104,4069666.0278367745
346232.0737993541,4069666.0611351314
346232.11115769774,4069666.0944334883
346232.14851604134,4069666.1277318452
346232.185874385,4069666.161030202
346232.22323272866,4069666.1943285596
346232.2605910723,4069666.2276269165
346232.297949416,4069666.2609252734
346232.33530775964,4069666.2942236303
346232.3726661033,4069666.3275219873
346232.4100244469,4069666.360820344
346232.44738279056,4069666.394118701
346232.4847411342,4069666.4274170585
346232.5220994779,4069666.4607154154
346232.55945782154,4069666.4940137723
346232.5968161652,4069666.5273121293
346232.63417450886,4069666.560610486
346232.67153285246,4069666.5939088436
346232.7088911961,4069666.6272072005
346232.7462495398,4069666.6605055574
346232.78360788344,4069666.6938039144
346232.8209662271,4069666.7271022713
346232.85832457076,4069666.7604006287
346232.8956829144,4069666.7936989856
346232.933041258,4069666.8269973425
346232.9703996017,4069666.8602956994
346233.00775794534,4069666.8935940564
346233.045116289,4069666.9268924138
346233.08247463265,4069666.9601907707
346233.1198329763,4069666.9934891276
346233.15719132,4069667.0267874845
346233.1945496636,4069667.0600858415
346233.23190800723,4069667.093384199
346233.2692663509,4069667.126682556
346233.30662469455,4069667.1599809127
346233.3439830382,4069667.1932792696
346233.3813413819,4069667.2265776265
346233.41869972553,4069667.259875984
346233.45605806913,4069667.293174341
346233.4934164128,4069667.326472698
346233.53077475645,4069667.3597710547
346233.5681331001,4069667.3930694116
346233.60549144377,4069667.4263677686
346233.64284978743,4069667.4596661255
346233.6802081311,4069667.492964483
346233.7175664747,4069667.52626284
346233.75492481835,4069667.5595611967
346233.792283162,4069667.5928595536
346233.82964150567,4069667.6261579106
346233.8669998493,4069667.659456268
346233.904358193,4069667.692754625
346233.94171653665,4069667.726052982
346233.97907488025,4069667.7593513387
346234.0164332239,4069667.7926496956
346234.05379156757,4069667.825948053
346234.0911499112,4069667.85924641
346234.1285082549,4069667.892544767
346234.16586659855,4069667.925843124
346234.2032249422,4069667.9591414807
346234.2405832858,4069667.9924398377
346234.27794162947,4069668.0257381946
346234.3152999731,4069668.059036552
346234.3526583168,4069668.092334909
346234.39001666044,4069668.125633266
346234.4273750041,4069668.1589316227
346234.46473334776,4069668.1922299797
346234.50209169136,4069668.225528337
346234.539450035,4069668.258826694
346234.5768083787,4069668.292125051
346234.61416672234,4069668.325423408
346234.651525066,4069668.3587217648
346234.68888340966,4069668.392020122
346234.7262417533,4069668.425318479
346234.7636000969,4069668.458616836
346234.8009584406,4069668.491915193
346234.83831678424,4069668.52521355
346234.8756751279,4069668.5585119072
346234.91303347156,4069668.591810264
346234.9503918152,4069668.625108621
346234.9877501589,4069668.658406978
346235.0251085025,4069668.691705335
346235.06246684614,4069668.7250036923
346235.0998251898,4069668.7583020492
346235.13718353346,4069668.791600406
346235.1745418771,4069668.824898763
346235.2119002208,4069668.85819712
346235.24925856444,4069668.891495477
346235.28661690804,4069668.924793834
346235.3239752517,4069668.9580921913
346235.36133359536,4069668.991390548
346235.398691939,4069669.024688905
346235.4360502827,4069669.057987262
346235.47340862633,4069669.091285619
346235.51076697,4069669.1245839763
346235.5481253136,4069669.1578823333
346235.58548365725,4069669.19118069
346235.6228420009,4069669.224479047
346235.6602003446,4069669.257777404
346235.69755868823,4069669.2910757614
346235.7349170319,4069669.3243741184
346235.77227537555,4069669.3576724753
346235.80963371915,4069669.390970832
346235.8469920628,4069669.424269189
346235.8843504065,4069669.4575675465
346235.92170875013,4069669.4908659034
346235.9590670938,4069669.5241642604
346235.99642543745,4069669.5574626173
346236.0337837811,4069669.590760974
346236.0711421248,4069669.624059331
346236.10850046854,4069669.657357688
346236.1458588123,4069669.6906560455
346236.1832171561,4069669.7239544024
346236.22057549993,4069669.7572527593
346236.2579338438,4069669.790551116
346236.2952921877,4069669.823849473
346236.33265053167,4069669.8571478305
346236.3700088757,4069669.8904461875
346236.4073672197,4069669.9237445444
346236.4447255638,4069669.9570429013
346236.482083908,4069669.9903412582
346236.5194422523,4069670.0236396156
346236.5568005968,4069670.0569379725
346236.5941589415,4069670.0902363295
346236.63151728624,4069670.1235346864
346236.66887563124,4069670.1568330433
346236.7062339763,4069670.1901314002
346236.7435923217,4069670.223429757
346236.78095066734,4069670.2567281136
346236.8183090133,4069670.2900264696
346236.85566735966,4069670.3233248256
346236.8930257064,4069670.356623181
346236.93038405373,4069670.389921536
346236.9677424015,4069670.4232198913
346237.00510074996,4069670.456518246
346237.04245909915,4069670.4898166
346237.07981744915,4069670.523114954
346237.1171758001,4069670.556413308
346237.1545341522,4069670.589711661
346237.1918925056,4069670.6230100133
346237.22925086046,4069670.6563083646
346237.26660921687,4069670.689606714
346237.3039675751,4069670.7229050626
346237.3413259355,4069670.7562034098
346237.3786842986,4069670.7895017564
346237.41604266455,4069670.822800101
346237.4534010338,4069670.856098443
346237.4907594069,4069670.889396783
346237.5281177842,4069670.9226951213
346237.56547616643,4069670.9559934563
346237.60283455433,4069670.989291788
346237.64019294875,4069671.022590116
346237.6775513506,4069671.055888439
346237.714909761,4069671.089186757
346237.752268181,4069671.1224850686
346237.78962661215,4069671.1557833743
346237.826985056,4069671.189081673
346237.8643435143,4069671.222379964
346237.9017019893,4069671.255678245
346237.9390604831,4069671.288976515
346237.9764189985,4069671.3222747734
346238.0137775385,4069671.3555730176
346238.05113610666,4069671.388871245
346238.088494707,4069671.422169454
346238.12585334404,4069671.4554676404
346238.16321202286,4069671.4887658027
346238.20057074947,4069671.5220639375
346238.2379295306,4069671.555362041
346238.2752883738,4069671.5886601084
346238.3126472879,4069671.6219581347
346238.35000628285,4069671.6552561126
346238.38736536994,4069671.688554037
346238.4247245622,4069671.7218518993
346238.4620838744,4069671.7551496914
346238.4994433233,4069671.788447404
346238.536802928,4069671.8217450245
346238.57416271046,4069671.8550425414
346238.6115226954,4069671.8883399395
346238.64888291125,4069671.9216372017
346238.6862433903,4069671.9549343097
346238.7236041693,4069671.9882312412
346238.7609652903,4069672.0215279716
346238.79832680104,4069672.054824474
346238.83568875596,4069672.0881207157
346238.87305121706,4069672.1214166605
346238.91041425493,4069672.1547122663
346238.9477779502,4069672.1880074856
346238.9851423946,4069672.221302265
346239.0225076927,4069672.2545965416
346239.05987396353,4069672.287890247
346239.09724134294,4069672.3211833
346239.13460998534,4069672.3544756104
346239.1719800669,4069672.3877670746
346239.2093517884,4069672.4210575754
346239.2467253784,4069672.4543469776
346239.2841010974,4069672.4876351273
346239.3214792421,4069672.5209218506
346239.35886015085,4069672.5542069487
346239.3962442088,4069672.587490194
346239.43363185483,4069672.6207713294
346239.471023589,4069672.6540500596
346239.50841998117,4069672.687326051
346239.5458216804,4069672.7205989207
346239.5832294261,4069672.7538682334
346239.62064406107,4069672.787133495
346239.6580665451,4069672.820394139
346239.69549797184,4069672.8536495226
346239.73293958744,4069672.886898913
346239.7703928115,4069672.9201414753
346239.8078592615,4069672.9533762583
346239.8453407802,4069672.9866021774
346239.882839467,4069673.0198179972
346239.92035771394,4069673.053022312
346239.9578982461,4069673.0862135175
346239.9954641686,4069673.119389788
346240.0330590188,4069673.152549042
346240.07068682695,4069673.185688909
346240.10835218494,4069673.218806689
346240.1460603242,4069673.251899304
346240.1838172052,4069673.284963248
346240.2216296186,4069673.317994526
346240.25950530125,4069673.3509885883
346240.2974530679,4069673.3839402488
346240.3354829613,4069673.416843601
346240.37360642356,4069673.449691914
346240.4118364907,4069673.482477521
346240.4501880149,4069673.515191684
346240.4886779177,4069673.547824451
346240.52732547815,4069673.5803644806
346240.5661526613,4069673.612798854
346240.60518449225,4069673.6451128507
346240.6444494828,4069673.6772896997
346240.6839801169,4069673.709310293
346240.7238134044,4069673.741152863
346240.7639915112,4069673.772792606
346240.80456247804,4069673.804201265
346240.84558103874,4069673.8353466443
346240.8871095526,4069673.8661920642
346240.9292190671,4069673.896695734
346240.97199052805,4069673.9268100406
346241.01551615895,4069673.9564807373
346241.0599010319,4069673.9856460206
346241.105264858,4069674.014235476
346241.15174402663,4069674.0421688776
346241.1994939292,4069674.069354824
346241.2486916068,4069674.095689177
346241.2992881083,4069674.121105288
346241.3512583144,4069674.1455208645
346241.4046005094,4069674.1688365657
346241.45933635236,4069674.190934315
346241.5155112458,4069674.2116752835
346241.57319510926,4069674.230897527
346241.63219148864,4069674.2485565753
346241.69232629094,4069674.2645813236
346241.7534448186,4069674.278872825
346241.8154091337,4069674.2913026046
346241.8780847491,4069674.30195191
346241.9413492962,4069674.3108716547
346242.0050904398,4069674.318083288
346242.06920396455,4069674.3235791572
346242.13370968634,4069674.3274986898
346242.19863410294,4069674.329954457
346242.2640108453,4069674.3310340927
346242.3298812506,4069674.3308017855
346242.39620940207,4069674.3294331864
346242.4629671812,4069674.327084587
346242.5301337894,4069674.323895583
346242.597695393,4069674.3199914517
346242.66563380155,4069674.315591166
346242.7339372441,4069674.3109052456
346242.802600169,4069674.306139344
346242.87162314873,4069674.301497752
346242.9411266058,4069674.297127314
346243.0112391484,4069674.2931794943
346243.08209976176,4069674.289812958
346243.1538601761,4069674.2871962734
346243.22650458064,4069674.285432362
346243.3000322251,4069674.2846386754
346243.37445740716,4069674.284949195
346243.4496653909,4069674.2864351673
346243.52555477683,4069674.289187864
346243.60203577473,4069674.293320138
346243.67724033765,4069674.298801986
346243.75124837836,4069674.305611782
346243.8241194244,4069674.3137505227
346243.89589363226,4069674.323241847
346243.96673407033,4069674.3339663586
346244.03678789805,4069674.3458256703
346244.1061888737,4069674.3587407283
346244.1750596327,4069674.372650466
346244.2434287114,4069674.387501943
346244.3113160989,4069674.403258264
346244.37873357796,4069674.41989795
346244.4456849254,4069674.4374145716
346244.5121659765,4069674.455816639
346244.57816750876,4069674.475099523
346244.64367213036,4069674.4952736013
346244.7086539834,4069674.5163644333
346244.7730783038,4069674.538413198
346244.83690082864,4069674.5614773952
346244.9001221168,4069674.5854891166
346244.96273248387,4069674.610396596
346245.02471183724,4069674.636163331
346245.08602933376,4069674.6627674554
346245.1466428544,4069674.690201372
346245.2065668211,4069674.718364571
346245.26580390835,4069674.747168969
346245.3243450879,4069674.7765374044
346245.38216947566,4069674.806402327
346245.4392439755,4069674.836704646
346245.49557198916,4069674.8674149294
346245.55114420055,4069674.8985106996
346245.60593841725,4069674.929976044
346245.65991919197,4069674.9618013487
346245.7130372188,4069674.99398313
346245.7652729275,4069675.026455369
346245.816591716,4069675.0591569934
346245.8669433604,4069675.092030841
346245.91626115976,4069675.1250226824
346245.96446079947,4069675.1580802975
346246.01143891487,4069675.1911525894
346246.05734488,4069675.2242377624
346246.1023098027,4069675.2573342416
346246.14644875826,4069675.290440645
346246.18986274995,4069675.323555759
346246.2326404299,4069675.3566785185
346246.27485960943,4069675.3898079875
346246.3165885847,4069675.4229433457
346246.3578873002,4069675.456083874
346246.3988083702,4069675.4892289396
346246.43939797505,4069675.5223779874
346246.4796966478,4069675.555530531
346246.51973996515,4069675.588686141
346246.55955915304,4069675.621844444
346246.5991816191,4069675.6550051104
346246.6386314195,4069675.6881678514
346246.67792966857,4069675.721332413
346246.71709489875,4069675.7544985716
346246.7561433762,4069675.787666133
346246.7950893779,4069675.820834925
346246.8339454351,4069675.8540047975
346246.8727225468,4069675.8871756177
346246.9114303666,4069675.92034727
346246.9500773679,4069675.9535196526
346246.9886709878,4069675.986692676
346247.02721775393,4069676.019866262
346247.0657233958,4069676.053040341
346247.10419294215,4069676.0862148535
346247.1426308068,4069676.119389746
346247.1810408638,4069676.152564972
346247.2194265134,4069676.1857404914
346247.2577907402,4069676.218916268
346247.29613616347,4069676.252092271
346247.33446508244,4069676.2852684725
346247.37277951493,4069676.318444848
346247.41108123196,4069676.3516213773
346247.449371788,4069676.3847980406
346247.4876525473,4069676.4179748227
346247.52592470724,4069676.4511517095
346247.56418931845,4069676.4843286886
346247.6024473033,4069676.5175057496
346247.64069947106,4069676.5506828832
346247.6789465317,4069676.5838600807
346247.7171891085,4069676.6170373345
346247.7554277481,4069676.6502146395
346247.79366293014,4069676.68339199
346247.8318950753,4069676.716569383
346247.8701245524,4069676.7497468144
346247.908351685,4069676.7829242805
346247.94657675654,4069676.8161017797
346247.9848000154,4069676.849279311
346248.0230216791,4069676.882456873
346248.0612419378,4069676.9156344654
346248.09946095775,4069676.9488120866
346248.1376788842,4069676.9819897376
346248.17589584365,4069677.015167419
346248.2141119461,4069677.0483451327
346248.25232728705,4069677.08152288
346248.29054194887,4069677.1147006643
346248.32875600236,4069677.147878489
346248.366969508,4069677.181056358
346248.40518251696,4069677.214234276
346248.4433950718,4069677.247412249
346248.4816072073,4069677.2805902828
346248.5198189513,4069677.313768385
346248.5580303249,4069677.346946564
346248.5962413426,4069677.3801248297
346248.6344520132,4069677.4133031936
346248.6726623393,4069677.44648167
346248.71087231766,4069677.479660273
346248.7490819393,4069677.51283902
346248.7872911891,4069677.546017931
346248.82550004526,4069677.579197028
346248.8637084797,4069677.6123763374
346248.90191645676,4069677.645555888
346248.9401239333,4069677.678735712
346248.9783308575,4069677.711915849
346249.0165371681,4069677.7450963417
346249.0547427935,4069677.7782772398
346249.09294765035,4069677.8114585998
346249.1311516421,4069677.844640486
346249.16935465764,4069677.8778229724
346249.2075565691,4069677.911006142
346249.2457572296,4069677.944190089
346249.28395647136,4069677.9773749225
346249.3221541022,4069678.0105607654
346249.36034990253,4069678.043747759
346249.3985436214,4069678.0769360634
346249.43673497264,4069678.1101258607
346249.4749236297,4069678.14331736
346249.51310922,4069678.176510798
346249.5512913188,4069678.209706444
346249.5894694418,4069678.242904606
346249.6276430371,4069678.276105634
346249.6658114756,4069678.309309928
346249.7039740403,4069678.342517943
346249.74212991394,4069678.375730198
346249.7802781656,4069678.408947283
346249.81841773423,4069678.4421698702
346249.8565474111,4069678.4753987277
346249.8946658189,4069678.5086347284
346249.9327713881,4069678.5418788674
346249.97086233064,4069678.5751322783
346250.0089366092,4069678.608396252
346250.0469919027,4069678.6416722615
346250.08502556646,4069678.674961983
346250.1230345872,4069678.7082673274
346250.16101553204,4069678.7415904715
346250.19896448957,4069678.774933895
346250.23687700345,4069678.8083004234
346250.2747479966,4069678.8416932747
346250.3125825463,4069678.8751092306
346250.3503851091,4069678.908545466
346250.3881595964,4069678.9419995015
346250.4259094416,4069678.9754691594
346250.463637658,4069679.0089525296
346250.5013468904,4069679.0424479353
346250.53903946024,4069679.075953904
346250.57671740523,4069679.1094691446
346250.6143825137,4069679.1429925235
346250.6520363553,4069679.176523046
346250.6896803078,4069679.2100598384
346250.7273155806,4069679.2436021334
346250.764943235,4069679.277149258
346250.8025642026,4069679.310700623
346250.84017930116,4069679.3442557086
346250.87778924836,4069679.3778140605
346250.91539467423,4069679.4113752786
346250.9529961316,4069679.444939012
346250.9905941058,4069679.4785049544
346251.0281890226,4069679.512072835
346251.065781256,4069679.5456424165
346251.10337113414,4069679.579213491
346251.14095894503,4069679.6127858763
346251.1785449415,4069679.646359412
346251.21612934535,4069679.6799339573
346251.2537123514,4069679.7135093887
346251.2912941305,4069679.747085598
346251.3288748328,4069679.7806624896
346251.36645458976,4069679.814239981
346251.4040335171,4069679.847817998
346251.4416117163,4069679.881396476
346251.4791892764,4069679.9149753596
346251.51676627557,4069679.9485545983
346251.55434278253,4069679.9821341494
346251.5919188573,4069680.015713975
346251.6294945528,4069680.0492940405
346251.6670699154,4069680.082874317
346251.70464498585,4069680.1164547796
346251.7422197998,4069680.150035404
346251.7797943887,4069680.1836161716
346251.81736878,4069680.2171970643
346251.8549429978,4069680.2507780674
346251.8925170634,4069680.284359167
346251.9300909955,4069680.317940351
346251.9676648103,4069680.35152161
346252.0052385222,4069680.385102933
346252.0428121437,4069680.418684313
346252.08038568584,4069680.4522657436
346252.11795915844,4069680.4858472184
346252.15553257003,4069680.519428732
346252.19310592796,4069680.5530102793
346252.2306792389,4069680.586591857
346252.2682525086,4069680.620173461
346252.30582574214,4069680.6537550874
346252.34339894383,4069680.687336735
346252.38097211765,4069680.7209183997
346252.41854526696,4069680.754500081
346252.4561183948,4069680.7880817754
346252.49369150377,4069680.8216634816
346252.5312645962,4069680.855245198
346252.56883767416,4069680.8888269244
346252.6064107393,4069680.9224086585
346252.6439837934,4069680.9559903992
346252.68155683763,4069680.989572146
346252.7191298732,4069681.023153899
346252.7567029013,4069681.0567356567
346252.79427592264,4069681.090317419
346252.8318489382,4069681.1238991846
346252.8694219487,4069681.1574809537
346252.9069949547,4069681.191062726
346252.9445679568,4069681.2246445008
346252.9821409555,4069681.258226278
346253.01971395116,4069681.2918080566
346253.0572869441,4069681.3253898374
346253.0948599347,4069681.3589716195
346253.13243292324,4069681.392553403
346253.17000591004,4069681.4261351875
346253.20757889526,4069681.4597169734
346253.24515187903,4069681.49329876
346253.2827248616,4069681.5268805483
346253.3202978431,4069681.560462337
346253.3578708236,4069681.5940441256
346253.3954438034,4069681.6276259148
346253.4330167825,4069681.661207704
346253.4705897609,4069681.6947894935
346253.50816273876,4069681.7283712835
346253.54573571606,4069681.7619530736
346253.58330869296,4069681.795534864
346253.6208816695,4069681.829116655
346253.65845464566,4069681.862698446
346253.6960276215,4069681.8962802375
346253.73360059713,4069681.9298620294
346253.77117357246,4069681.9634438213
346253.8087465476,4069681.997025613
346253.8463195226,4069682.030607405
346253.88389249746,4069682.0641891966
346253.92146547214,4069682.0977709885
346253.9590384467,4069682.1313527804
346253.9966114211,4069682.164934572
346254.03418439545,4069682.1985163637
346254.07175736973,4069682.2320981557
346254.109330344,4069682.265679947
346254.14690331824,4069682.299261739
346254.1844762924,4069682.332843531
346254.22204926657,4069682.366425323
346254.2596222407,4069682.4000071147
346254.2971952148,4069682.433588906
346254.3347681888,4069682.467170698
346254.3723411629,4069682.50075249
346254.40991413686,4069682.5343342815
346254.44748711085,4069682.5679160734
346254.4850600848,4069682.6014978653
346254.5226330587,4069682.635079657
346254.56020603265,4069682.668661449
346254.5977790066,4069682.7022432406
346254.6353519805,4069682.7358250325
346254.67292495444,4069682.7694068244
346254.7104979284,4069682.802988616
346254.7480709023,4069682.8365704077
346254.7856438763,4069682.8701521996
346254.8232168502,4069682.903733991
346254.86078982416,4069682.937315783
346254.8983627981,4069682.970897575
346254.935935772,4069683.004479367
346254.97350874596,4069683.0380611587
346255.0110817199,4069683.07164295
346255.0486546938,4069683.105224742
346255.08622766775,4069683.138806534
346255.1238006417,4069683.1723883254
346255.1613736156,4069683.2059701174
346255.1989465896,4069683.2395519093
346255.23651956354,4069683.273133701
346255.27409253747,4069683.306715493
346255.3116655114,4069683.3402972845
346255.34923848533,4069683.3738790764
346255.38681145926,4069683.4074608684
346255.4243844332,4069683.44104266
346255.4619574071,4069683.4746244517
346255.49953038106,4069683.5082062436
346255.537103355,4069683.541788035
346255.5746763289,4069683.575369827
346255.61224930285,4069683.608951619
346255.6498222768,4069683.642533411
346255.6873952508,4069683.6761152027
346255.7249682247,4069683.709696994
346255.76254119864,4069683.743278786
346255.80011417257,4069683.776860578
346255.8376871465,4069683.8104423694
346255.87526012043,4069683.8440241613
346255.91283309436,4069683.8776059533
346255.9504060683,4069683.9111877447
346255.9879790422,4069683.9447695366
346256.02555201616,4069683.9783513285
346256.0631249901,4069684.0119331204
346256.1006979641,4069684.0455149123
346256.138270938,4069684.079096704
346256.17584391194,4069684.1126784957
346256.2134168859,4069684.1462602876
346256.2509898598,4069684.179842079
346256.28856283374,4069684.213423871
346256.32613580767,4069684.247005663
346256.3637087816,4069684.280587455
346256.40128175553,4069684.3141692467
346256.43885472947,4069684.347751038
346256.4764277034,4069684.38133283
346256.5140006774,4069684.414914622
346256.5515736513,4069684.4484964134
346256.58914662525,4069684.4820782053
346256.6267195992,4069684.5156599972
346256.6642925731,4069684.5492417887
346256.70186554705,4069684.5828235806
346256.739438521,4069684.6164053725
346256.7770114949,4069684.6499871644
346256.81458446884,4069684.6835689563
346256.8521574428,4069684.717150748
346256.8897304167,4069684.7507325397
346256.9273033907,4069684.7843143316
346256.9648763646,4069684.817896123
346257.00244933856,4069684.851477915
346257.0400223125,4069684.885059707
346257.0775952864,4069684.918641499
346257.11516826035,4069684.9522232907
346257.1527412343,4069684.985805082
346257.1903142082,4069685.019386874
346257.22788718215,4069685.052968666
346257.2654601561,4069685.0865504574
346257.30303313,4069685.1201322493
346257.34060610394,4069685.153714041
346257.3781790779,4069685.1872958327
346257.41575205186,4069685.2208776246
346257.4533250258,4069685.2544594165
346257.4908979997,4069685.2880412084
346257.52847097366,4069685.3216230003
346257.5660439476,4069685.3552047918
346257.6036169215,4069685.3887865837
346257.64118989545,4069685.4223683756
346257.6787628694,4069685.455950167
346257.7163358433,4069685.489531959
346257.75390881725,4069685.523113751
346257.7914817912,4069685.5566955428
346257.82905476517,4069685.5902773347
346257.8666277391,4069685.623859126
346257.90420071303,4069685.657440918
346257.94177368697,4069685.69102271
346257.9793466609,4069685.7246045014
346258.0169196348,4069685.7581862933
346258.05449260876,4069685.791768085
346258.0920655827,4069685.8253498767
346258.1296385566,4069685.8589316686
346258.16721153056,4069685.8925134605
346258.2047845045,4069685.9260952524
346258.2423574785,4069685.9596770443
346258.2799304524,4069685.9932588357
346258.31750342634,4069686.0268406277
346258.3550764003,4069686.0604224196
346258.3926493742,4069686.094004211
346258.43022234814,4069686.127586003
346258.46779532207,4069686.161167795
