346277.17154608434,4069673.6224616203
346278.3042804288,4069672.442657192
346279.30435819103,4069671.403006136
346280.1880465823,4069670.486400471
346280.9696298839,4069669.677828545
346281.66165280924,4069668.964119281
346282.27513422846,4069668.33371778
346282.81975489744,4069667.776488459
346283.3040223891,4069667.283542374
346283.7354160376,4069666.847085776
346284.1204055986,4069666.460235563
346284.46467024,4069666.116953779
346284.7731952983,4069665.811944745
346285.0503572135,4069665.5405648365
346285.2999980912,4069665.2987433677
346285.5254911605,4069665.082913241
346285.72979824385,4069664.889950174
346285.91551973455,4069664.717092628
346286.08493938314,4069664.5619216026
346286.2400632056,4069664.422319422
346286.3826536597,4069664.296433657
346286.5142596723,4069664.182645566
346286.6362430286,4069664.0795425135
346286.74980157265,4069663.985893906
346286.8558720785,4069663.9005920687
346286.9552637469,4069663.8226715284
346287.04867199145,4069663.751292568
346287.1366902864,4069663.6857269197
346287.21982027777,4069663.625345356
346287.2984803298,4069663.5696069696
346287.3732174681,4069663.517943352
346287.4445118839,4069663.4698555158
346287.512785115,4069663.4249053937
346287.5784072276,4069663.3827083753
346287.64170312125,4069663.3429267546
346287.702958064,4069663.3052639775
346287.7624225523,4069663.269459586
346287.82031657925,4069663.2352847853
346287.8768333821,4069663.2025385415
346287.93214273476,4069663.1710441606
346287.98639383994,4069663.140646275
346288.03971787123,4069663.1112081995
346288.092230208,4069663.0826095985
346288.144032401,4069663.0547444397
346288.1952139024,4069663.027519186
346288.2458535899,4069663.0008512023
346288.2960211105,4069662.974667348
346288.3457780671,4069662.9489027294
346288.39517906774,4069662.9234995954
346288.4442726564,4069662.898406354
346288.49310213974,4069662.8735766914
346288.5417063248,4069662.848968787
346288.5901201805,4069662.824544596
346288.6383754331,4069662.8002692033
346288.6865011068,4069662.776110229
346288.73452401796,4069662.752037278
346288.78246923257,4069662.728021419
346288.83036049275,4069662.7040346945
346288.8782206213,4069662.680049643
346288.92607191077,4069662.656038831
346288.9739365029,4069662.631974388
346289.0218367662,4069662.6078275274
346289.0697956768,4069662.583568061
346289.1178372099,4069662.5591638796
346289.16598674824,4069662.5345804105
346289.21427151473,4069662.5097800265
346289.262721036,4069662.484721403
346289.3113676454,4069662.459358818
346289.36024703423,4069662.43364137
346289.40939885937,4069662.407512112
346289.4588674191,4069662.3809070815
346289.50870240777,4069662.35375421
346289.5588176043,4069662.326064152
346289.6091315614,4069662.2978384127
346289.65956621774,4069662.2690693685
346289.7100455683,4069662.2397401403
346289.7604943695,4069662.209824306
346289.81083685707,4069662.1792854485
346289.86099545535,4069662.148076538
346289.9108913883,4069662.1162464838
346289.9604414044,4069662.083833612
346290.0095563588,4069662.0508663207
346290.0581396944,4069662.0173635627
346290.1060857967,4069661.983335167
346290.1534214047,4069661.948873407
346290.20016285614,4069661.914063174
346290.24631636613,4069661.878983421
346290.2918781327,4069661.8437085105
346290.3368342724,4069661.80830948
346290.3811605837,4069661.772855252
346290.4248221342,4069661.7374138082
346290.46777266613,4069661.7020533504
346290.51009909343,4069661.6667639567
346290.55187769677,4069661.6315369164
346290.5931754237,4069661.5963645806
346290.63405102876,4069661.5612402335
346290.67455607496,4069661.5261579766
346290.7147358118,4069661.491112629
346290.75462994655,4069661.456099638
346290.7942733206,4069661.421115003
346290.83369650296,4069661.386155206
346290.8729263112,4069661.351217152
346290.91198626836,4069661.3162981174
346290.9508970036,4069661.2813957017
346290.9896766037,4069661.2465077885
346291.0283409214,4069661.2116325083
346291.06690384523,4069661.176768207
346291.1053775361,4069661.141913417
346291.14377263485,4069661.1070668316
346291.18209844315,4069661.0722272876
346291.22036308225,4069661.037393739
346291.258573631,4069661.002565242
346291.2967362468,4069660.9677409395
346291.3348562706,4069660.932920046
346291.3729383174,4069660.8981018346
346291.4109863553,4069660.863285623
346291.4490037728,4069660.8284707647
346291.48699343693,4069660.7936566337
346291.5249577417,4069660.758842619
346291.56289864914,4069660.72402811
346291.60081772256,4069660.689212488
346291.63871615333,4069660.654395115
346291.6765947811,4069660.619575324
346291.71445410815,4069660.5847524055
346291.7522943078,4069660.5499255992
346291.7901152276,4069660.515094077
346291.82791638654,4069660.480256931
346291.8656969671,4069660.4454131555
346291.90345580096,4069660.4105616347
346291.94119134935,4069660.3757011197
346291.9789016768,4069660.3408302073
346292.0165844181,4069660.3059473187
346292.054236738,4069660.2710506693
346292.0918552831,4069660.236138243
346292.1294361246,4069660.2012077533
346292.1669746911,4069660.1662566043
346292.2044656911,4069660.1312818495
346292.24190302275,4069660.0962801413
346292.2792796697,4069660.061247672
346292.3165875818,4069660.02618011
346292.3538175379,4069659.991072524
346292.3909589885,4069659.955919304
346292.42799987656,4069659.9207140594
346292.4649264314,4069659.8854495166
346292.5017229347,4069659.8501173886
346292.5383714523,4069659.814708239
346292.57485152886,4069659.779211318
346292.61118376226,4069659.7436373592
346292.64738623146,4069659.7079957826
346292.6834748048,4069659.672294857
346292.71946341003,4069659.63654184
346292.75536427187,4069659.600743102
346292.79118811997,4069659.564904233
346292.826944372,4069659.529030141
346292.8626412939,4069659.493125133
346292.89828614093,4069659.457192991
346292.9338852811,4069659.4212370315
346292.9694443038,4069659.385260167
346293.0049681146,4069659.3492649547
346293.04046101955,4069659.3132536383
346293.075926798,4069659.277228187
346293.111368767,4069659.2411903287
346293.14678983815,4069659.205141581
346293.18219256704,4069659.1690832754
346293.2175791967,4069659.1330165807
346293.2529516957,4069659.0969425226
346293.28831179213,4069659.060862002
346293.3236610027,4069659.0247758087
346293.35900065844,4069658.9886846365
346293.3943319279,4069658.9525890946
346293.42965583655,4069658.9164897176
346293.4649732845,4069658.880386974
346293.5002850619,4069658.8442812758
346293.5355918621,4069658.808172984
346293.5708942938,4069658.7720624157
346293.6061928912,4069658.7359498492
346293.64148812316,4069658.6998355286
346293.67678040115,4069658.66371967
346293.71207008656,4069658.6276024603
346293.7473574963,4069658.5914840647
346293.7826429088,4069658.5553646283
346293.81792656827,4069658.5192442783
346293.853208689,4069658.483123126
346293.8884894593,4069658.44700127
346293.9237690442,4069658.4108787966
346293.9590475887,4069658.3747557816
346293.99432522,4069658.3386322903
346294.02960204973,4069658.3025083807
346294.06487817597,4069658.2663841047
346294.10015368473,4069658.2302595074
346294.1354286516,4069658.1941346275
346294.1707031428,4069658.1580095
346294.2059772166,4069658.1218841546
346294.24125092395,4069658.0857586185
346294.2765243097,4069658.0496329153
346294.31179741316,4069658.0135070644
346294.34707026876,4069657.9773810846
346294.3823429068,4069657.9412549916
346294.41761535394,4069657.905128799
346294.4528876336,4069657.869002519
346294.4881597661,4069657.8328761626
346294.5234317694,4069657.7967497385
346294.5587036594,4069657.7606232553
346294.5939754499,4069657.72449672
346294.6292471531,4069657.6883701384
346294.6645187796,4069657.652243517
346294.6997903388,4069657.6161168604
346294.7350618389,4069657.5799901728
346294.7703332869,4069657.543863458
346294.80560468923,4069657.5077367197
346294.8408760513,4069657.47160996
346294.8761473779,4069657.4354831814
346294.9114186734,4069657.399356387
346294.94668994145,4069657.363229579
346294.9819611853,4069657.327102758
346295.01723240776,4069657.290975926
346295.0525036114,4069657.2548490833
346295.0877747982,4069657.2187222317
346295.1230459702,4069657.182595372
346295.15831712884,4069657.146468506
346295.1935882754,4069657.110341634
346295.2288594112,4069657.0742147565
346295.2641305371,4069657.038087873
346295.299401654,4069657.001960983
346295.33467276243,4069656.965834088
346295.36994386296,4069656.929707188
346295.405214956,4069656.8935802835
346295.4404860416,4069656.8574533737
346295.47575711994,4069656.821326459
346295.511028191,4069656.7851995393
346295.54629925475,4069656.749072615
346295.5815703108,4069656.712945685
346295.61684135883,4069656.676818749
346295.65211239824,4069656.640691807
346295.68738342845,4069656.604564858
346295.72265444853,4069656.5684379023
346295.7579254575,4069656.5323109385
346295.7931964542,4069656.4961839654
346295.8284674372,4069656.460056982
346295.8637384047,4069656.423929987
346295.89900935494,4069656.387802979
346295.93428028567,4069656.3516759556
346295.9695511944,4069656.3155489163
346296.0048220782,4069656.279421858
346296.04009293375,4069656.243294778
346296.0753637571,4069656.2071676734
346296.1106345439,4069656.1710405415
346296.1459052891,4069656.1349133775
346296.1811759871,4069656.098786177
346296.21644663153,4069656.062658936
346296.2517172148,4069656.026531648
346296.2869877285,4069655.9904043055
346296.32225816295,4069655.954276903
346296.3575285072,4069655.918149431
346296.3927987487,4069655.8820218793
346296.4280688731,4069655.845894237
346296.46333886415,4069655.8097664933
346296.49860870326,4069655.7736386326
346296.5338783694,4069655.7375106383
346296.5691478383,4069655.701382493
346296.6044170827,4069655.665254175
346296.6396860712,4069655.6291256608
346296.6749547682,4069655.5929969214
346296.71022313304,4069655.5568679264
346296.7454911194,4069655.520738641
346296.78075867455,4069655.484609023
346296.81602573855,4069655.4484790275
346296.8512922429,4069655.412348602
346296.88655810966,4069655.3762176866
346296.9218232501,4069655.340086213
346296.9570875628,4069655.303954103
346296.9923509326,4069655.2678212677
346297.02761322825,4069655.2316876072
346297.0628742998,4069655.195553006
346297.098133977,4069655.1594173335
346297.13339206524,4069655.1232804395
346297.1686483434,4069655.0871421536
346297.20390255935,4069655.051002282
346297.2391544257,4069655.0148606044
346297.274403615,4069654.978716869
346297.3096497544,4069654.9425707883
346297.34489241894,4069654.9064220367
346297.38013112446,4069654.870270241
346297.4153653194,4069654.8341149776
346297.45059437543,4069654.797955763
346297.4858175766,4069654.7617920474
346297.5210341071,4069654.725623203
346297.5562430375,4069654.689448516
346297.591443309,4069654.653267172
346297.62663371523,4069654.617078244
346297.6618128819,4069654.580880675
346297.6969792429,4069654.5446732608
346297.73213101417,4069654.50845463
346297.7672661631,4069654.4722232204
346297.8023823738,4069654.4359772503
346297.83747700765,4069654.399714692
346297.8725470587,4069654.363433235
346297.90758910193,4069654.3271302455
346297.9425992353,4069654.2908027233
346297.97757301305,4069654.254447251
346298.01250536996,4069654.2180599347
346298.04739053524,4069654.181636337
346298.0822219341,4069654.1451714034
346298.11699207564,4069654.108659375
346298.1516924254,4069654.0720936903
346298.1863132599,4069654.035466874
346298.2208435008,4069653.998770409
346298.25527052645,4069653.961994591
346298.28960695857,4069653.9251491255
346298.3238638754,4069653.888242528
346298.3580510005,4069653.851282274
346298.3921768683,4069653.8142749253
346298.42624896957,4069653.7772262404
346298.46027387923,4069653.7401412744
346298.49425736803,4069653.703024464
346298.52820450126,4069653.6658797036
346298.56211972464,4069653.628710411
346298.59600694024,4069653.591519586
346298.629869573,4069653.5543098617
346298.663710629,4069653.517083549
346298.6975327468,4069653.4798426763
346298.7313382423,4069653.4425890245
346298.7651291481,4069653.4053241564
346298.7989072482,4069653.3680494437
346298.8326741087,4069653.3307660897
346298.86643110396,4069653.2934751515
346298.9001794404,4069653.2561775562
346298.9339201769,4069653.2188741188
346298.96765424265,4069653.181565553
346299.0013824535,4069653.1442524856
346299.0351055254,4069653.1069354676
346299.06882408675,4069653.0696149818
346299.10253868916,4069653.0322914524
346299.13624981674,4069652.9949652515
346299.16995789437,4069652.957636705
346299.2036632951,4069652.920306101
346299.2373663462,4069652.8829736914
346299.27106733504,4069652.8456396963
346299.3047665138,4069652.8083043094
346299.3384641039,4069652.770967701
346299.37216029945,4069652.73363002
346299.40585527115,4069652.6962913983
346299.4395491685,4069652.658951951
346299.473242123,4069652.621611779
346299.5069342498,4069652.5842709704
346299.5406256501,4069652.5469296034
346299.57431641297,4069652.5095877466
346299.6080066163,4069652.47224546
346299.64169632853,4069652.4349027956
346299.67538560956,4069652.3975597993
346299.70907451224,4069652.3602165123
346299.7427630827,4069652.32287297
346299.7764513617,4069652.2855292023
346299.81013938494,4069652.2481852383
346299.84382718365,4069652.210841102
346299.87751478545,4069652.173496815
346299.91120221425,4069652.136152394
346299.9448894912,4069652.098807857
346299.9785766348,4069652.0614632177
346300.0122636614,4069652.024118489
346300.04595058534,4069651.986773681
346300.0796374192,4069651.9494288038
346300.113324174,4069651.9120838656
346300.14701085945,4069651.874738874
346300.18069748394,4069651.837393835
346300.2143840549,4069651.800048755
346300.24807057896,4069651.762703638
346300.28175706195,4069651.7253584894
346300.3154435088,4069651.6880133133
346300.3491299239,4069651.6506681126
346300.38281631115,4069651.6133228904
346300.41650267394,4069651.575977649
346300.45018901525,4069651.5386323915
346300.48387533776,4069651.50128712
346300.51756164373,4069651.463941836
346300.5512479353,4069651.42659654
346300.5849342141,4069651.3892512345
346300.6186204818,4069651.3519059205
346300.6523067397,4069651.3145605987
346300.6859929891,4069651.2772152713
346300.719679231,4069651.239869938
346300.75336546625,4069651.202524599
346300.7870516957,4069651.1651792554
346300.8207379201,4069651.1278339075
346300.85442414007,4069651.0904885563
346300.888110356,4069651.053143202
346300.92179656855,4069651.015797844
346300.9554827781,4069650.978452484
346300.9891689849,4069650.941107122
346301.02285518934,4069650.903761758
346301.0565413918,4069650.8664163924
346301.09022759256,4069650.8290710254
346301.12391379173,4069650.7917256574
346301.15759998944,4069650.754380288
346301.19128618593,4069650.717034918
346301.2249723814,4069650.679689546
346301.2586585758,4069650.642344174
346301.2923447695,4069650.6049988014
346301.3260309625,4069650.5676534288
346301.3597171548,4069650.5303080557
346301.39340334653,4069650.492962682
346301.4270895377,4069650.4556173086
346301.4607757285,4069650.4182719346
346301.4944619189,4069650.38092656
346301.52814810886,4069650.3435811857
346301.56183429866,4069650.3062358107
346301.5955204882,4069650.268890436
346301.6292066775,4069650.231545061
346301.6628928666,4069650.1941996855
346301.6965790555,4069650.15685431
346301.7302652443,4069650.1195089347
346301.76395143295,4069650.0821635593
346301.79763762146,4069650.044818184
346301.8313238098,4069650.0074728085
346301.8650099981,4069649.970127433
346301.8986961863,4069649.9327820577
346301.93238237454,4069649.8954366823
346301.9660685627,4069649.858091307
346301.9997547508,4069649.8207459315
346302.0334409389,4069649.783400556
346302.06712712697,4069649.7460551807
346302.10081331496,4069649.7087098053
346302.13449950295,4069649.67136443
346302.1681856909,4069649.6340190545
346302.20187187876,4069649.596673679
346302.23555806663,4069649.5593283037
346302.26924425445,4069649.5219829283
346302.3029304423,4069649.484637553
346302.3366166302,4069649.4472921775
346302.370302818,4069649.409946802
346302.4039890059,4069649.3726014267
346302.43767519377,4069649.3352560513
346302.47136138164,4069649.297910676
346302.5050475695,4069649.2605653005
346302.53873375733,4069649.223219925
346302.5724199452,4069649.1858745497
346302.6061061331,4069649.1485291743
346302.6397923209,4069649.111183799
346302.6734785088,4069649.0738384235
346302.70716469665,4069649.036493048
346302.74085088447,4069648.9991476727
346302.77453707234,4069648.9618022973
346302.8082232602,4069648.924456922
346302.84190944803,4069648.8871115465
346302.8755956359,4069648.849766171
346302.9092818238,4069648.8124207957
346302.9429680116,4069648.7750754203
346302.9766541995,4069648.737730045
346303.01034038735,4069648.7003846695
346303.04402657517,4069648.663039294
346303.07771276304,4069648.6256939187
346303.1113989509,4069648.5883485433
346303.14508513873,4069648.551003168
346303.1787713266,4069648.5136577925
346303.2124575145,4069648.476312417
346303.2461437023,4069648.4389670417
346303.2798298902,4069648.4016216663
346303.31351607805,4069648.364276291
346303.34720226587,4069648.326930915
346303.38088845374,4069648.2895855396
346303.4145746416,4069648.252240164
346303.44826082943,4069648.214894789
346303.4819470173,4069648.1775494134
346303.5156332052,4069648.140204038
346303.549319393,4069648.1028586626
346303.5830055809,4069648.065513287
346303.61669176875,4069648.028167912
346303.65037795657,4069647.9908225364
346303.68406414444,4069647.953477161
346303.7177503323,4069647.9161317856
346303.75143652014,4069647.87878641
346303.785122708,4069647.841441035
346303.8188088959,4069647.8040956594
346303.8524950837,4069647.766750284
346303.8861812716,4069647.7294049086
346303.91986745945,4069647.692059533
346303.95355364727,4069647.654714158
346303.98723983514,4069647.6173687824
346304.020926023,4069647.580023407
346304.05461221084,4069647.5426780316
346304.0882983987,4069647.505332656
346304.1219845866,4069647.467987281
346304.1556707744,4069647.4306419054
346304.1893569623,4069647.39329653
346304.22304315015,4069647.3559511546
346304.25672933797,4069647.318605779
346304.29041552584,4069647.281260404
346304.3241017137,4069647.2439150284
346304.35778790154,4069647.206569653
346304.3914740894,4069647.1692242776
346304.4251602773,4069647.131878902
346304.4588464651,4069647.094533527
346304.492532653,4069647.0571881514
346304.52621884085,4069647.019842776
346304.55990502867,4069646.9824974006
346304.59359121654,4069646.945152025
346304.6272774044,4069646.90780665
346304.66096359224,4069646.8704612744
346304.6946497801,4069646.833115899
346304.728335968,4069646.7957705236
346304.7620221558,4069646.758425148
346304.7957083437,4069646.721079773
346304.82939453155,4069646.6837343974
346304.86308071937,4069646.646389022
346304.89676690724,4069646.6090436466
346304.9304530951,4069646.571698271
