346268.188540912,4069686.199148632,-0.8223876367210566,0.00000000
346268.2225645895,4069686.1625099997,-0.8223876353124311,0.00000000
346268.2565882672,4069686.1258713678,-0.822387635106932,0.00000000
346268.2906119449,4069686.089232736,-0.822387635096657,0.00000000
346268.3246356227,4069686.052594104,-0.8223876350961433,0.00000000
346268.3586593004,4069686.015955472,-0.8223876350961177,0.00000000
346268.3926829781,4069685.97931684,-0.8223876362346064,0.00000000
346268.4267066558,4069685.942678208,-0.8223876361564632,0.00000000
346268.4607303336,4069685.906039576,-0.8223876362876237,0.00000000
346268.4947540113,4069685.869400944,-0.8223876362941818,0.00000000
346268.52877768903,4069685.832762312,-0.8223876362945096,0.00000000
346268.56280136673,4069685.79612368,-0.822387636294526,0.00000000
346268.5968250444,4069685.759485048,-0.8223876351560367,0.00000000
346268.6308487222,4069685.722846416,-0.8223876352341801,0.00000000
346268.6648723999,4069685.686207784,-0.8223876351030195,0.00000000
346268.6988960776,4069685.649569152,-0.8223876350964614,0.00000000
346268.73291975533,4069685.61293052,-0.8223876350961336,0.00000000
346268.76694343303,4069685.576291888,-0.8223876350961171,0.00000000
346268.8009671108,4069685.539653256,-0.8223876362346064,0.00000000
346268.8349907885,4069685.503014624,-0.8223876361564632,0.00000000
346268.86901446624,4069685.466375992,-0.8223876362876237,0.00000000
346268.90303814394,4069685.42973736,-0.8223876362941818,0.00000000
346268.9370618217,4069685.3930987283,-0.8223876362945096,0.00000000
346268.9710854994,4069685.3564600963,-0.822387636294526,0.00000000
346269.0051091771,4069685.319821464,-0.8223876351560367,0.00000000
346269.03913285484,4069685.283182832,-0.8223876352341801,0.00000000
346269.07315653254,4069685.2465442,-0.8223876351030195,0.00000000
346269.10718021024,4069685.209905568,-0.8223876350964614,0.00000000
346269.141203888,4069685.173266936,-0.8223876350961336,0.00000000
346269.1752275657,4069685.136628304,-0.8223876360995395,0.00000000
346269.20925124345,4069685.099989672,-0.8223876362847775,0.00000000
346269.24327492114,4069685.0633510402,-0.8223876361589717,0.00000000
346269.2772985989,4069685.0267124083,-0.8223876362877491,0.00000000
346269.3113222766,4069684.9900737763,-0.822387636294188,0.00000000
346269.34534595435,4069684.9534351444,-0.82238763629451,0.00000000
346269.37936963205,4069684.916796512,-0.8223876352911038,0.00000000
346269.41339330975,4069684.88015788,-0.8223876351058657,0.00000000
346269.4474169875,4069684.843519248,-0.8223876352316716,0.00000000
346269.4814406652,4069684.806880616,-0.822387635102894,0.00000000
346269.5154643429,4069684.770241984,-0.8223876350964552,0.00000000
346269.54948802065,4069684.733603352,-0.8223876360995556,0.00000000
346269.58351169835,4069684.6969647203,-0.8223876361497106,0.00000000
346269.6175353761,4069684.6603260883,-0.8223876368275572,0.00000000
346269.6515590538,4069684.6236874564,-0.822387638270075,0.00000000
346269.68558273156,4069684.5870488244,-0.8223876384772687,0.00000000
346269.71960640926,4069684.5504101925,-0.8223876384876284,0.00000000
346269.753630087,4069684.51377156,-0.8223876374847242,0.00000000
346269.7876537647,4069684.477132928,-0.822387637434579,0.00000000
346269.8216774422,4069684.440494296,-0.8223876367567328,0.00000000
346269.8557011197,4069684.4038556637,-0.822387635314215,0.00000000
346269.8897247974,4069684.367217032,-0.8223876351070212,0.00000000
346269.9237484751,4069684.3305784,-0.8223876350966615,0.00000000
346269.95777215285,4069684.293939768,-0.8223876360995659,0.00000000
346269.99179583055,4069684.257301136,-0.8223876361497111,0.00000000
346270.0258195083,4069684.220662504,-0.8223876362872861,0.00000000
346270.059843186,4069684.184023872,-0.8223876361590972,0.00000000
346270.09386686375,4069684.14738524,-0.8223876362877554,0.00000000
346270.12789054145,4069684.110746608,-0.8223876362941883,0.00000000
346270.1619142192,4069684.0741079757,-0.8223876352910877,0.00000000
346270.1959378969,4069684.0374693437,-0.8223876352409327,0.00000000
346270.2299615746,4069684.000830712,-0.8223876351033571,0.00000000
346270.26398525236,4069683.96419208,-0.8223876352315461,0.00000000
346270.29800893005,4069683.927553448,-0.8223876351028878,0.00000000
346270.33203260775,4069683.890914816,-0.8223876360998772,0.00000000
346270.3660562855,4069683.854276184,-0.8223876361497267,0.00000000
346270.4000799632,4069683.817637552,-0.8223876361522191,0.00000000
346270.43410364096,4069683.78099892,-0.8223876362874115,0.00000000
346270.46812731866,4069683.744360288,-0.8223876361591034,0.00000000
346270.5021509964,4069683.707721656,-0.8223876362877557,0.00000001
346270.5361746741,4069683.671083024,-0.8223876352907661,0.00000001
346270.57019835187,4069683.634444392,-0.8223876352409166,0.00000001
346270.60422202956,4069683.59780576,-0.8223876352384242,0.00000001
346270.63824570726,4069683.561167128,-0.8223876351032317,0.00000000
346270.672269385,4069683.524528496,-0.8223876352315399,0.00000001
346270.7062930627,4069683.487889864,-0.8223876351028875,0.00000000
346270.7403167404,4069683.451251232,-0.8223876360998772,0.00000000
346270.77434041817,4069683.4146126,-0.8223876361497267,0.00000001
346270.80836409586,4069683.377973968,-0.8223876361522191,0.00000000
346270.8423877736,4069683.341335336,-0.8223876361523438,0.00000001
346270.8764114513,4069683.3046967043,-0.82238763615235,0.00000000
346270.9104351291,4069683.2680580723,-0.8223876361523503,0.00000001
346270.94445880677,4069683.23141944,-0.822387635148928,0.00000001
346270.9784824845,4069683.194780808,-0.8223876352338247,0.00000001
346271.0125061622,4069683.158142176,-0.8223876365116274,0.00000001
346271.04652984,4069683.121503544,-0.8223876372508564,0.00000000
346271.0805535177,4069683.084864912,-0.8223876374228856,0.00000001
346271.11457719543,4069683.04822628,-0.822387637431487,0.00000000
346271.14860087313,4069683.011587648,-0.8223876383002715,0.00000000
346271.1826245508,4069682.9749490162,-0.8223876383437108,0.00000001
346271.2166482284,4069682.938310384,-0.822387637072325,0.00000000
346271.2506719059,4069682.901671752,-0.8223876363334168,0.00000000
346271.2846955835,4069682.86503312,-0.8223876361614036,0.00000000
346271.31871926127,4069682.828394488,-0.822387636152803,0.00000001
346271.352742939,4069682.7917558555,-0.8223876352840185,0.00000000
346271.3867666167,4069682.7551172236,-0.8223876352405792,0.00000001
346271.4207902944,4069682.7184785916,-0.8223876351033395,0.00000000
346271.4548139722,4069682.6818399597,-0.8223876352315452,0.00000000
346271.4888376499,4069682.6452013277,-0.8223876351028877,0.00000001
346271.5228613276,4069682.608562696,-0.8223876362349449,0.00000000
346271.5568850053,4069682.571924064,-0.82238763615648,0.00000000
346271.590908683,4069682.535285432,-0.8223876361525568,0.00000001
346271.6249323608,4069682.4986468,-0.8223876362874284,0.00000001
346271.6589560385,4069682.462008168,-0.8223876361591043,0.00000001
346271.69297971623,4069682.425369536,-0.8223876362877558,0.00000001
346271.7270033939,4069682.3887309036,-0.8223876351556982,0.00000001
346271.7610270717,4069682.3520922717,-0.8223876352341633,0.00000000
346271.7950507494,4069682.3154536397,-0.8223876352380864,0.00000001
346271.8290744271,4069682.278815008,-0.8223876351032148,0.00000000
346271.86309810483,4069682.242176376,-0.822387635231539,0.00000000
346271.89712178253,4069682.205537744,-0.8223876361063097,0.00000000
346271.9311454603,4069682.168899112,-0.822387636285116,0.00000000
346271.965169138,4069682.13226048,-0.8223876361589886,0.00000000
346271.9991928157,4069682.095621848,-0.8223876361526822,0.00000001
346272.03321649344,4069682.058983216,-0.8223876362874346,0.00000001
346272.06724017113,4069682.022344584,-0.8223876361591045,0.00000001
346272.1012638489,4069681.9857059517,-0.8223876352843336,0.00000000
346272.1352875266,4069681.9490673197,-0.8223876351055271,0.00000001
346272.16931120434,4069681.912428688,-0.8223876352316547,0.00000000
346272.20333488204,4069681.875790056,-0.822387635237961,0.00000001
346272.23735855974,4069681.839151424,-0.8223876351032084,0.00000000
346272.2713822375,4069681.802512792,-0.8223876352315387,0.00000000
346272.3054059152,4069681.76587416,-0.8223876361063097,0.00000001
346272.33942959295,4069681.729235528,-0.822387636285116,0.00000000
346272.37345327064,4069681.692596896,-0.8223876365641919,0.00000000
346272.40747694834,4069681.655958264,-0.822387638121839,0.00000001
346272.4415006261,4069681.619319632,-0.822387638469857,0.00000001
346272.4755243038,4069681.582681,-0.82238763835219,0.00000001
346272.50954798155,4069681.546042368,-0.8223876374779522,0.00000000
346272.54357165925,4069681.509403736,-0.8223876372991726,0.00000001
346272.5775953368,4069681.472765104,-0.8223876370200981,0.00000000
346272.6116190143,4069681.4361264715,-0.822387635462451,0.00000001
346272.64564269193,4069681.3994878395,-0.822387635114433,0.00000000
346272.6796663697,4069681.3628492076,-0.8223876352320999,0.00000000
346272.7136900474,4069681.3262105756,-0.8223876361063378,0.00000000
346272.74771372514,4069681.2895719437,-0.8223876362851175,0.00000000
346272.78173740284,4069681.2529333117,-0.8223876361589887,0.00000000
346272.81576108054,4069681.21629468,-0.8223876361526823,0.00000000
346272.8497847583,4069681.179656048,-0.8223876361523669,0.00000001
346272.883808436,4069681.143017416,-0.8223876361523511,0.00000000
346272.91783211374,4069681.1063787835,-0.8223876352839958,0.00000000
346272.95185579144,4069681.0697401515,-0.8223876351055103,0.00000001
346272.9858794692,4069681.0331015196,-0.8223876352316538,0.00000000
346273.0199031469,4069680.9964628876,-0.822387635237961,0.00000000
346273.05392682465,4069680.9598242557,-0.8223876352382764,0.00000000
346273.08795050235,4069680.9231856237,-0.8223876362417144,0.00000001
346273.12197418005,4069680.8865469918,-0.8223876361568185,0.00000000
346273.1559978578,4069680.84990836,-0.8223876362876414,0.00000001
346273.1900215355,4069680.813269728,-0.8223876361591149,0.00000000
346273.2240452132,4069680.776631096,-0.8223876361526885,0.00000000
346273.25806889095,4069680.739992464,-0.8223876361523672,0.00000001
346273.29209256865,4069680.7033538315,-0.8223876351489288,0.00000000
346273.3261162464,4069680.6667151996,-0.8223876352338247,0.00000000
346273.3601399241,4069680.6300765676,-0.8223876351030017,0.00000001
346273.39416360186,4069680.5934379357,-0.8223876352315284,0.00000001
346273.42818727955,4069680.5567993037,-0.8223876352379547,0.00000000
346273.4622109573,4069680.520160672,-0.8223876362416983,0.00000000
346273.496234635,4069680.48352204,-0.8223876362918855,0.00000001
346273.5302583127,4069680.446883408,-0.8223876361593271,0.00000000
346273.56428199046,4069680.410244776,-0.8223876362877669,0.00000001
346273.59830566816,4069680.373606144,-0.8223876361591211,0.00000000
346273.63232934586,4069680.336967512,-0.8223876361526888,0.00000000
346273.6663530236,4069680.3003288796,-0.8223876351489449,0.00000001
346273.7003767013,4069680.2636902477,-0.8223876350987577,0.00000001
346273.73440037906,4069680.2270516157,-0.8223876366399417,0.00000001
346273.76842405676,4069680.1904129838,-0.8223876371222043,0.00000000
346273.8024477345,4069680.153774352,-0.8223876374164529,0.00000001
346273.8364714122,4069680.11713572,-0.8223876374311654,0.00000000
346273.87049508997,4069680.080497088,-0.8223876384353233,0.00000000
346273.90451876767,4069680.043858456,-0.8223876384855311,0.00000001
346273.9385424452,4069680.0072198235,-0.8223876369443482,0.00000000
346273.9725661227,4069679.9705811916,-0.8223876364620858,0.00000000
346274.00658980035,4069679.9339425596,-0.822387636167837,0.00000000
346274.04061347805,4069679.8973039277,-0.8223876361531246,0.00000000
346274.0746371558,4069679.8606652953,-0.8223876351489667,0.00000001
346274.1086608335,4069679.8240266633,-0.8223876350987588,0.00000001
346274.14268451126,4069679.7873880314,-0.8223876352313162,0.00000001
346274.17670818896,4069679.7507493994,-0.8223876351028763,0.00000000
346274.2107318667,4069679.7141107675,-0.8223876352315221,0.00000001
346274.2447555444,4069679.6774721355,-0.8223876362413767,0.00000000
346274.27877922216,4069679.6408335036,-0.8223876362918694,0.00000000
346274.31280289986,4069679.6041948716,-0.822387636294394,0.00000001
346274.34682657756,4069679.5675562397,-0.8223876361594525,0.00000000
346274.3808502553,4069679.5309176077,-0.8223876362877731,0.00000001
346274.414873933,4069679.4942789758,-0.8223876361591215,0.00000000
346274.4488976107,4069679.4576403433,-0.8223876351492665,0.00000001
346274.48292128847,4069679.4210017114,-0.8223876350987738,0.00000001
346274.51694496616,4069679.3843630794,-0.8223876350962491,0.00000001
346274.5509686439,4069679.3477244475,-0.8223876350961229,0.00000001
346274.5849923216,4069679.3110858155,-0.8223876350961166,0.00000000
346274.6190159994,4069679.2744471836,-0.8223876350961162,0.00000000
346274.65303967707,4069679.2378085516,-0.8223876360995386,0.00000001
346274.6870633548,4069679.2011699197,-0.8223876362847775,0.00000000
346274.7210870325,4069679.1645312877,-0.8223876361589717,0.00000001
346274.7551107103,4069679.127892656,-0.8223876362877491,0.00000000
346274.789134388,4069679.091254024,-0.8223876361591202,0.00000001
346274.82315806573,4069679.054615392,-0.8223876362877566,0.00000001
346274.8571817434,4069679.0179767595,-0.8223876351556982,0.00000000
346274.8912054211,4069678.9813381275,-0.8223876350990954,0.00000001
346274.9252290989,4069678.9446994956,-0.8223876352313331,0.00000000
346274.9592527766,4069678.9080608636,-0.8223876351028772,0.00000001
346274.99327645433,4069678.8714222317,-0.8223876352315221,0.00000000
346275.02730013203,4069678.8347835997,-0.8223876361063089,0.00000001
346275.0613238098,4069678.7981449678,-0.822387636285116,0.00000000
346275.0953474875,4069678.761506336,-0.8223876362940563,0.00000001
346275.1293711652,4069678.724867704,-0.822387636564639,0.00000001
346275.16339484294,4069678.688229072,-0.8223876381218613,0.00000001
346275.19741852063,4069678.65159044,-0.8223876383347902,0.00000001
346275.2314421984,4069678.6149518075,-0.8223876374770822,0.00000000
346275.2654658761,4069678.5783131756,-0.8223876372991291,0.00000000
346275.2994895538,4069678.5416745436,-0.8223876372902315,0.00000001
346275.33351323137,4069678.5050359117,-0.822387637019651,0.00000000
346275.3675369089,4069678.4683972793,-0.8223876354624285,0.00000000
346275.4015605865,4069678.4317586473,-0.8223876352494998,0.00000000
346275.4355842642,4069678.3951200154,-0.8223876361072078,0.00000001
346275.469607942,4069678.3584813834,-0.8223876362851609,0.00000000
346275.5036316197,4069678.3218427515,-0.8223876362940585,0.00000001
346275.5376552974,4069678.2852041195,-0.8223876361594358,0.00000001
346275.57167897513,4069678.2485654876,-0.8223876362877723,0.00000001
346275.6057026528,4069678.2119268556,-0.8223876361591214,0.00000001
346275.6397263306,4069678.175288223,-0.8223876352843343,0.00000000
346275.6737500083,4069678.1386495912,-0.8223876351055271,0.00000000
346275.707773686,4069678.1020109593,-0.8223876350965869,0.00000001
346275.74179736373,4069678.0653723273,-0.8223876352312076,0.00000000
346275.77582104143,4069678.0287336954,-0.8223876351028708,0.00000001
346275.8098447192,4069677.9920950634,-0.822387636234944,0.00000000
346275.8438683969,4069677.9554564315,-0.82238763615648,0.00000001
346275.87789207464,4069677.9188177995,-0.8223876362876246,0.00000000
346275.91191575234,4069677.8821791676,-0.8223876362941818,0.00000001
346275.94593943004,4069677.8455405356,-0.8223876361594419,0.00000001
346275.9799631078,4069677.8089019037,-0.8223876362877727,0.00000001
346276.0139867855,4069677.7722632713,-0.8223876351556991,0.00000000
346276.04801046324,4069677.7356246393,-0.8223876352341633,0.00000000
346276.08203414094,4069677.6989860074,-0.8223876351030186,0.00000000
346276.11605781864,4069677.6623473754,-0.8223876350964614,0.00000000
346276.1500814964,4069677.6257087435,-0.8223876352312014,0.00000000
346276.1841051741,4069677.5890701115,-0.8223876351028705,0.00000000
346276.21812885185,4069677.5524314796,-0.822387636234944,0.00000000
346276.25215252955,4069677.5157928476,-0.82238763615648,0.00000001
346276.2861762073,4069677.4791542157,-0.8223876362876246,0.00000000
346276.320199885,4069677.4425155837,-0.8223876362941818,0.00000001
346276.3542235627,4069677.4058769518,-0.8223876361594419,0.00000000
346276.38824724045,4069677.36923832,-0.8223876362877727,0.00000001
346276.42227091815,4069677.3325996874,-0.8223876355609024,0.00000001
346276.4562945959,4069677.2959610554,-0.8223876370682522,0.00000000
346276.4903182736,4069677.2593224235,-0.8223876372786876,0.00000000
346276.5243419513,4069677.2226837915,-0.8223876372892094,0.00000000
346276.55836562905,4069677.1860451596,-0.8223876374248033,0.00000000
346276.59238930675,4069677.1494065276,-0.8223876372965152,0.00000000
346276.62641298433,4069677.1127678957,-0.8223876380233874,0.00000000
346276.66043666186,4069677.0761292633,-0.8223876365160377,0.00000000
346276.6944603395,4069677.0394906313,-0.8223876363056024,0.00000000
346276.7284840172,4069677.0028519994,-0.8223876362950806,0.00000000
346276.7625076949,4069676.9662133674,-0.8223876361594868,0.00000000
346276.79653137265,4069676.9295747355,-0.8223876362877749,0.00000001
346276.83055505034,4069676.892936103,-0.8223876351556992,0.00000001
346276.8645787281,4069676.856297471,-0.8223876352341633,0.00000001
346276.8986024058,4069676.819658839,-0.8223876351030186,0.00000000
346276.9326260835,4069676.783020207,-0.8223876350964614,0.00000000
346276.96664976125,4069676.7463815752,-0.8223876352312014,0.00000001
346277.00067343895,4069676.7097429433,-0.8223876361062928,0.00000000
346277.0346971167,4069676.6731043113,-0.8223876362851151,0.00000001
346277.0687207944,4069676.6364656794,-0.8223876361589886,0.00000000
346277.10274447215,4069676.5998270474,-0.8223876362877499,0.00000001
346277.13676814985,4069676.5631884155,-0.822387636294188,0.00000000
346277.17079182755,4069676.5265497835,-0.8223876361594422,0.00000000
346277.2048155053,4069676.489911151,-0.8223876352843504,0.00000001
346277.238839183,4069676.453272519,-0.8223876351055279,0.00000001
346277.27286286076,4069676.416633887,-0.8223876352316547,0.00000001
346277.30688653846,4069676.3799952553,-0.8223876351028931,0.00000001
346277.34091021615,4069676.3433566233,-0.8223876350964551,0.00000000
346277.3749338939,4069676.3067179914,-0.8223876362346233,0.00000000
346277.4089575716,4069676.2700793594,-0.8223876361564639,0.00000000
346277.44298124936,4069676.2334407275,-0.8223876362876237,0.00000001
346277.47700492706,4069676.1968020955,-0.822387636159114,0.00000000
346277.5110286048,4069676.1601634636,-0.8223876362877562,0.00000001
346277.5450522825,4069676.1235248316,-0.8223876362941883,0.00000000
346277.5790759602,4069676.086886199,-0.8223876351560199,0.00000001
346277.61309963797,4069676.0502475672,-0.8223876352341792,0.00000001
346277.64712331566,4069676.0136089353,-0.8223876351030194,0.00000001
346277.6811469934,4069675.9769703033,-0.8223876352315292,0.00000001
346277.7151706711,4069675.9403316714,-0.8223876351028869,0.00000000
346277.7491943488,4069675.9036930394,-0.8223876360998772,0.00000000
346277.78321802657,4069675.8670544075,-0.8223876362847944,0.00000001
346277.81724170427,4069675.8304157755,-0.8223876361589725,0.00000000
346277.851265382,4069675.7937771436,-0.8223876365578847,0.00000001
346277.8852890597,4069675.7571385116,-0.8223876379864559,0.00000000
346277.9193127375,4069675.7204998797,-0.8223876384630877,0.00000001
346277.9533364152,4069675.6838612473,-0.8223876373484293,0.00000001
346277.98736009287,4069675.6472226153,-0.8223876372926965,0.00000001
346278.0213837706,4069675.6105839834,-0.8223876372899098,0.00000001
346278.0554074482,4069675.5739453514,-0.8223876370196349,0.00000000
346278.0894311257,4069675.537306719,-0.8223876355974955,0.00000000
346278.1234548033,4069675.500668087,-0.8223876351211852,0.00000000
346278.15747848107,4069675.464029455,-0.8223876362358598,0.00000000
346278.19150215876,4069675.427390823,-0.8223876361565258,0.00000001
346278.2255258365,4069675.390752191,-0.8223876362876268,0.00000000
346278.2595495142,4069675.3541135592,-0.8223876361591141,0.00000001
346278.2935731919,4069675.3174749273,-0.8223876361526885,0.00000000
346278.32759686967,4069675.2808362953,-0.8223876361523672,0.00000001
346278.36162054737,4069675.244197663,-0.8223876351489288,0.00000001
346278.3956442251,4069675.207559031,-0.8223876352338247,0.00000000
346278.4296679028,4069675.170920399,-0.8223876351030017,0.00000001
346278.4636915806,4069675.134281767,-0.8223876352315284,0.00000000
346278.4977152583,4069675.097643135,-0.8223876351028869,0.00000001
346278.531738936,4069675.061004503,-0.8223876352315227,0.00000000
346278.5657626137,4069675.024365871,-0.8223876361063089,0.00000000
346278.5997862914,4069674.9877272393,-0.8223876361500483,0.00000001
346278.6338099692,4069674.9510886073,-0.8223876362873029,0.00000000
346278.6678336469,4069674.9144499754,-0.8223876361590979,0.00000001
346278.70185732463,4069674.8778113434,-0.8223876362877555,0.00000000
346278.7358810023,4069674.8411727115,-0.8223876361591206,0.00000000
346278.7699046801,4069674.804534079,-0.8223876352843343,0.00000000
346278.8039283578,4069674.767895447,-0.822387635240595,0.00000000
346278.8379520355,4069674.731256815,-0.8223876351033402,0.00000001
346278.87197571323,4069674.694618183,-0.8223876352315453,0.00000000
346278.90599939093,4069674.6579795512,-0.8223876351028877,0.00000001
346278.9400230687,4069674.6213409193,-0.8223876362349449,0.00000000
346278.9740467464,4069674.5847022873,-0.82238763615648,0.00000000
346279.0080704241,4069674.5480636554,-0.8223876361525568,0.00000001
346279.04209410184,4069674.5114250234,-0.8223876362874284,0.00000000
346279.07611777954,4069674.4747863915,-0.8223876361591043,0.00000001
346279.1101414573,4069674.4381477595,-0.8223876362877558,0.00000001
346279.144165135,4069674.401509127,-0.8223876354258338,0.00000001
346279.17818881274,4069674.364870495,-0.8223876370614989,0.00000000
346279.21221249044,4069674.328231863,-0.8223876374134177,0.00000000
346279.24623616814,4069674.2915932313,-0.8223876372959459,0.00000001
346279.2802598459,4069674.2549545993,-0.82238763742514,0.00000000
346279.3142835236,4069674.2183159674,-0.822387637296532,0.00000001
346279.34830720123,4069674.1816773354,-0.8223876371550337,0.00000000
346279.3823308787,4069674.145038703,-0.82238763647262,0.00000000
346279.4163545563,4069674.108400071,-0.8223876361683637,0.00000001
346279.45037823403,4069674.071761439,-0.8223876362882188,0.00000001
346279.48440191173,4069674.035122807,-0.8223876361591438,0.00000000
346279.5184255895,4069673.998484175,-0.8223876362877577,0.00000001
346279.5524492672,4069673.9618455432,-0.8223876361591207,0.00000001
346279.58647294494,4069673.925206911,-0.8223876352843343,0.00000000
346279.62049662264,4069673.888568279,-0.822387635240595,0.00000000
346279.65452030033,4069673.851929647,-0.8223876351033402,0.00000001
346279.6885439781,4069673.815291015,-0.8223876352315453,0.00000000
346279.7225676558,4069673.778652383,-0.8223876351028877,0.00000001
346279.75659133354,4069673.742013751,-0.8223876362349449,0.00000000
346279.79061501124,4069673.705375119,-0.82238763615648,0.00000000
346279.82463868894,4069673.668736487,-0.8223876361525568,0.00000000
346279.8586623667,4069673.632097855,-0.8223876362874284,0.00000001
346279.8926860444,4069673.5954592233,-0.8223876361591043,0.00000000
346279.92670972215,4069673.5588205913,-0.8223876362877558,0.00000001
346279.96073339984,4069673.522181959,-0.8223876351556982,0.00000001
346279.9947570776,4069673.485543327,-0.8223876352341633,0.00000001
346280.0287807553,4069673.448904695,-0.8223876352380864,0.00000000
346280.062804433,4069673.412266063,-0.8223876351032148,0.00000001
346280.09682811075,4069673.375627431,-0.822387635231539,0.00000000
346280.13085178845,4069673.338988799,-0.8223876361063097,0.00000000
346280.1648754662,4069673.302350167,-0.822387636285116,0.00000000
346280.1988991439,4069673.2657115352,-0.8223876361589886,0.00000001
346280.2329228216,4069673.2290729033,-0.8223876361526822,0.00000000
346280.26694649935,4069673.1924342713,-0.8223876362874346,0.00000001
346280.30097017705,4069673.1557956394,-0.8223876361591045,0.00000000
346280.3349938548,4069673.119157007,-0.8223876352843336,0.00000000
346280.3690175325,4069673.082518375,-0.8223876351055271,0.00000001
346280.40304121026,4069673.045879743,-0.8223876352316547,0.00000000
346280.43706488796,4069673.009241111,-0.822387635237961,0.00000000
346280.47108856565,4069672.972602479,-0.8223876351032084,0.00000000
346280.5051122434,4069672.935963847,-0.8223876362349609,0.00000001
346280.5391359211,4069672.8993252153,-0.8223876364266164,0.00000000
346280.57315959886,4069672.8626865833,-0.8223876369764702,0.00000001
346280.60718327656,4069672.8260479514,-0.8223876382775206,0.00000001
346280.64120695426,4069672.7894093194,-0.8223876383425731,0.00000000
346280.675230632,4069672.7527706875,-0.8223876384808937,0.00000001
346280.7092543097,4069672.716132055,-0.8223876373493197,0.00000001
346280.74327798735,4069672.679493423,-0.8223876371576732,0.00000000
346280.7773016649,4069672.642854791,-0.8223876366078198,0.00000000
346280.81132534245,4069672.6062161587,-0.8223876353067693,0.00000001
346280.84534902015,4069672.5695775268,-0.8223876352417168,0.00000000
346280.87937269785,4069672.532938895,-0.8223876351033963,0.00000000
346280.9133963756,4069672.496300263,-0.8223876362349704,0.00000001
346280.9474200533,4069672.459661631,-0.8223876361564814,0.00000000
346280.98144373106,4069672.423022999,-0.8223876362876246,0.00000001
346281.01546740875,4069672.386384367,-0.822387636159114,0.00000001
346281.04949108645,4069672.349745735,-0.8223876361526885,0.00000000
346281.0835147642,4069672.313107103,-0.8223876362874349,0.00000001
346281.1175384419,4069672.2764684707,-0.8223876351556823,0.00000001
346281.15156211966,4069672.2398298387,-0.8223876352341624,0.00000001
346281.18558579736,4069672.203191207,-0.8223876351030186,0.00000000
346281.2196094751,4069672.166552575,-0.8223876352315292,0.00000001
346281.2536331528,4069672.129913943,-0.8223876352379548,0.00000000
346281.2876568305,4069672.093275311,-0.8223876361066306,0.00000000
346281.32168050826,4069672.056636679,-0.8223876361500644,0.00000001
346281.35570418596,4069672.019998047,-0.822387636152236,0.00000000
346281.3897278637,4069671.983359415,-0.8223876362874123,0.00000000
346281.4237515414,4069671.946720783,-0.8223876361591034,0.00000001
346281.4577752191,4069671.910082151,-0.822387636152688,0.00000000
346281.49179889687,4069671.8734435188,-0.8223876352840127,0.00000001
346281.5258225746,4069671.836804887,-0.8223876352405789,0.00000000
346281.5598462523,4069671.800166255,-0.8223876352384072,0.00000001
346281.59386993,4069671.763527623,-0.8223876351032308,0.00000001
346281.6278936078,4069671.726888991,-0.8223876352315398,0.00000001
346281.66191728547,4069671.690250359,-0.8223876351028875,0.00000000
346281.69594096317,4069671.653611727,-0.8223876360998772,0.00000000
346281.7299646409,4069671.616973095,-0.8223876361497267,0.00000001
346281.7639883186,4069671.580334463,-0.8223876361522191,0.00000000
346281.7980119964,4069671.543695831,-0.8223876362874115,0.00000001
346281.8320356741,4069671.5070571993,-0.8223876362941711,0.00000000
346281.8660593518,4069671.4704185673,-0.8223876379732702,0.00000001
346281.9000830295,4069671.433779935,-0.8223876373239385,0.00000001
346281.9341067073,4069671.397141303,-0.8223876374265396,0.00000000
346281.968130385,4069671.360502671,-0.822387637296602,0.00000001
346282.0021540627,4069671.323864039,-0.8223876372901051,0.00000000
346282.0361777404,4069671.287225407,-0.8223876372897803,0.00000001
346282.07020141784,4069671.2505867747,-0.8223876356110028,0.00000000
346282.1042250954,4069671.2139481427,-0.8223876362603507,0.00000000
346282.1382487731,4069671.1773095108,-0.8223876361577503,0.00000001
346282.1722724509,4069671.140670879,-0.8223876362876881,0.00000000
346282.20629612857,4069671.104032247,-0.8223876361591171,0.00000001
346282.24031980627,4069671.067393615,-0.8223876361526886,0.00000000
346282.274343484,4069671.030754983,-0.8223876361523672,0.00000001
346282.3083671617,4069670.9941163505,-0.8223876351489288,0.00000001
346282.3423908395,4069670.9574777186,-0.8223876352338247,0.00000000
346282.3764145172,4069670.9208390866,-0.8223876351030017,0.00000001
346282.41043819493,4069670.8842004547,-0.8223876352315284,0.00000000
346282.4444618726,4069670.8475618227,-0.8223876352379547,0.00000001
346282.4784855504,4069670.810923191,-0.8223876352382761,0.00000000
346282.5125092281,4069670.774284559,-0.8223876362417143,0.00000000
346282.5465329058,4069670.737645927,-0.8223876361568185,0.00000001
346282.58055658353,4069670.701007295,-0.8223876362876414,0.00000000
346282.61458026123,4069670.664368663,-0.8223876361591149,0.00000001
346282.6486039389,4069670.627730031,-0.8223876361526885,0.00000000
346282.6826276167,4069670.591091399,-0.8223876361523672,0.00000001
346282.7166512944,4069670.5544527667,-0.8223876351489288,0.00000001
346282.75067497214,4069670.5178141347,-0.8223876352338247,0.00000001
346282.78469864983,4069670.4811755028,-0.8223876351030017,0.00000000
346282.8187223276,4069670.444536871,-0.8223876352315284,0.00000000
346282.8527460053,4069670.407898239,-0.8223876352379547,0.00000001
346282.88676968304,4069670.371259607,-0.8223876362416983,0.00000000
346282.92079336074,4069670.334620975,-0.8223876362918855,0.00000000
346282.95481703844,4069670.297982343,-0.8223876361593271,0.00000001
346282.9888407162,4069670.261343711,-0.8223876362877669,0.00000000
346283.0228643939,4069670.224705079,-0.8223876361591211,0.00000001
346283.0568880716,4069670.188066447,-0.8223876361526888,0.00000000
346283.09091174934,4069670.1514278147,-0.8223876351489449,0.00000000
346283.12493542704,4069670.114789183,-0.8223876350987577,0.00000001
346283.1589591048,4069670.078150551,-0.8223876352313162,0.00000000
346283.1929827825,4069670.041511919,-0.8223876351028763,0.00000000
346283.22700646025,4069670.004873287,-0.8223876352315221,0.00000000
346283.26103013795,4069669.968234655,-0.8223876362413767,0.00000001
346283.2950538157,4069669.931596023,-0.8223876369672083,0.00000000
346283.3290774934,4069669.894957391,-0.8223876384121254,0.00000000
346283.3631011711,4069669.858318759,-0.8223876383493034,0.00000001
346283.39712484885,4069669.821680127,-0.8223876384812301,0.00000001
346283.43114852655,4069669.785041495,-0.8223876383527586,0.00000001
346283.46517220425,4069669.748402863,-0.822387637342913,0.00000001
346283.4991958817,4069669.711764231,-0.8223876366170818,0.00000000
346283.53321955923,4069669.6751255984,-0.8223876351721645,0.00000000
346283.567243237,4069669.6384869665,-0.8223876352349865,0.00000001
346283.6012669147,4069669.6018483345,-0.8223876351030598,0.00000000
346283.63529059244,4069669.5652097026,-0.8223876352315312,0.00000000
346283.66931427014,4069669.5285710706,-0.8223876361063094,0.00000001
346283.7033379479,4069669.4919324387,-0.822387636285116,0.00000000
346283.7373616256,4069669.4552938067,-0.8223876362940563,0.00000000
346283.7713853033,4069669.418655175,-0.8223876361594356,0.00000000
346283.80540898105,4069669.382016543,-0.8223876362877723,0.00000001
346283.83943265874,4069669.345377911,-0.8223876361591214,0.00000000
346283.8734563365,4069669.3087392785,-0.8223876352843343,0.00000000
346283.9074800142,4069669.2721006465,-0.8223876351055271,0.00000001
346283.9415036919,4069669.2354620146,-0.8223876350965869,0.00000000
346283.97552736965,4069669.1988233826,-0.8223876352312076,0.00000001
346284.00955104735,4069669.1621847507,-0.8223876351028708,0.00000000
346284.0435747251,4069669.1255461187,-0.822387636234944,0.00000000
346284.0775984028,4069669.0889074868,-0.82238763615648,0.00000000
346284.11162208056,4069669.052268855,-0.8223876362876246,0.00000000
346284.14564575825,4069669.015630223,-0.8223876362941818,0.00000000
346284.17966943595,4069668.978991591,-0.8223876361594419,0.00000000
346284.2136931137,4069668.942352959,-0.8223876362877727,0.00000000
346284.2477167914,4069668.9057143265,-0.8223876351556991,0.00000000
346284.28174046916,4069668.8690756946,-0.8223876352341633,0.00000000
346284.31576414686,4069668.8324370626,-0.8223876351030186,0.00000001
346284.34978782455,4069668.7957984307,-0.8223876350964614,0.00000000
346284.3838115023,4069668.7591597987,-0.8223876352312014,0.00000000
346284.41783518,4069668.722521167,-0.8223876351028705,0.00000000
346284.45185885776,4069668.685882535,-0.822387636234944,0.00000000
346284.48588253546,4069668.649243903,-0.82238763615648,0.00000000
346284.5199062132,4069668.612605271,-0.8223876362876246,0.00000000
346284.5539298909,4069668.575966639,-0.8223876362941818,0.00000001
346284.5879535686,4069668.539328007,-0.8223876368347808,0.00000000
346284.62197724637,4069668.502689375,-0.8223876382704361,0.00000000
346284.65600092406,4069668.4660507427,-0.8223876373387968,0.00000000
346284.6900246018,4069668.4294121107,-0.8223876374272826,0.00000000
346284.7240482795,4069668.3927734788,-0.8223876372966391,0.00000001
346284.7580719572,4069668.356134847,-0.822387637290107,0.00000000
346284.7920956347,4069668.319496215,-0.8223876367495092,0.00000000
346284.82611931226,4069668.2828575824,-0.8223876353138537,0.00000000
346284.86014298996,4069668.2462189505,-0.8223876362454932,0.00000001
346284.89416666765,4069668.2095803185,-0.8223876361570075,0.00000001
346284.9281903454,4069668.1729416866,-0.8223876362876509,0.00000000
346284.9622140231,4069668.1363030546,-0.8223876361591154,0.00000002
346284.9962377008,4069668.0996644227,-0.8223876361526885,0.00000002
346285.03026137856,4069668.0630257907,-0.8223876361523672,0.00000002
346285.06428505626,4069668.0263871583,-0.8223876351489288,0.00000003
346285.098308734,4069667.9897485264,-0.8223876352338247,0.00000003
346285.1323324117,4069667.9531098944,-0.8223876351030017,0.00000005
346285.16635608947,4069667.9164712625,-0.8223876352315284,0.00000006
346285.20037976716,4069667.8798326305,-0.8223876362413769,0.00000007
346285.2344034449,4069667.8431939986,-0.8223876362918694,0.00000009
346285.2684271226,4069667.8065553666,-0.822387636294394,0.00000011
346285.3024508003,4069667.7699167347,-0.8223876361594525,0.00000014
346285.33647447807,4069667.7332781027,-0.8223876362877731,0.00000017
346285.37049815577,4069667.6966394708,-0.8223876361591215,0.00000021
346285.40452183346,4069667.6600008383,-0.8223876351492665,0.00000026
346285.4385455112,4069667.6233622064,-0.8223876350987738,0.00000032
346285.4725691889,4069667.5867235744,-0.8223876350962491,0.00000039
346285.5065928667,4069667.5500849425,-0.8223876352311907,0.00000047
346285.5406165444,4069667.5134463105,-0.8223876351028699,0.00000056
346285.5746402221,4069667.4768076786,-0.822387635096454,0.00000068
346285.6086638998,4069667.4401690466,-0.8223876360995555,0.00000081
346285.6426875776,4069667.4035304147,-0.8223876362847783,0.00000097
346285.6767112553,4069667.3668917827,-0.8223876361589717,0.00000116
346285.710734933,4069667.330253151,-0.8223876361526814,0.00000138
346285.74475861073,4069667.293614519,-0.8223876362874346,0.00000164
346285.7787822885,4069667.256975887,-0.8223876362941722,0.00000195
346285.8128059662,4069667.2203372545,-0.8223876352910869,0.00000230
346285.8468296439,4069667.1836986225,-0.8223876351058648,0.00000271
346285.88085332164,4069667.1470599906,-0.8223876352316716,0.00000319
346285.91487699933,4069667.1104213586,-0.822387635102894,0.00000374
346285.94890067703,4069667.0737827267,-0.8223876349613874,0.00000439
346285.9829243548,4069667.0371440947,-0.8223876363629378,0.00000513
346286.0169480325,4069667.0005054628,-0.8223876367031507,0.00000598
346286.05097171024,4069666.963866831,-0.8223876365850936,0.00000697
346286.08499538794,4069666.927228199,-0.8223876361739875,0.00000810
346286.1190190657,4069666.890589567,-0.8223876358832964,0.00000940
346286.15304274345,4069666.853950935,-0.8223876344601365,0.00001090
346286.18706642103,4069666.8173123025,-0.8223876325751496,0.00001261
346286.2210900986,4069666.7806736706,-0.8223876316704936,0.00001458
346286.2551137764,4069666.7440350386,-0.8223876323005996,0.00001683
346286.2891374543,4069666.7073964067,-0.8223876330074438,0.00001940
346286.32316113217,4069666.6707577747,-0.8223876345864793,0.00002234
346286.3571848101,4069666.6341191432,-0.8223876368844634,0.00002570
346286.391208488,4069666.5974805113,-0.8223876386781236,0.00002954
346286.42523216596,4069666.5608418793,-0.8223876378994522,0.00003392
346286.4592558435,4069666.5242032474,-0.8223876371851798,0.00003891
346286.49327952106,4069666.4875646154,-0.8223876345252307,0.00004461
346286.5273031987,4069666.450925983,-0.8223876286806108,0.00005110
346286.5613268761,4069666.414287351,-0.8223876211910119,0.00005849
346286.59535055375,4069666.3776487187,-0.822387608447813,0.00006670
346286.6293742316,4069666.341010087,-0.8223875956349497,0.00007562
346286.66339790943,4069666.304371455,-0.8223875762386263,0.00008516
346286.6974215877,4069666.2677328237,-0.8223875548923166,0.00009525
346286.7314452665,4069666.2310941927,-0.822387528547292,0.00010583
346286.7654689457,4069666.194455562,-0.8223874983826218,0.00011682
346286.7994926261,4069666.1578169325,-0.8223874603664502,0.00012819
346286.83351630706,4069666.1211783034,-0.8223874134867776,0.00013989
346286.86753998906,4069666.0845396756,-0.8223873566124625,0.00015187
346286.90156367223,4069666.0479010483,-0.8223872875450348,0.00016411
346286.93558735674,4069666.011262423,-0.822387202527742,0.00017656
346286.96961104276,4069665.9746237984,-0.8223870951400237,0.00018921
346287.0036347315,4069665.9379851767,-0.8223869659871558,0.00020202
346287.0376584228,4069665.9013465573,-0.8223868082492884,0.00021499
346287.0716821175,4069665.864707941,-0.8223866156616205,0.00022808
346287.1057058158,4069665.8280693283,-0.8223863806555951,0.00024129
346287.13972951943,4069665.79143072,-0.8223860970060929,0.00025459
346287.17375322914,4069665.754792118,-0.8223857571273746,0.00026798
346287.2077769466,4069665.718153523,-0.8223853504325143,0.00028144
346287.2418006728,4069665.681514936,-0.8223848636761946,0.00029496
346287.2758244103,4069665.6448763595,-0.822384286316597,0.00030853
346287.3098481608,4069665.608237795,-0.8223835992060148,0.00032214
346287.3438719271,4069665.5715992455,-0.8223827889412288,0.00033579
346287.3778957123,4069665.5349607132,-0.8223818338773636,0.00034947
346287.4119195199,4069665.498322202,-0.8223807115522576,0.00036316
346287.4459433541,4069665.461683715,-0.8223793962983845,0.00037687
346287.4799672197,4069665.4250452574,-0.8223778577919227,0.00039058
346287.51399112237,4069665.3884068346,-0.8223760651869705,0.00040430
346287.5480150683,4069665.3517684517,-0.8223739783684545,0.00041800
346287.58203906514,4069665.315130116,-0.8223715571247882,0.00043169
346287.6160631213,4069665.2784918356,-0.8223687505687267,0.00044536
346287.6500872469,4069665.2418536195,-0.8223655074142981,0.00045900
346287.6841114531,4069665.2052154783,-0.8223617654534877,0.00047260
346287.7181357531,4069665.168577424,-0.8223574558924149,0.00048615
346287.75216016104,4069665.1319394703,-0.8223525005776643,0.00049964
346287.7861846941,4069665.0953016323,-0.8223468093485455,0.00051307
346287.8202093718,4069665.058663929,-0.8223402845747781,0.00052641
346287.85423421534,4069665.0220263796,-0.822332811638904,0.00053965
346287.8882592499,4069664.9853890077,-0.822324262242139,0.00055279
346287.9222845036,4069664.9487518393,-0.8223144911931097,0.00056579
346287.9563100084,4069664.9121149043,-0.8223033312109365,0.00057864
346287.9903358011,4069664.875478236,-0.8222905990523343,0.00059133
346288.02436192264,4069664.8388418737,-0.8222760824268971,0.00060381
346288.0583884199,4069664.80220586,-0.8222595393616745,0.00061607
346288.0924153463,4069664.765570245,-0.8222406964136111,0.00062807
346288.126442762,4069664.728935085,-0.8222192404375429,0.00063977
346288.160470736,4069664.692300443,-0.8221948218792292,0.00065113
346288.1944993453,4069664.6556663914,-0.8221670316877348,0.00066211
346288.22852867836,4069664.619033012,-0.8221354172013154,0.00067266
346288.2625588354,4069664.582400398,-0.8220994527405583,0.00068270
346288.2965899301,4069664.545768655,-0.8220585474995045,0.00069217
346288.330622092,4069664.5091379033,-0.8220120292281738,0.00070100
346288.3646554675,4069664.472508279,-0.8219591274782027,0.00070909
346288.39869022364,4069664.4358799383,-0.8218989730176502,0.00071635
346288.4327265494,4069664.3992530555,-0.8218336941998107,0.00072265
346288.46676466067,4069664.362627832,-0.821765736517391,0.00072787
346288.500804802,4069664.326004496,-0.8216975123840888,0.00073185
346288.5348472515,4069664.289383305,-0.8216314267716538,0.00073444
346288.56889232557,4069664.2527645538,-0.8215699197835681,0.00073543
346288.60294038366,4069664.216148577,-0.8215155041366635,0.00073462
346288.6369911117,4069664.1795350835,-0.8214676841965743,0.00073218
346288.67104418494,4069664.142923771,-0.8214256754205135,0.00072832
346288.7050993181,4069664.1063143746,-0.8213887739360218,0.00072321
346288.7391562611,4069664.0697066616,-0.8213563616172,0.00071700
346288.77321479365,4069664.033100428,-0.8213278950779956,0.00070982
346288.8072747228,4069663.9964954937,-0.8213028995596023,0.00070180
346288.8413358785,4069663.9598917,-0.8212809539614279,0.00069304
346288.87539811124,4069663.9232889097,-0.8212616941111814,0.00068362
346288.9094612903,4069663.8866869994,-0.8212447969600384,0.00067362
346288.94352529995,4069663.850085862,-0.8212299771392169,0.00066312
346288.97759003885,4069663.8134854035,-0.8212169880770216,0.00065218
346289.01165541733,4069663.77688554,-0.8212056068663564,0.00064086
346289.04572135705,4069663.7402861994,-0.8211956429694842,0.00062919
346289.0797877885,4069663.7036873163,-0.8211869248888526,0.00061722
346289.1138546509,4069663.667088834,-0.8211793035940448,0.00060499
346289.1479218909,4069663.6304907035,-0.8211726482551924,0.00059254
346289.181989461,4069663.5938928802,-0.8211668386378287,0.00057989
346289.21605731995,4069663.557295326,-0.8211617734493616,0.00056706
346289.2501254312,4069663.5206980067,-0.8211573627788198,0.00055408
346289.2841937627,4069663.484100892,-0.8211535272252884,0.00054097
346289.31826228596,4069663.447503956,-0.8211501937749801,0.00052775
346289.3523309763,4069663.4109071754,-0.8211472992697213,0.00051443
346289.3863998122,4069663.3743105307,-0.821144792739015,0.00050103
346289.42046877486,4069663.337714004,-0.8211426261897876,0.00048755
346289.4545378471,4069663.301117579,-0.8211407541920908,0.00047402
346289.4886070143,4069663.264521242,-0.8211391396454564,0.00046043
346289.5226762636,4069663.227924982,-0.8211377493594559,0.00044681
346289.5567455842,4069663.1913287886,-0.8211365548516212,0.00043315
346289.5908149661,4069663.154732652,-0.8211355315637523,0.00041947
346289.6248844007,4069663.1181365643,-0.8211346547432435,0.00040578
346289.65895388054,4069663.081540519,-0.8211339066007917,0.00039207
346289.6930233992,4069663.0449445094,-0.8211332661553972,0.00037836
346289.72709295125,4069663.008348531,-0.8211327215933841,0.00036466
346289.7611625318,4069662.97175258,-0.8211322600150284,0.00035096
346289.79523213656,4069662.9351566504,-0.8211318677454422,0.00033729
346289.82930176175,4069662.8985607405,-0.8211315360203666,0.00032364
346289.8633714046,4069662.8619648465,-0.8211312562747625,0.00031002
346289.8974410625,4069662.825368967,-0.8211310227584757,0.00029645
346289.9315107329,4069662.788773099,-0.821130825377842,0.00028292
346289.96558041417,4069662.752177241,-0.8211306617394372,0.00026946
346289.9996501041,4069662.715581391,-0.8211305256063209,0.00025606
346290.0337198015,4069662.678985548,-0.8211304113588368,0.00024275
346290.067789505,4069662.642389711,-0.8211303160178025,0.00022953
346290.10185921384,4069662.6057938784,-0.821130236015189,0.00021643
346290.1359289271,4069662.5691980505,-0.8211301710980949,0.00020345
346290.1699986439,4069662.5326022254,-0.8211301163507958,0.00019062
346290.20406836347,4069662.496006403,-0.8211300689038055,0.00017796
346290.2381380856,4069662.4594105836,-0.8211300310279402,0.00016548
346290.27220780996,4069662.4228147655,-0.8211299996874899,0.00015323
346290.3062775361,4069662.386218949,-0.82112997425144,0.00014122
346290.3403472635,4069662.3496231344,-0.8211299526041801,0.00012950
346290.3744169921,4069662.3130273204,-0.8211299331700086,0.00011810
346290.40848672186,4069662.276431508,-0.8211299198892621,0.00010707
346290.44255645236,4069662.239835696,-0.8211299068557758,0.00009646
346290.4766261834,4069662.203239884,-0.821129896653673,0.00008632
346290.510695915,4069662.166644073,-0.8211298882120583,0.00007672
346290.5447656473,4069662.1300482624,-0.8211298819425279,0.00006774
346290.57883538,4069662.0934524527,-0.8211298787355321,0.00005946
346290.61290511285,4069662.0568566425,-0.8211298750816122,0.00005198
346290.6469748461,4069662.020260833,-0.8211298740894567,0.00004540
346290.6810445795,4069661.9836650235,-0.8211298726303388,0.00003963
346290.7151143128,4069661.947069214,-0.821129872287563,0.00003457
346290.74918404635,4069661.910473405,-0.8211298736799345,0.00003014
346290.7832537798,4069661.8738775956,-0.8211298742891927,0.00002626
346290.8173235133,4069661.8372817864,-0.8211298757291658,0.00002286
346290.8513932469,4069661.800685977,-0.821129876475714,0.00001988
346290.8854629805,4069661.764090168,-0.8211298780574617,0.00001728
346290.91953271395,4069661.7274943586,-0.8211298780016393,0.00001500
346290.9536024473,4069661.690898549,-0.8211298764544278,0.00001301
346290.9876721805,4069661.6543027395,-0.8211298758374276,0.00001127
346291.02174191386,4069661.61770693,-0.8211298746668871,0.00000976
346291.05581164715,4069661.5811111205,-0.8211298742036304,0.00000843
346291.0898813805,4069661.544515311,-0.8211298740455576,0.00000728
346291.123951114,4069661.5079195015,-0.821129874172564,0.00000628
346291.1580208476,4069661.4713236922,-0.8211298741789143,0.00000541
346291.19209058105,4069661.434727883,-0.8211298724999018,0.00000465
346291.22616031446,4069661.3981320737,-0.8211298720112213,0.00000399
346291.2602300479,4069661.3615362644,-0.8211298719867873,0.00000343
346291.2942997813,4069661.3249404547,-0.8211298718506558,0.00000293
346291.3283695148,4069661.2883446454,-0.8211298719787591,0.00000251
346291.36243924836,4069661.251748836,-0.8211298719851642,0.00000214
346291.3965089821,4069661.2151530273,-0.8211298721203943,0.00000182
346291.4305787157,4069661.178557218,-0.8211298721271558,0.00000155
346291.46464844915,4069661.141961409,-0.821129871992584,0.00000132
346291.4987181826,4069661.105365599,-0.8211298721207654,0.00000112
346291.532787916,4069661.0687697898,-0.8211298719922645,0.00000094
346291.5668576496,4069661.0321739805,-0.8211298722556593,0.00000080
346291.6009273833,4069660.9955781717,-0.8211298735434294,0.00000067
346291.63499711687,4069660.9589823624,-0.821129873337998,0.00000057
346291.6690668504,4069660.922386553,-0.821129872188036,0.00000047
346291.7031365838,4069660.8857907434,-0.821129871995628,0.00000040
346291.73720631725,4069660.849194934,-0.8211298719860076,0.00000033
346291.7712760507,4069660.812599125,-0.8211298719855267,0.00000028
346291.8053457843,4069660.7760033156,-0.8211298719855026,0.00000023
346291.839415518,4069660.7394075063,-0.8211298719855014,0.00000019
346291.87348525156,4069660.7028116975,-0.821129872990282,0.00000016
346291.907554985,4069660.6662158878,-0.8211298720357404,0.00000013
346291.9416247185,4069660.6296200785,-0.8211298719880132,0.00000011
346291.97569445195,4069660.593024269,-0.8211298721205368,0.00000009
346292.0097641855,4069660.55642846,-0.8211298722620728,0.00000007
346292.0438339192,4069660.5198326507,-0.8211298726738794,0.00000006
346292.0779036528,4069660.4832368414,-0.8211298724246501,0.00000005
346292.11197338626,4069660.446641032,-0.8211298720074588,0.00000004
346292.1460431197,4069660.410045223,-0.821129872121509,0.00000003
346292.1801128531,4069660.3734494136,-0.8211298719923017,0.00000002
346292.21418258664,4069660.3368536043,-0.8211298721207512,0.00000002
346292.24825232016,4069660.300257795,-0.8211298721271737,0.00000002
346292.28232205386,4069660.2636619858,-0.8211298725322246,0.00000001
346292.3163917875,4069660.2270661765,-0.8211298724175673,0.00000001
346292.3504615209,4069660.190470367,-0.8211298720071046,0.00000000
346292.38453125436,4069660.153874558,-0.8211298719865815,0.00000000
346292.4186009878,4069660.1172787487,-0.8211298719855553,0.00000000
346292.45267072134,4069660.0806829394,-0.8211298721204139,0.00000000
346292.48674045486,4069660.04408713,-0.8211298732668473,0.00000000
346292.52081018855,4069660.007491321,-0.8211298735939888,0.00000000
346292.5548799221,4069659.9708955116,-0.8211298724706555,0.00000000
346292.5889496556,4069659.9342997023,-0.8211298720097591,0.00000000
346292.62301938905,4069659.897703893,-0.8211298719867142,0.00000000
346292.6570891225,4069659.8611080837,-0.8211298729903426,0.00000000
346292.691158856,4069659.824512274,-0.8211298720357434,0.00000000
346292.72522858955,4069659.7879164647,-0.8211298721229233,0.00000000
346292.7592983232,4069659.751320656,-0.8211298719923724,0.00000000
346292.7933680568,4069659.7147248466,-0.8211298719858449,0.00000000
346292.8274377903,4069659.6781290374,-0.8211298719855185,0.00000000
346292.86150752375,4069659.6415332276,-0.8211298719855021,0.00000000
346292.8955772572,4069659.6049374184,-0.8211298719855014,0.00000000
346292.9296469907,4069659.568341609,-0.8211298721204112,0.00000000
346292.9637167244,4069659.5317458003,-0.821129873536667,0.00000001
346292.99778645806,4069659.495149991,-0.8211298736074798,0.00000000
346293.0318561915,4069659.4585541817,-0.8211298730713809,0.00000001
346293.065925925,4069659.421958372,-0.8211298720397953,0.00000000
346293.09999565844,4069659.3853625627,-0.8211298719882161,0.00000000
346293.1340653919,4069659.3487667535,-0.821129871985637,0.00000000
346293.1681351254,4069659.312170944,-0.8211298722553279,0.00000000
346293.20220485906,4069659.275575135,-0.8211298725386323,0.00000000
346293.23627459275,4069659.2389793256,-0.8211298725527976,0.00000000
346293.2703443262,4069659.2023835164,-0.821129872148776,0.00000000
346293.3044140597,4069659.165787707,-0.821129871993665,0.00000000
346293.33848379314,4069659.129191898,-0.8211298719859095,0.00000000
346293.37255352654,4069659.0925960885,-0.8211298719855218,0.00000000
346293.40662326006,4069659.0560002793,-0.8211298721204122,0.00000000
346293.44069299375,4069659.01940447,-0.8211298725318865,0.00000001
346293.4747627274,4069658.9828086607,-0.8211298724175504,0.00000000
346293.5088324609,4069658.9462128514,-0.8211298721420136,0.00000000
346293.5429021944,4069658.909617042,-0.8211298721282368,0.00000000
346293.5769719278,4069658.873021233,-0.8211298719926381,0.00000000
346293.61104166124,4069658.8364254236,-0.8211298719858582,0.00000000
346293.64511139476,4069658.7998296143,-0.8211298729902997,0.00000000
346293.67918112845,4069658.763233805,-0.8211298720357413,0.00000000
346293.7132508621,4069658.726637996,-0.8211298719880133,0.00000000
346293.74732059555,4069658.6900421865,-0.8211298719856269,0.00000000
346293.781390329,4069658.6534463773,-0.8211298719855076,0.00000000
346293.81546006247,4069658.616850568,-0.8211298729902823,0.00000000
346293.849529796,4069658.5802547582,-0.8211298721706503,0.00000000
346293.8835995297,4069658.5436589494,-0.8211298736740889,0.00000001
346293.9176692633,4069658.50706314,-0.8211298724746605,0.00000000
346293.9517389968,4069658.470467331,-0.8211298720099592,0.00000000
346293.98580873024,4069658.4338715216,-0.8211298719867243,0.00000000
346294.0198784637,4069658.397275712,-0.8211298721204723,0.00000000
346294.05394819716,4069658.3606799026,-0.8211298721271597,0.00000001
346294.0880179306,4069658.3240840933,-0.8211298719925842,0.00000000
346294.1220876644,4069658.2874882845,-0.821129873125546,0.00000001
346294.156157398,4069658.2508924752,-0.8211298720425035,0.00000000
346294.1902271315,4069658.214296666,-0.8211298721232613,0.00000000
346294.2242968649,4069658.1777008562,-0.8211298719923893,0.00000000
346294.25836659834,4069658.141105047,-0.8211298719858457,0.00000000
346294.29243633186,4069658.1045092377,-0.8211298721204284,0.00000000
346294.32650606555,4069658.0679134284,-0.8211298725318874,0.00000001
346294.36057579925,4069658.0313176196,-0.8211298735572408,0.00000000
346294.39464553265,4069657.9947218103,-0.8211298730688689,0.00000000
346294.4287152661,4069657.9581260006,-0.8211298720396697,0.00000000
346294.4627849996,4069657.9215301913,-0.8211298719882097,0.00000000
346294.49685473304,4069657.884934382,-0.8211298719856368,0.00000000
346294.53092446656,4069657.848338573,-0.821129872120418,0.00000000
346294.56499420025,4069657.8117427635,-0.8211298725318869,0.00000001
346294.5990639339,4069657.775146954,-0.8211298725524603,0.00000000
346294.63313366735,4069657.738551145,-0.8211298720138492,0.00000000
346294.6672034008,4069657.7019553357,-0.8211298719869187,0.00000000
346294.70127313427,4069657.6653595264,-0.8211298719855722,0.00000000
346294.73534286773,4069657.628763717,-0.8211298719855049,0.00000000
346294.76941260125,4069657.592167908,-0.8211298721204113,0.00000000
346294.8034823349,4069657.5555720986,-0.8211298719922469,0.00000000
346294.8375520686,4069657.5189762893,-0.8211298721207485,0.00000000
346294.87162180204,4069657.48238048,-0.8211298719922637,0.00000000
346294.9056915355,4069657.4457846708,-0.8211298719858394,0.00000000
346294.93976126896,4069657.4091888615,-0.8211298719855182,0.00000000
346294.9738310024,4069657.372593052,-0.8211298719855021,0.00000000
346295.0079007361,4069657.335997243,-0.8211298735299215,0.00000001
346295.04197046976,4069657.2994014337,-0.821129872602362,0.00000000
346295.0760402033,4069657.2628056244,-0.8211298721512542,0.00000001
346295.11010993674,4069657.226209815,-0.821129871993789,0.00000000
346295.1441796702,4069657.189614006,-0.8211298719859157,0.00000000
346295.17824940366,4069657.1530181966,-0.821129871985522,0.00000000
346295.2123191371,4069657.116422387,-0.8211298721204122,0.00000000
346295.24638887076,4069657.079826578,-0.821129873536667,0.00000000
346295.28045860445,4069657.0432307688,-0.8211298736074798,0.00000000
346295.31452833797,4069657.0066349595,-0.8211298722015101,0.00000000
346295.34859807143,4069656.97003915,-0.8211298719963017,0.00000000
346295.3826678049,4069656.933443341,-0.821129872990822,0.00000000
346295.4167375383,4069656.896847531,-0.8211298720357674,0.00000000
346295.45080727176,4069656.860251722,-0.8211298719880147,0.00000000
346295.48487700545,4069656.8236559127,-0.8211298725252667,0.00000000
346295.51894673915,4069656.787060104,-0.8211298735569097,0.00000000
346295.55301647267,4069656.7504642946,-0.8211298732037622,0.00000000
346295.5870862061,4069656.713868485,-0.8211298721813243,0.00000000
346295.62115593953,4069656.6772726756,-0.8211298719952924,0.00000000
346295.655225673,4069656.6406768663,-0.8211298719859909,0.00000000
346295.68929540645,4069656.604081057,-0.8211298719855258,0.00000000
346295.72336514015,4069656.5674852477,-0.8211298721204124,0.00000000
346295.75743487384,4069656.5308894385,-0.8211298719922469,0.00000000
346295.7915046073,4069656.494293629,-0.8211298719858386,0.00000000
346295.82557434076,4069656.45769782,-0.8211298719855182,0.00000000
346295.8596440742,4069656.4211020106,-0.8211298719855021,0.00000000
346295.8937138077,4069656.3845062014,-0.8211298719855014,0.00000000
346295.9277835413,4069656.347910392,-0.8211298723902312,0.00000001
346295.9618532751,4069656.311314583,-0.8211298726802874,0.00000000
346295.99592300854,4069656.2747187736,-0.8211298721551505,0.00000000
346296.029992742,4069656.2381229643,-0.8211298719939838,0.00000000
346296.06406247546,4069656.201527155,-0.8211298721208353,0.00000000
346296.0981322089,4069656.1649313457,-0.8211298721271779,0.00000000
346296.1322019424,4069656.1283355365,-0.8211298719925851,0.00000000
346296.166271676,4069656.091739727,-0.8211298733953657,0.00000001
346296.2003414097,4069656.055143918,-0.8211298725956342,0.00000000
346296.23441114323,4069656.0185481086,-0.8211298721509178,0.00000000
346296.26848087664,4069655.9819522994,-0.8211298719937722,0.00000000
346296.3025506101,4069655.94535649,-0.8211298719859149,0.00000000
346296.3366203436,4069655.908760681,-0.8211298721204319,0.00000000
346296.3706900771,4069655.872164871,-0.8211298721271577,0.00000000
346296.4047598107,4069655.8355690623,-0.8211298734020943,0.00000000
346296.4388295444,4069655.798973253,-0.8211298737356612,0.00000000
346296.47289927787,4069655.7623774437,-0.8211298722079192,0.00000000
346296.50696901133,4069655.7257816344,-0.8211298719966222,0.00000000
346296.5410387448,4069655.689185825,-0.821129872990838,0.00000000
346296.57510847825,4069655.6525900154,-0.8211298720357681,0.00000000
346296.6091782118,4069655.615994206,-0.8211298721229245,0.00000001
346296.64324794535,4069655.579398397,-0.8211298719923725,0.00000000
346296.67731767904,4069655.542802588,-0.8211298719858449,0.00000000
346296.71138741256,4069655.506206779,-0.8211298719855185,0.00000000
346296.745457146,4069655.469610969,-0.8211298719855021,0.00000000
346296.7795268795,4069655.43301516,-0.8211298719855014,0.00000000
346296.81359661295,4069655.3964193505,-0.8211298719855014,0.00000000
346296.8476663466,4069655.3598235413,-0.8211298723902312,0.00000000
346296.8817360803,4069655.3232277324,-0.821129873685068,0.00000000
346296.9158058138,4069655.286631923,-0.82112987334508,0.00000001
346296.94987554726,4069655.2500361134,-0.8211298720534803,0.00000000
346296.9839452807,4069655.213440304,-0.8211298719889003,0.00000000
346297.0180150142,4069655.176844495,-0.8211298719856712,0.00000000
346297.05208474764,4069655.1402486856,-0.8211298719855098,0.00000000
346297.0861544812,4069655.1036528763,-0.8211298718505919,0.00000000
346297.1202242149,4069655.067057067,-0.8211298719787559,0.00000001
346297.1542939485,4069655.030461258,-0.8211298721200739,0.00000000
346297.18836368195,4069654.9938654485,-0.82112987199223,0.00000000
346297.2224334154,4069654.9572696392,-0.8211298719858378,0.00000000
346297.2565031489,4069654.92067383,-0.8211298719855181,0.00000000
346297.2905728825,4069654.8840780207,-0.8211298723902319,0.00000001
346297.32464261615,4069654.8474822114,-0.8211298725453775,0.00000000
346297.35871234967,4069654.810886402,-0.821129872148405,0.00000001
346297.3927820832,4069654.774290593,-0.8211298721285564,0.00000000
346297.42685181665,4069654.7376947836,-0.8211298719926541,0.00000000
346297.4609215501,4069654.7010989743,-0.821129871985859,0.00000000
346297.4949912836,4069654.664503165,-0.8211298721204291,0.00000000
346297.52906101715,4069654.627907356,-0.8211298734017579,0.00000000
346297.56313075084,4069654.5913115465,-0.8211298736007343,0.00000000
346297.59720048436,4069654.5547157372,-0.8211298722011728,0.00000000
346297.6312702179,4069654.518119928,-0.8211298721311948,0.00000000
346297.66533995135,4069654.4815241187,-0.8211298721276958,0.00000000
346297.69940968475,4069654.4449283094,-0.821129871992611,0.00000000
346297.7334794182,4069654.4083324997,-0.8211298719858569,0.00000000
346297.76754915185,4069654.3717366904,-0.8211298723902489,0.00000000
346297.80161888554,4069654.3351408816,-0.8211298736850688,0.00000001
346297.83568861906,4069654.2985450723,-0.8211298723402994,0.00000000
346297.8697583525,4069654.261949263,-0.8211298720032413,0.00000000
346297.903828086,4069654.225353454,-0.8211298729911689,0.00000000
346297.93789781944,4069654.188757644,-0.8211298720357847,0.00000000
346297.9719675529,4069654.1521618348,-0.8211298719880155,0.00000000
346298.0060372865,4069654.1155660255,-0.821129871985627,0.00000000
346298.0401070202,4069654.0789702167,-0.8211298719855076,0.00000000
346298.07417675375,4069654.0423744074,-0.8211298719855016,0.00000000
346298.1082464872,4069654.0057785977,-0.8211298719855014,0.00000000
346298.1423162207,4069653.9691827884,-0.8211298719855014,0.00000000
346298.17638595414,4069653.932586979,-0.8211298721204112,0.00000000
346298.2104556877,4069653.89599117,-0.8211298722620666,0.00000000
346298.2445254214,4069653.859395361,-0.8211298735437498,0.00000000
346298.278595155,4069653.8227995518,-0.821129873338014,0.00000000
346298.31266488845,4069653.786203742,-0.8211298720531269,0.00000000
346298.3467346219,4069653.7496079328,-0.8211298721237925,0.00000000
346298.3808043553,4069653.7130121235,-0.8211298719924158,0.00000000
346298.41487408883,4069653.676416314,-0.8211298721207569,0.00000000
346298.4489438224,4069653.639820505,-0.8211298723969939,0.00000000
346298.4830135561,4069653.6032246957,-0.8211298725457157,0.00000000
346298.5170832897,4069653.5666288864,-0.8211298724182419,0.00000000
346298.5511530231,4069653.530033077,-0.8211298720071384,0.00000000
346298.58522275655,4069653.493437268,-0.8211298719865832,0.00000000
346298.61929249,4069653.4568414586,-0.8211298719855554,0.00000000
346298.6533622235,4069653.4202456493,-0.821129871985504,0.00000000
346298.6874319571,4069653.38364984,-0.8211298733950116,0.00000000
346298.72150169074,4069653.3470540307,-0.8211298725956165,0.00000000
346298.7555714243,4069653.3104582215,-0.8211298722858268,0.00000000
346298.7896411578,4069653.273862412,-0.8211298720005176,0.00000000
346298.82371089124,4069653.237266603,-0.8211298719862521,0.00000000
346298.8577806247,4069653.2006707937,-0.8211298719855389,0.00000000
346298.89185035817,4069653.164074984,-0.8211298719855032,0.00000000
346298.92592009174,4069653.127479175,-0.8211298729902821,0.00000000
346298.95998982544,4069653.090883366,-0.8211298721706503,0.00000000
346298.994059559,4069653.0542875566,-0.8211298719947587,0.00000000
346299.0281292925,4069653.0176917473,-0.8211298719859642,0.00000000
346299.06219902594,4069652.981095938,-0.821129872990305,0.00000000
346299.0962687594,4069652.9445001283,-0.8211298720357415,0.00000000
346299.130338493,4069652.907904319,-0.8211298722578331,0.00000000
346299.1644082266,4069652.87130851,-0.8211298735435381,0.00000000
346299.19847796025,4069652.834712701,-0.8211298734729133,0.00000000
346299.2325476937,4069652.7981168916,-0.8211298721947817,0.00000000
346299.2666174272,4069652.761521082,-0.8211298719959653,0.00000000
346299.30068716063,4069652.7249252726,-0.8211298719860245,0.00000000
346299.3347568941,4069652.6883294634,-0.8211298719855274,0.00000000
346299.3688266276,4069652.651733654,-0.8211298719855027,0.00000000
346299.4028963613,4069652.615137845,-0.8211298719855014,0.00000000
346299.4369660949,4069652.578542036,-0.8211298719855014,0.00000000
346299.4710358284,4069652.5419462263,-0.8211298721204112,0.00000000
346299.50510556187,4069652.505350417,-0.8211298719922469,0.00000000
346299.53917529533,4069652.4687546077,-0.8211298719858386,0.00000000
346299.57324502885,4069652.4321587984,-0.821129872255338,0.00000000
346299.60731476254,4069652.395562989,-0.8211298726735426,0.00000000
346299.6413844961,4069652.3589671804,-0.8211298734294136,0.00000000
346299.6754542296,4069652.3223713706,-0.8211298720576969,0.00000000
346299.7095239631,4069652.2857755614,-0.821129872124021,0.00000000
346299.74359369656,4069652.249179752,-0.8211298721273371,0.00000000
346299.77766342997,4069652.212583943,-0.8211298719925931,0.00000000
346299.8117331635,4069652.1759881335,-0.8211298721207658,0.00000000
346299.8458028972,4069652.1393923243,-0.8211298725319042,0.00000000
346299.8798726308,4069652.102796515,-0.8211298724175513,0.00000000
346299.9139423643,4069652.0662007057,-0.8211298720071039,0.00000000
346299.94801209774,4069652.0296048964,-0.8211298730658607,0.00000000
346299.9820818312,4069651.993009087,-0.8211298731187985,0.00000000
346300.01615156466,4069651.956413278,-0.8211298723119859,0.00000000
346300.0502212982,4069651.9198174686,-0.821129869843267,0.00000000
346300.0842910319,4069651.8832216593,-0.8211298705292904,0.00000000
346300.1183607655,4069651.84662585,-0.8211298705292904,0.00000000
