346238.89996128,4069671.24549731
346238.89996128,4069671.24549731
346238.89996128,4069671.24549731
346238.89996128,4069671.24549731
346238.89996128,4069671.24549731
346238.89996128,4069671.24549731
346238.89892317,4069671.24570096
346238.89892317,4069671.24570096
346238.89892317,4069671.24570096
346238.89892317,4069671.24570096
346238.89892317,4069671.24570096
346238.89892317,4069671.24570096
346238.89892317,4069671.24570096
346238.89892317,4069671.24570096
346238.89892317,4069671.24570096
346238.89892317,4069671.24570096
346238.89892317,4069671.24570096
346238.89892317,4069671.24570096
346238.89866889,4069671.24811008
346238.89866889,4069671.24811008
346238.89866889,4069671.24811008
346238.89866889,4069671.24811008
346238.89866889,4069671.24811008
346238.89866889,4069671.24811008
346238.89866889,4069671.24811008
346238.89866889,4069671.24811008
346238.90025551,4069671.24530705
346238.90025551,4069671.24530705
346238.90025551,4069671.24530705
346238.90025551,4069671.24530705
346238.90025551,4069671.24530705
346238.90025551,4069671.24530705
346238.90025551,4069671.24530705
346238.90025551,4069671.24530705
346238.90025551,4069671.24530705
346238.90025551,4069671.24530705
346238.90025551,4069671.24530705
346238.90015665,4069671.24808331
346238.90015665,4069671.24808331
346238.90015665,4069671.24808331
346238.90015665,4069671.24808331
346238.90015665,4069671.24808331
346238.90015665,4069671.24808331
346238.90015665,4069671.24808331
346238.90015665,4069671.24808331
346238.90015665,4069671.24808331
346238.90000122,4069671.24771617
346238.90000122,4069671.24771617
346238.90000122,4069671.24771617
346238.90000122,4069671.24771617
346238.90000122,4069671.24771617
346238.90000122,4069671.24771617
346238.90000122,4069671.24771617
346238.90000122,4069671.24771617
346238.90000122,4069671.24771617
346238.90000122,4069671.24771617
346238.90000122,4069671.24771617
346238.90014001,4069671.24715878
346238.90014001,4069671.24715878
346238.90014001,4069671.24715878
346238.90014001,4069671.24715878
346238.90014001,4069671.24715878
346238.90014001,4069671.24715878
346238.90014001,4069671.24715878
346238.90014001,4069671.24715878
346238.90014001,4069671.24715878
346238.89957153,4069671.24864873
346238.89957153,4069671.24864873
346238.89957153,4069671.24864873
346238.89957153,4069671.24864873
346238.89957153,4069671.24864873
346238.89957153,4069671.24864873
346238.89957153,4069671.24864873
346238.89957153,4069671.24864873
346238.89957153,4069671.24864873
346238.89957153,4069671.24864873
346238.89986576,4069671.24845847
346238.89986576,4069671.24845847
346238.89986576,4069671.24845847
346238.89986576,4069671.24845847
346238.89986576,4069671.24845847
346238.89986576,4069671.24845847
346238.89986576,4069671.24845847
346238.89986576,4069671.24845847
346238.89986576,4069671.24845847
346238.89986576,4069671.24845847
346238.89880435,4069671.24736779
346238.89880435,4069671.24736779
346238.89880435,4069671.24736779
346238.89880435,4069671.24736779
346238.89880435,4069671.24736779
346238.89880435,4069671.24736779
346238.89880435,4069671.24736779
346238.89880435,4069671.24736779
346238.89880435,4069671.24736779
346238.89880435,4069671.24736779
346238.89943274,4069671.24920613
346238.89943274,4069671.24920613
346238.89943274,4069671.24920613
346238.89943274,4069671.24920613
346238.89943274,4069671.24920613
346238.89943274,4069671.24920613
346238.89943274,4069671.24920613
346238.89943274,4069671.24920613
346238.89943274,4069671.24920613
346238.89943274,4069671.24920613
346238.89953825,4069671.24679968
346238.89953825,4069671.24679968
346238.89953825,4069671.24679968
346238.89953825,4069671.24679968
346238.89953825,4069671.24679968
346238.89953825,4069671.24679968
346238.89953825,4069671.24679968
346238.89953825,4069671.24679968
346238.89953825,4069671.24679968
346238.89953825,4069671.24679968
346238.89912520,4069671.24865677
346238.89912520,4069671.24865677
346238.89912520,4069671.24865677
346238.89912520,4069671.24865677
346238.89912520,4069671.24865677
346238.89912520,4069671.24865677
346238.89912520,4069671.24865677
346238.89912520,4069671.24865677
346238.89912520,4069671.24865677
346238.89912520,4069671.24865677
346238.89842125,4069671.25088902
346238.89842125,4069671.25088902
346238.89842125,4069671.25088902
346238.89842125,4069671.25088902
346238.89842125,4069671.25088902
346238.89842125,4069671.25088902
346238.89842125,4069671.25088902
346238.89842125,4069671.25088902
346238.89842125,4069671.25088902
346238.89842125,4069671.25088902
346238.89842125,4069671.25088902
346238.89809375,4069671.24923023
346238.89809375,4069671.24923023
346238.89809375,4069671.24923023
346238.89809375,4069671.24923023
346238.89809375,4069671.24923023
346238.89809375,4069671.24923023
346238.89809375,4069671.24923023
346238.89809375,4069671.24923023
346238.89809375,4069671.24923023
346238.89780285,4069671.24960539
346238.89780285,4069671.24960539
346238.89780285,4069671.24960539
346238.89780285,4069671.24960539
346238.89780285,4069671.24960539
346238.89780285,4069671.24960539
346238.89780285,4069671.24960539
346238.89780285,4069671.24960539
346238.89780285,4069671.24960539
346238.89780285,4069671.24960539
346238.89796827,4069671.25052724
346238.89796827,4069671.25052724
346238.89796827,4069671.25052724
346238.89796827,4069671.25052724
346238.89796827,4069671.25052724
346238.89796827,4069671.25052724
346238.89796827,4069671.25052724
346238.89796827,4069671.25052724
346238.89796827,4069671.25052724
346238.89796827,4069671.25052724
346238.89836800,4069671.24793053
346238.89836800,4069671.24793053
346238.89836800,4069671.24793053
346238.89836800,4069671.24793053
346238.89836800,4069671.24793053
346238.89836800,4069671.24793053
346238.89836800,4069671.24793053
346238.89836800,4069671.24793053
346238.89836800,4069671.24793053
346238.89836800,4069671.24793053
346238.89883098,4069671.24884703
346238.89883098,4069671.24884703
346238.89883098,4069671.24884703
346238.89883098,4069671.24884703
346238.89883098,4069671.24884703
346238.89883098,4069671.24884703
346238.89883098,4069671.24884703
346238.89883098,4069671.24884703
346238.89883098,4069671.24884703
346238.89883098,4069671.24884703
346238.89807045,4069671.24793589
346238.89807045,4069671.24793589
346238.89807045,4069671.24793589
346238.89807045,4069671.24793589
346238.89807045,4069671.24793589
346238.89807045,4069671.24793589
346238.89807045,4069671.24793589
346238.89807045,4069671.24793589
346238.89807045,4069671.24793589
346238.89807045,4069671.24793589
346238.89733655,4069671.24850400
346238.89733655,4069671.24850400
346238.89733655,4069671.24850400
346238.89733655,4069671.24850400
346238.89733655,4069671.24850400
346238.89733655,4069671.24850400
346238.89733655,4069671.24850400
346238.89733655,4069671.24850400
346238.89733655,4069671.24850400
346238.89733655,4069671.24850400
346238.89792833,4069671.24830838
346238.89792833,4069671.24830838
346238.89792833,4069671.24830838
346238.89792833,4069671.24830838
346238.89792833,4069671.24830838
346238.89792833,4069671.24830838
346238.89792833,4069671.24830838
346238.89792833,4069671.24830838
346238.89792833,4069671.24830838
346238.89792833,4069671.24830838
346238.89877107,4069671.24551873
346238.89877107,4069671.24551873
346238.89877107,4069671.24551873
346238.89877107,4069671.24551873
346238.89877107,4069671.24551873
346238.89877107,4069671.24551873
346238.89877107,4069671.24551873
346238.89877107,4069671.24551873
346238.89877107,4069671.24551873
346238.89877107,4069671.24551873
346238.89772963,4069671.24553748
346238.89772963,4069671.24553748
346238.89772963,4069671.24553748
346238.89772963,4069671.24553748
346238.89772963,4069671.24553748
346238.89772963,4069671.24553748
346238.89772963,4069671.24553748
346238.89772963,4069671.24553748
346238.89772963,4069671.24553748
346238.89772963,4069671.24553748
346238.89772963,4069671.24553748
346238.89817263,4069671.24534454
346238.89817263,4069671.24534454
346238.89817263,4069671.24534454
346238.89817263,4069671.24534454
346238.89817263,4069671.24534454
346238.89817263,4069671.24534454
346238.89817263,4069671.24534454
346238.89817263,4069671.24534454
346238.89817263,4069671.24534454
346238.89788839,4069671.24608952
346238.89788839,4069671.24608952
346238.89788839,4069671.24608952
346238.89788839,4069671.24608952
346238.89788839,4069671.24608952
346238.89788839,4069671.24608952
346238.89788839,4069671.24608952
346238.89788839,4069671.24608952
346238.89788839,4069671.24608952
346238.89788839,4069671.24608952
346238.89712787,4069671.24517838
346238.89712787,4069671.24517838
346238.89712787,4069671.24517838
346238.89712787,4069671.24517838
346238.89712787,4069671.24517838
346238.89712787,4069671.24517838
346238.89712787,4069671.24517838
346238.89712787,4069671.24517838
346238.89712787,4069671.24517838
346238.89712787,4069671.24517838
346238.89802386,4069671.24534722
346238.89802386,4069671.24534722
346238.89802386,4069671.24534722
346238.89802386,4069671.24534722
346238.89802386,4069671.24534722
346238.89802386,4069671.24534722
346238.89802386,4069671.24534722
346238.89802386,4069671.24534722
346238.89802386,4069671.24534722
346238.89802386,4069671.24534722
346238.89711456,4069671.24443876
346238.89711456,4069671.24443876
346238.89711456,4069671.24443876
346238.89711456,4069671.24443876
346238.89711456,4069671.24443876
346238.89711456,4069671.24443876
346238.89711456,4069671.24443876
346238.89711456,4069671.24443876
346238.89711456,4069671.24443876
346238.89711456,4069671.24443876
346238.89755756,4069671.24424582
346238.89755756,4069671.24424582
346238.89755756,4069671.24424582
346238.89755756,4069671.24424582
346238.89755756,4069671.24424582
346238.89755756,4069671.24424582
346238.89755756,4069671.24424582
346238.89755756,4069671.24424582
346238.89755756,4069671.24424582
346238.89755756,4069671.24424582
346238.89695912,4069671.24407163
346238.89695912,4069671.24407163
346238.89695912,4069671.24407163
346238.89695912,4069671.24407163
346238.89695912,4069671.24407163
346238.89695912,4069671.24407163
346238.89695912,4069671.24407163
346238.89695912,4069671.24407163
346238.89695912,4069671.24407163
346238.89695912,4069671.24407163
346238.89795064,4069671.24127930
346238.89795064,4069671.24127930
346238.89795064,4069671.24127930
346238.89795064,4069671.24127930
346238.89795064,4069671.24127930
346238.89795064,4069671.24127930
346238.89795064,4069671.24127930
346238.89795064,4069671.24127930
346238.89795064,4069671.24127930
346238.89795064,4069671.24127930
346238.89857237,4069671.24274783
346238.89857237,4069671.24274783
346238.89857237,4069671.24274783
346238.89857237,4069671.24274783
346238.89857237,4069671.24274783
346238.89857237,4069671.24274783
346238.89857237,4069671.24274783
346238.89857237,4069671.24274783
346238.89857237,4069671.24274783
346238.89857237,4069671.24274783
346238.89649948,4069671.24334004
346238.89649948,4069671.24334004
346238.89649948,4069671.24334004
346238.89649948,4069671.24334004
346238.89649948,4069671.24334004
346238.89649948,4069671.24334004
346238.89649948,4069671.24334004
346238.89649948,4069671.24334004
346238.89649948,4069671.24334004
346238.89649948,4069671.24334004
346238.89649948,4069671.24334004
346238.89856904,4069671.24256293
346238.89856904,4069671.24256293
346238.89856904,4069671.24256293
346238.89856904,4069671.24256293
346238.89856904,4069671.24256293
346238.89856904,4069671.24256293
346238.89856904,4069671.24256293
346238.89856904,4069671.24256293
346238.89856904,4069671.24256293
346238.89782516,4069671.24257632
346238.89782516,4069671.24257632
346238.89782516,4069671.24257632
346238.89782516,4069671.24257632
346238.89782516,4069671.24257632
346238.89782516,4069671.24257632
346238.89782516,4069671.24257632
346238.89782516,4069671.24257632
346238.89782516,4069671.24257632
346238.89782516,4069671.24257632
346238.89726000,4069671.24425118
346238.89726000,4069671.24425118
346238.89726000,4069671.24425118
346238.89726000,4069671.24425118
346238.89726000,4069671.24425118
346238.89726000,4069671.24425118
346238.89726000,4069671.24425118
346238.89726000,4069671.24425118
346238.89726000,4069671.24425118
346238.89726000,4069671.24425118
346238.89827814,4069671.24293809
346238.89827814,4069671.24293809
346238.89827814,4069671.24293809
346238.89827814,4069671.24293809
346238.89827814,4069671.24293809
346238.89827814,4069671.24293809
346238.89827814,4069671.24293809
346238.89827814,4069671.24293809
346238.89827814,4069671.24293809
346238.89827814,4069671.24293809
346238.89799058,4069671.24349817
346238.89799058,4069671.24349817
346238.89799058,4069671.24349817
346238.89799058,4069671.24349817
346238.89799058,4069671.24349817
346238.89799058,4069671.24349817
346238.89799058,4069671.24349817
346238.89799058,4069671.24349817
346238.89799058,4069671.24349817
346238.89799058,4069671.24349817
346238.89858236,4069671.24330255
346238.89858236,4069671.24330255
346238.89858236,4069671.24330255
346238.89858236,4069671.24330255
346238.89858236,4069671.24330255
346238.89858236,4069671.24330255
346238.89858236,4069671.24330255
346238.89858236,4069671.24330255
346238.89858236,4069671.24330255
346238.89858236,4069671.24330255
346238.89799390,4069671.24368307
346238.89799390,4069671.24368307
346238.89799390,4069671.24368307
346238.89799390,4069671.24368307
346238.89799390,4069671.24368307
346238.89799390,4069671.24368307
346238.89799390,4069671.24368307
346238.89799390,4069671.24368307
346238.89799390,4069671.24368307
346238.89799390,4069671.24368307
346238.89811938,4069671.24238606
346238.89811938,4069671.24238606
346238.89811938,4069671.24238606
346238.89811938,4069671.24238606
346238.89811938,4069671.24238606
346238.89811938,4069671.24238606
346238.89811938,4069671.24238606
346238.89811938,4069671.24238606
346238.89811938,4069671.24238606
346238.89811938,4069671.24238606
346238.89917080,4069671.24292203
346238.89917080,4069671.24292203
346238.89917080,4069671.24292203
346238.89917080,4069671.24292203
346238.89917080,4069671.24292203
346238.89917080,4069671.24292203
346238.89917080,4069671.24292203
346238.89917080,4069671.24292203
346238.89917080,4069671.24292203
346238.89917080,4069671.24292203
346238.89768970,4069671.24331862
346238.89768970,4069671.24331862
346238.89768970,4069671.24331862
346238.89768970,4069671.24331862
346238.89768970,4069671.24331862
346238.89768970,4069671.24331862
346238.89768970,4069671.24331862
346238.89768970,4069671.24331862
346238.89768970,4069671.24331862
346238.89768970,4069671.24331862
346238.89768970,4069671.24331862
346238.89844024,4069671.24367504
346238.89844024,4069671.24367504
346238.89844024,4069671.24367504
346238.89844024,4069671.24367504
346238.89844024,4069671.24367504
346238.89844024,4069671.24367504
346238.89844024,4069671.24367504
346238.89844024,4069671.24367504
346238.89844024,4069671.24367504
346238.89844024,4069671.24367504
346238.89856572,4069671.24237802
346238.89856572,4069671.24237802
346238.89856572,4069671.24237802
346238.89856572,4069671.24237802
346238.89856572,4069671.24237802
346238.89856572,4069671.24237802
346238.89856572,4069671.24237802
346238.89856572,4069671.24237802
346238.89856572,4069671.24237802
346238.89890653,4069671.24477643
346238.89890653,4069671.24477643
346238.89890653,4069671.24477643
346238.89890653,4069671.24477643
346238.89890653,4069671.24477643
346238.89890653,4069671.24477643
346238.89890653,4069671.24477643
346238.89890653,4069671.24477643
346238.89890653,4069671.24477643
346238.89890653,4069671.24477643
346238.89890653,4069671.24477643
346238.90008676,4069671.24420030
346238.90008676,4069671.24420030
346238.90008676,4069671.24420030
346238.90008676,4069671.24420030
346238.90008676,4069671.24420030
346238.90008676,4069671.24420030
346238.90008676,4069671.24420030
346238.90008676,4069671.24420030
346238.90008676,4069671.24420030
346238.89889988,4069671.24440662
346238.89889988,4069671.24440662
346238.89889988,4069671.24440662
346238.89889988,4069671.24440662
346238.89889988,4069671.24440662
346238.89889988,4069671.24440662
346238.89889988,4069671.24440662
346238.89889988,4069671.24440662
346238.89889988,4069671.24440662
346238.89889988,4069671.24440662
346238.89948833,4069671.24402610
346238.89948833,4069671.24402610
346238.89948833,4069671.24402610
346238.89948833,4069671.24402610
346238.89948833,4069671.24402610
346238.89948833,4069671.24402610
346238.89948833,4069671.24402610
346238.89948833,4069671.24402610
346238.89948833,4069671.24402610
346238.89948833,4069671.24402610
346238.90083065,4069671.24418691
346238.90083065,4069671.24418691
346238.90083065,4069671.24418691
346238.90083065,4069671.24418691
346238.90083065,4069671.24418691
346238.90083065,4069671.24418691
346238.90083065,4069671.24418691
346238.90083065,4069671.24418691
346238.90083065,4069671.24418691
346238.90083065,4069671.24418691
346238.90079071,4069671.24196805
346238.90079071,4069671.24196805
346238.90079071,4069671.24196805
346238.90079071,4069671.24196805
346238.90079071,4069671.24196805
346238.90079071,4069671.24196805
346238.90079071,4069671.24196805
346238.90079071,4069671.24196805
346238.90079071,4069671.24196805
346238.90079071,4069671.24196805
346238.89961714,4069671.24291399
346238.89961714,4069671.24291399
346238.89961714,4069671.24291399
346238.89961714,4069671.24291399
346238.89961714,4069671.24291399
346238.89961714,4069671.24291399
346238.89961714,4069671.24291399
346238.89961714,4069671.24291399
346238.89961714,4069671.24291399
346238.89961714,4069671.24291399
346238.89918412,4069671.24366165
346238.89918412,4069671.24366165
346238.89918412,4069671.24366165
346238.89918412,4069671.24366165
346238.89918412,4069671.24366165
346238.89918412,4069671.24366165
346238.89918412,4069671.24366165
346238.89918412,4069671.24366165
346238.89918412,4069671.24366165
346238.89918412,4069671.24366165
346238.89918412,4069671.24366165
346238.90090953,4069671.24030122
346238.90090953,4069671.24030122
346238.90090953,4069671.24030122
346238.90090953,4069671.24030122
346238.90090953,4069671.24030122
346238.90090953,4069671.24030122
346238.90090953,4069671.24030122
346238.90090953,4069671.24030122
346238.90090953,4069671.24030122
346238.89918745,4069671.24384655
346238.89918745,4069671.24384655
346238.89918745,4069671.24384655
346238.89918745,4069671.24384655
346238.89918745,4069671.24384655
346238.89918745,4069671.24384655
346238.89918745,4069671.24384655
346238.89918745,4069671.24384655
346238.89918745,4069671.24384655
346238.89918745,4069671.24384655
346238.90081734,4069671.24344729
346238.90081734,4069671.24344729
346238.90081734,4069671.24344729
346238.90081734,4069671.24344729
346238.90081734,4069671.24344729
346238.90081734,4069671.24344729
346238.90081734,4069671.24344729
346238.90081734,4069671.24344729
346238.90081734,4069671.24344729
346238.90081734,4069671.24344729
346238.90305564,4069671.24377693
346238.90305564,4069671.24377693
346238.90305564,4069671.24377693
346238.90305564,4069671.24377693
346238.90305564,4069671.24377693
346238.90305564,4069671.24377693
346238.90305564,4069671.24377693
346238.90305564,4069671.24377693
346238.90305564,4069671.24377693
346238.90305564,4069671.24377693
346238.90343973,4069671.24857911
346238.90343973,4069671.24857911
346238.90343973,4069671.24857911
346238.90343973,4069671.24857911
346238.90343973,4069671.24857911
346238.90343973,4069671.24857911
346238.90343973,4069671.24857911
346238.90343973,4069671.24857911
346238.90343973,4069671.24857911
346238.90343973,4069671.24857911
346238.90343973,4069671.24857911
346238.90853142,4069671.25033711
346238.90853142,4069671.25033711
346238.90853142,4069671.25033711
346238.90853142,4069671.25033711
346238.90853142,4069671.25033711
346238.90853142,4069671.25033711
346238.90853142,4069671.25033711
346238.90853142,4069671.25033711
346238.90853142,4069671.25033711
346238.91240726,4069671.25896071
346238.91240726,4069671.25896071
346238.91240726,4069671.25896071
346238.91240726,4069671.25896071
346238.91240726,4069671.25896071
346238.91240726,4069671.25896071
346238.91240726,4069671.25896071
346238.91240726,4069671.25896071
346238.91240726,4069671.25896071
346238.91240726,4069671.25896071
346238.92101068,4069671.26564957
346238.92101068,4069671.26564957
346238.92101068,4069671.26564957
346238.92101068,4069671.26564957
346238.92101068,4069671.26564957
346238.92101068,4069671.26564957
346238.92101068,4069671.26564957
346238.92101068,4069671.26564957
346238.92101068,4069671.26564957
346238.92101068,4069671.26564957
346238.93086089,4069671.27546039
346238.93086089,4069671.27546039
346238.93086089,4069671.27546039
346238.93086089,4069671.27546039
346238.93086089,4069671.27546039
346238.93086089,4069671.27546039
346238.93086089,4069671.27546039
346238.93086089,4069671.27546039
346238.93086089,4069671.27546039
346238.93086089,4069671.27546039
346238.94387868,4069671.28761875
346238.94387868,4069671.28761875
346238.94387868,4069671.28761875
346238.94387868,4069671.28761875
346238.94387868,4069671.28761875
346238.94387868,4069671.28761875
346238.94387868,4069671.28761875
346238.94387868,4069671.28761875
346238.94387868,4069671.28761875
346238.94387868,4069671.28761875
346238.94387868,4069671.28761875
346238.95839422,4069671.30030504
346238.95839422,4069671.30030504
346238.95839422,4069671.30030504
346238.95839422,4069671.30030504
346238.95839422,4069671.30030504
346238.95839422,4069671.30030504
346238.95839422,4069671.30030504
346238.95839422,4069671.30030504
346238.95839422,4069671.30030504
346238.97250003,4069671.31503332
346238.97250003,4069671.31503332
346238.97250003,4069671.31503332
346238.97250003,4069671.31503332
346238.97250003,4069671.31503332
346238.97250003,4069671.31503332
346238.97250003,4069671.31503332
346238.97250003,4069671.31503332
346238.97250003,4069671.31503332
346238.97250003,4069671.31503332
346238.98962465,4069671.33211181
346238.98962465,4069671.33211181
346238.98962465,4069671.33211181
346238.98962465,4069671.33211181
346238.98962465,4069671.33211181
346238.98962465,4069671.33211181
346238.98962465,4069671.33211181
346238.98962465,4069671.33211181
346238.98962465,4069671.33211181
346238.98962465,4069671.33211181
346239.01125252,4069671.35132884
346239.01125252,4069671.35132884
346239.01125252,4069671.35132884
346239.01125252,4069671.35132884
346239.01125252,4069671.35132884
346239.01125252,4069671.35132884
346239.01125252,4069671.35132884
346239.01125252,4069671.35132884
346239.01125252,4069671.35132884
346239.01125252,4069671.35132884
346239.01125252,4069671.35132884
346239.01125252,4069671.35132884
346239.03230857,4069671.37185090
346239.03230857,4069671.37185090
346239.03230857,4069671.37185090
346239.03230857,4069671.37185090
346239.03230857,4069671.37185090
346239.03230857,4069671.37185090
346239.03230857,4069671.37185090
346239.03230857,4069671.37185090
346239.05798003,4069671.39247487
346239.05798003,4069671.39247487
346239.05798003,4069671.39247487
346239.05798003,4069671.39247487
346239.05798003,4069671.39247487
346239.05798003,4069671.39247487
346239.05798003,4069671.39247487
346239.05798003,4069671.39247487
346239.05798003,4069671.39247487
346239.05798003,4069671.39247487
346239.08654813,4069671.41693096
346239.08654813,4069671.41693096
346239.08654813,4069671.41693096
346239.08654813,4069671.41693096
346239.08654813,4069671.41693096
346239.08654813,4069671.41693096
346239.08654813,4069671.41693096
346239.08654813,4069671.41693096
346239.08654813,4069671.41693096
346239.08654813,4069671.41693096
346239.08654813,4069671.41693096
346239.08654813,4069671.41693096
346239.11704036,4069671.44079752
346239.11704036,4069671.44079752
346239.11704036,4069671.44079752
346239.11704036,4069671.44079752
346239.11704036,4069671.44079752
346239.11704036,4069671.44079752
346239.11704036,4069671.44079752
346239.11704036,4069671.44079752
346239.14703732,4069671.47022195
346239.14703732,4069671.47022195
346239.14703732,4069671.47022195
346239.14703732,4069671.47022195
346239.14703732,4069671.47022195
346239.14703732,4069671.47022195
346239.14703732,4069671.47022195
346239.14703732,4069671.47022195
346239.14703732,4069671.47022195
346239.14703732,4069671.47022195
346239.17819786,4069671.49814572
346239.17819786,4069671.49814572
346239.17819786,4069671.49814572
346239.17819786,4069671.49814572
346239.17819786,4069671.49814572
346239.17819786,4069671.49814572
346239.17819786,4069671.49814572
346239.17819786,4069671.49814572
346239.17819786,4069671.49814572
346239.17819786,4069671.49814572
346239.17819786,4069671.49814572
346239.21289343,4069671.53229468
346239.21289343,4069671.53229468
346239.21289343,4069671.53229468
346239.21289343,4069671.53229468
346239.21289343,4069671.53229468
346239.21289343,4069671.53229468
346239.21289343,4069671.53229468
346239.21289343,4069671.53229468
346239.21289343,4069671.53229468
346239.25122620,4069671.57007747
346239.25122620,4069671.57007747
346239.25122620,4069671.57007747
346239.25122620,4069671.57007747
346239.25122620,4069671.57007747
346239.25122620,4069671.57007747
346239.25122620,4069671.57007747
346239.25122620,4069671.57007747
346239.25122620,4069671.57007747
346239.25122620,4069671.57007747
346239.28786684,4069671.61306974
346239.28786684,4069671.61306974
346239.28786684,4069671.61306974
346239.28786684,4069671.61306974
346239.28786684,4069671.61306974
346239.28786684,4069671.61306974
346239.28786684,4069671.61306974
346239.28786684,4069671.61306974
346239.28786684,4069671.61306974
346239.28786684,4069671.61306974
346239.28786684,4069671.61306974
346239.28786684,4069671.61306974
346239.33069620,4069671.65262125
346239.33069620,4069671.65262125
346239.33069620,4069671.65262125
346239.33069620,4069671.65262125
346239.33069620,4069671.65262125
346239.33069620,4069671.65262125
346239.33069620,4069671.65262125
346239.33069620,4069671.65262125
346239.37359113,4069671.68754745
346239.37359113,4069671.68754745
346239.37359113,4069671.68754745
346239.37359113,4069671.68754745
346239.37359113,4069671.68754745
346239.37359113,4069671.68754745
346239.37359113,4069671.68754745
346239.37359113,4069671.68754745
346239.37359113,4069671.68754745
346239.37359113,4069671.68754745
346239.41911178,4069671.72779038
346239.41911178,4069671.72779038
346239.41911178,4069671.72779038
346239.41911178,4069671.72779038
346239.41911178,4069671.72779038
346239.41911178,4069671.72779038
346239.41911178,4069671.72779038
346239.41911178,4069671.72779038
346239.41911178,4069671.72779038
346239.41911178,4069671.72779038
346239.46519426,4069671.76617354
346239.46519426,4069671.76617354
346239.46519426,4069671.76617354
346239.46519426,4069671.76617354
346239.46519426,4069671.76617354
346239.46519426,4069671.76617354
346239.46519426,4069671.76617354
346239.46519426,4069671.76617354
346239.46519426,4069671.76617354
346239.46519426,4069671.76617354
346239.50696320,4069671.81295778
346239.50696320,4069671.81295778
346239.50696320,4069671.81295778
346239.50696320,4069671.81295778
346239.50696320,4069671.81295778
346239.50696320,4069671.81295778
346239.50696320,4069671.81295778
346239.50696320,4069671.81295778
346239.50696320,4069671.81295778
346239.50696320,4069671.81295778
346239.55199425,4069671.85080497
346239.55199425,4069671.85080497
346239.55199425,4069671.85080497
346239.55199425,4069671.85080497
346239.55199425,4069671.85080497
346239.55199425,4069671.85080497
346239.55199425,4069671.85080497
346239.55199425,4069671.85080497
346239.55199425,4069671.85080497
346239.55199425,4069671.85080497
346239.59914146,4069671.89046373
346239.59914146,4069671.89046373
346239.59914146,4069671.89046373
346239.59914146,4069671.89046373
346239.59914146,4069671.89046373
346239.59914146,4069671.89046373
346239.59914146,4069671.89046373
346239.59914146,4069671.89046373
346239.59914146,4069671.89046373
346239.59914146,4069671.89046373
346239.59914146,4069671.89046373
346239.64810161,4069671.93989301
346239.64810161,4069671.93989301
346239.64810161,4069671.93989301
346239.64810161,4069671.93989301
346239.64810161,4069671.93989301
346239.64810161,4069671.93989301
346239.64810161,4069671.93989301
346239.64810161,4069671.93989301
346239.64810161,4069671.93989301
346239.69598937,4069671.97935347
346239.69598937,4069671.97935347
346239.69598937,4069671.97935347
346239.69598937,4069671.97935347
346239.69598937,4069671.97935347
346239.69598937,4069671.97935347
346239.69598937,4069671.97935347
346239.69598937,4069671.97935347
346239.69598937,4069671.97935347
346239.69598937,4069671.97935347
346239.74921745,4069672.02611642
346239.74921745,4069672.02611642
346239.74921745,4069672.02611642
346239.74921745,4069672.02611642
346239.74921745,4069672.02611642
346239.74921745,4069672.02611642
346239.74921745,4069672.02611642
346239.74921745,4069672.02611642
346239.74921745,4069672.02611642
346239.74921745,4069672.02611642
346239.79724166,4069672.07315800
346239.79724166,4069672.07315800
346239.79724166,4069672.07315800
346239.79724166,4069672.07315800
346239.79724166,4069672.07315800
346239.79724166,4069672.07315800
346239.79724166,4069672.07315800
346239.79724166,4069672.07315800
346239.79724166,4069672.07315800
346239.79724166,4069672.07315800
346239.84813824,4069672.11441396
346239.84813824,4069672.11441396
346239.84813824,4069672.11441396
346239.84813824,4069672.11441396
346239.84813824,4069672.11441396
346239.84813824,4069672.11441396
346239.84813824,4069672.11441396
346239.84813824,4069672.11441396
346239.84813824,4069672.11441396
346239.84813824,4069672.11441396
346239.90295060,4069672.16651238
346239.90295060,4069672.16651238
346239.90295060,4069672.16651238
346239.90295060,4069672.16651238
346239.90295060,4069672.16651238
346239.90295060,4069672.16651238
346239.90295060,4069672.16651238
346239.90295060,4069672.16651238
346239.90295060,4069672.16651238
346239.90295060,4069672.16651238
346239.90295060,4069672.16651238
346239.95324640,4069672.21573266
346239.95324640,4069672.21573266
346239.95324640,4069672.21573266
346239.95324640,4069672.21573266
346239.95324640,4069672.21573266
346239.95324640,4069672.21573266
346239.95324640,4069672.21573266
346239.95324640,4069672.21573266
346239.95324640,4069672.21573266
346240.00559513,4069672.26325129
346240.00559513,4069672.26325129
346240.00559513,4069672.26325129
346240.00559513,4069672.26325129
346240.00559513,4069672.26325129
346240.00559513,4069672.26325129
346240.00559513,4069672.26325129
346240.00559513,4069672.26325129
346240.00559513,4069672.26325129
346240.00559513,4069672.26325129
346240.05847671,4069672.31556944
346240.05847671,4069672.31556944
346240.05847671,4069672.31556944
346240.05847671,4069672.31556944
346240.05847671,4069672.31556944
346240.05847671,4069672.31556944
346240.05847671,4069672.31556944
346240.05847671,4069672.31556944
346240.05847671,4069672.31556944
346240.05847671,4069672.31556944
346240.11641005,4069672.36742672
346240.11641005,4069672.36742672
346240.11641005,4069672.36742672
346240.11641005,4069672.36742672
346240.11641005,4069672.36742672
346240.11641005,4069672.36742672
346240.11641005,4069672.36742672
346240.11641005,4069672.36742672
346240.11641005,4069672.36742672
346240.11641005,4069672.36742672
346240.11641005,4069672.36742672
346240.17746770,4069672.41922777
346240.17746770,4069672.41922777
346240.17746770,4069672.41922777
346240.17746770,4069672.41922777
346240.17746770,4069672.41922777
346240.17746770,4069672.41922777
346240.17746770,4069672.41922777
346240.17746770,4069672.41922777
346240.17746770,4069672.41922777
346240.23204240,4069672.47465984
346240.23204240,4069672.47465984
346240.23204240,4069672.47465984
346240.23204240,4069672.47465984
346240.23204240,4069672.47465984
346240.23204240,4069672.47465984
346240.23204240,4069672.47465984
346240.23204240,4069672.47465984
346240.23204240,4069672.47465984
346240.23204240,4069672.47465984
346240.29101718,4069672.52649839
346240.29101718,4069672.52649839
346240.29101718,4069672.52649839
346240.29101718,4069672.52649839
346240.29101718,4069672.52649839
346240.29101718,4069672.52649839
346240.29101718,4069672.52649839
346240.29101718,4069672.52649839
346240.29101718,4069672.52649839
346240.29101718,4069672.52649839
346240.35510361,4069672.58120436
346240.35510361,4069672.58120436
346240.35510361,4069672.58120436
346240.35510361,4069672.58120436
346240.35510361,4069672.58120436
346240.35510361,4069672.58120436
346240.35510361,4069672.58120436
346240.35510361,4069672.58120436
346240.35510361,4069672.58120436
346240.35510361,4069672.58120436
346240.41342435,4069672.63804873
346240.41342435,4069672.63804873
346240.41342435,4069672.63804873
346240.41342435,4069672.63804873
346240.41342435,4069672.63804873
346240.41342435,4069672.63804873
346240.41342435,4069672.63804873
346240.41342435,4069672.63804873
346240.41342435,4069672.63804873
346240.41342435,4069672.63804873
346240.47800038,4069672.69515045
346240.47800038,4069672.69515045
346240.47800038,4069672.69515045
346240.47800038,4069672.69515045
346240.47800038,4069672.69515045
346240.47800038,4069672.69515045
346240.47800038,4069672.69515045
346240.47800038,4069672.69515045
346240.47800038,4069672.69515045
346240.47800038,4069672.69515045
346240.53973301,4069672.75137852
346240.53973301,4069672.75137852
346240.53973301,4069672.75137852
346240.53973301,4069672.75137852
346240.53973301,4069672.75137852
346240.53973301,4069672.75137852
346240.53973301,4069672.75137852
346240.53973301,4069672.75137852
346240.53973301,4069672.75137852
346240.53973301,4069672.75137852
346240.60291679,4069672.80554585
346240.60291679,4069672.80554585
346240.60291679,4069672.80554585
346240.60291679,4069672.80554585
346240.60291679,4069672.80554585
346240.60291679,4069672.80554585
346240.60291679,4069672.80554585
346240.60291679,4069672.80554585
346240.60291679,4069672.80554585
346240.60291679,4069672.80554585
346240.66779703,4069672.86301202
346240.66779703,4069672.86301202
346240.66779703,4069672.86301202
346240.66779703,4069672.86301202
346240.66779703,4069672.86301202
346240.66779703,4069672.86301202
346240.66779703,4069672.86301202
346240.66779703,4069672.86301202
346240.66779703,4069672.86301202
346240.66779703,4069672.86301202
346240.72864697,4069672.91981087
346240.72864697,4069672.91981087
346240.72864697,4069672.91981087
346240.72864697,4069672.91981087
346240.72864697,4069672.91981087
346240.72864697,4069672.91981087
346240.72864697,4069672.91981087
346240.72864697,4069672.91981087
346240.72864697,4069672.91981087
346240.72864697,4069672.91981087
346240.72864697,4069672.91981087
346240.72864697,4069672.91981087
346240.79119670,4069672.98009346
346240.79119670,4069672.98009346
346240.79119670,4069672.98009346
346240.79119670,4069672.98009346
346240.79119670,4069672.98009346
346240.79119670,4069672.98009346
346240.79119670,4069672.98009346
346240.79119670,4069672.98009346
346240.79119670,4069672.98009346
346240.85831191,4069673.03770437
346240.85831191,4069673.03770437
346240.85831191,4069673.03770437
346240.85831191,4069673.03770437
346240.85831191,4069673.03770437
346240.85831191,4069673.03770437
346240.85831191,4069673.03770437
346240.85831191,4069673.03770437
346240.85831191,4069673.03770437
346240.85831191,4069673.03770437
346240.91339284,4069673.09645671
346240.91339284,4069673.09645671
346240.91339284,4069673.09645671
346240.91339284,4069673.09645671
346240.91339284,4069673.09645671
346240.91339284,4069673.09645671
346240.91339284,4069673.09645671
346240.91339284,4069673.09645671
346240.91339284,4069673.09645671
346240.91339284,4069673.09645671
346240.97896038,4069673.15076611
346240.97896038,4069673.15076611
346240.97896038,4069673.15076611
346240.97896038,4069673.15076611
346240.97896038,4069673.15076611
346240.97896038,4069673.15076611
346240.97896038,4069673.15076611
346240.97896038,4069673.15076611
346240.97896038,4069673.15076611
346240.97896038,4069673.15076611
346241.05299253,4069673.21232175
346241.05299253,4069673.21232175
346241.05299253,4069673.21232175
346241.05299253,4069673.21232175
346241.05299253,4069673.21232175
346241.05299253,4069673.21232175
346241.05299253,4069673.21232175
346241.05299253,4069673.21232175
346241.05299253,4069673.21232175
346241.05299253,4069673.21232175
346241.10997428,4069673.26919023
346241.10997428,4069673.26919023
346241.10997428,4069673.26919023
346241.10997428,4069673.26919023
346241.10997428,4069673.26919023
346241.10997428,4069673.26919023
346241.10997428,4069673.26919023
346241.10997428,4069673.26919023
346241.10997428,4069673.26919023
346241.10997428,4069673.26919023
346241.17634893,4069673.32699943
346241.17634893,4069673.32699943
346241.17634893,4069673.32699943
346241.17634893,4069673.32699943
346241.17634893,4069673.32699943
346241.17634893,4069673.32699943
346241.17634893,4069673.32699943
346241.17634893,4069673.32699943
346241.17634893,4069673.32699943
346241.17634893,4069673.32699943
346241.23934830,4069673.38745890
346241.23934830,4069673.38745890
346241.23934830,4069673.38745890
346241.23934830,4069673.38745890
346241.23934830,4069673.38745890
346241.23934830,4069673.38745890
346241.23934830,4069673.38745890
346241.23934830,4069673.38745890
346241.23934830,4069673.38745890
346241.30496144,4069673.43603356
346241.30496144,4069673.43603356
346241.30496144,4069673.43603356
346241.30496144,4069673.43603356
346241.30496144,4069673.43603356
346241.30496144,4069673.43603356
346241.30496144,4069673.43603356
346241.30496144,4069673.43603356
346241.30496144,4069673.43603356
346241.30496144,4069673.43603356
346241.30496144,4069673.43603356
346241.37388859,4069673.49509158
346241.37388859,4069673.49509158
346241.37388859,4069673.49509158
346241.37388859,4069673.49509158
346241.37388859,4069673.49509158
346241.37388859,4069673.49509158
346241.37388859,4069673.49509158
346241.37388859,4069673.49509158
346241.37388859,4069673.49509158
346241.37388859,4069673.49509158
346241.37388859,4069673.49509158
346241.43759191,4069673.55331880
346241.43759191,4069673.55331880
346241.43759191,4069673.55331880
346241.43759191,4069673.55331880
346241.43759191,4069673.55331880
346241.43759191,4069673.55331880
346241.43759191,4069673.55331880
346241.43759191,4069673.55331880
346241.43759191,4069673.55331880
346241.49903695,4069673.61010695
346241.49903695,4069673.61010695
346241.49903695,4069673.61010695
346241.49903695,4069673.61010695
346241.49903695,4069673.61010695
346241.49903695,4069673.61010695
346241.49903695,4069673.61010695
346241.49903695,4069673.61010695
346241.49903695,4069673.61010695
346241.49903695,4069673.61010695
346241.56754440,4069673.67065224
346241.56754440,4069673.67065224
346241.56754440,4069673.67065224
346241.56754440,4069673.67065224
346241.56754440,4069673.67065224
346241.56754440,4069673.67065224
346241.56754440,4069673.67065224
346241.56754440,4069673.67065224
346241.56754440,4069673.67065224
346241.63291655,4069673.72237565
346241.63291655,4069673.72237565
346241.63291655,4069673.72237565
346241.63291655,4069673.72237565
346241.63291655,4069673.72237565
346241.63291655,4069673.72237565
346241.63291655,4069673.72237565
346241.63291655,4069673.72237565
346241.63291655,4069673.72237565
346241.63291655,4069673.72237565
346241.69660754,4069673.78818666
346241.69660754,4069673.78818666
346241.69660754,4069673.78818666
346241.69660754,4069673.78818666
346241.69660754,4069673.78818666
346241.69660754,4069673.78818666
346241.69660754,4069673.78818666
346241.69660754,4069673.78818666
346241.69660754,4069673.78818666
346241.69660754,4069673.78818666
346241.75800266,4069673.84220123
346241.75800266,4069673.84220123
346241.75800266,4069673.84220123
346241.75800266,4069673.84220123
346241.75800266,4069673.84220123
346241.75800266,4069673.84220123
346241.75800266,4069673.84220123
346241.75800266,4069673.84220123
346241.75800266,4069673.84220123
346241.75800266,4069673.84220123
346241.82139080,4069673.89118587
346241.82139080,4069673.89118587
346241.82139080,4069673.89118587
346241.82139080,4069673.89118587
346241.82139080,4069673.89118587
346241.82139080,4069673.89118587
346241.82139080,4069673.89118587
346241.82139080,4069673.89118587
346241.82139080,4069673.89118587
346241.82139080,4069673.89118587
346241.88681287,4069673.94568285
346241.88681287,4069673.94568285
346241.88681287,4069673.94568285
346241.88681287,4069673.94568285
346241.88681287,4069673.94568285
346241.88681287,4069673.94568285
346241.88681287,4069673.94568285
346241.88681287,4069673.94568285
346241.88681287,4069673.94568285
346241.88681287,4069673.94568285
346241.88681287,4069673.94568285
346241.94851553,4069674.00024678
346241.94851553,4069674.00024678
346241.94851553,4069674.00024678
346241.94851553,4069674.00024678
346241.94851553,4069674.00024678
346241.94851553,4069674.00024678
346241.94851553,4069674.00024678
346241.94851553,4069674.00024678
346241.94851553,4069674.00024678
346241.94851553,4069674.00024678
346242.01124631,4069674.05405235
346242.01124631,4069674.05405235
346242.01124631,4069674.05405235
346242.01124631,4069674.05405235
346242.01124631,4069674.05405235
346242.01124631,4069674.05405235
346242.01124631,4069674.05405235
346242.01124631,4069674.05405235
346242.01124631,4069674.05405235
346242.01124631,4069674.05405235
346242.07204965,4069674.10826253
346242.07204965,4069674.10826253
346242.07204965,4069674.10826253
346242.07204965,4069674.10826253
346242.07204965,4069674.10826253
346242.07204965,4069674.10826253
346242.07204965,4069674.10826253
346242.07204965,4069674.10826253
346242.07204965,4069674.10826253
346242.13645259,4069674.15574919
346242.13645259,4069674.15574919
346242.13645259,4069674.15574919
346242.13645259,4069674.15574919
346242.13645259,4069674.15574919
346242.13645259,4069674.15574919
346242.13645259,4069674.15574919
346242.13645259,4069674.15574919
346242.13645259,4069674.15574919
346242.13645259,4069674.15574919
346242.20761607,4069674.19849004
346242.20761607,4069674.19849004
346242.20761607,4069674.19849004
346242.20761607,4069674.19849004
346242.20761607,4069674.19849004
346242.20761607,4069674.19849004
346242.20761607,4069674.19849004
346242.20761607,4069674.19849004
346242.20761607,4069674.19849004
346242.20761607,4069674.19849004
346242.27479350,4069674.25129075
346242.27479350,4069674.25129075
346242.27479350,4069674.25129075
346242.27479350,4069674.25129075
346242.27479350,4069674.25129075
346242.27479350,4069674.25129075
346242.27479350,4069674.25129075
346242.27479350,4069674.25129075
346242.27479350,4069674.25129075
346242.27479350,4069674.25129075
346242.27479350,4069674.25129075
346242.33967606,4069674.30061842
346242.33967606,4069674.30061842
346242.33967606,4069674.30061842
346242.33967606,4069674.30061842
346242.33967606,4069674.30061842
346242.33967606,4069674.30061842
346242.33967606,4069674.30061842
346242.33967606,4069674.30061842
346242.33967606,4069674.30061842
346242.41091940,4069674.34779700
346242.41091940,4069674.34779700
346242.41091940,4069674.34779700
346242.41091940,4069674.34779700
346242.41091940,4069674.34779700
346242.41091940,4069674.34779700
346242.41091940,4069674.34779700
346242.41091940,4069674.34779700
346242.41091940,4069674.34779700
346242.41091940,4069674.34779700
346242.48320418,4069674.39495683
346242.48320418,4069674.39495683
346242.48320418,4069674.39495683
346242.48320418,4069674.39495683
346242.48320418,4069674.39495683
346242.48320418,4069674.39495683
346242.48320418,4069674.39495683
346242.48320418,4069674.39495683
346242.48320418,4069674.39495683
346242.48320418,4069674.39495683
346242.48320418,4069674.39495683
346242.54926031,4069674.44333855
346242.54926031,4069674.44333855
346242.54926031,4069674.44333855
346242.54926031,4069674.44333855
346242.54926031,4069674.44333855
346242.54926031,4069674.44333855
346242.54926031,4069674.44333855
346242.54926031,4069674.44333855
346242.54926031,4069674.44333855
346242.54926031,4069674.44333855
346242.62296630,4069674.48677350
346242.62296630,4069674.48677350
346242.62296630,4069674.48677350
346242.62296630,4069674.48677350
346242.62296630,4069674.48677350
346242.62296630,4069674.48677350
346242.62296630,4069674.48677350
346242.62296630,4069674.48677350
346242.62296630,4069674.48677350
346242.62296630,4069674.48677350
346242.69945910,4069674.52793871
346242.69945910,4069674.52793871
346242.69945910,4069674.52793871
346242.69945910,4069674.52793871
346242.69945910,4069674.52793871
346242.69945910,4069674.52793871
346242.69945910,4069674.52793871
346242.69945910,4069674.52793871
346242.69945910,4069674.52793871
346242.69945910,4069674.52793871
346242.69945910,4069674.52793871
346242.76961108,4069674.57236246
346242.76961108,4069674.57236246
346242.76961108,4069674.57236246
346242.76961108,4069674.57236246
346242.76961108,4069674.57236246
346242.76961108,4069674.57236246
346242.76961108,4069674.57236246
346242.76961108,4069674.57236246
346242.76961108,4069674.57236246
346242.85055055,4069674.61252281
346242.85055055,4069674.61252281
346242.85055055,4069674.61252281
346242.85055055,4069674.61252281
346242.85055055,4069674.61252281
346242.85055055,4069674.61252281
346242.85055055,4069674.61252281
346242.85055055,4069674.61252281
346242.85055055,4069674.61252281
346242.85055055,4069674.61252281
346242.92610078,4069674.65093051
346242.92610078,4069674.65093051
346242.92610078,4069674.65093051
346242.92610078,4069674.65093051
346242.92610078,4069674.65093051
346242.92610078,4069674.65093051
346242.92610078,4069674.65093051
346242.92610078,4069674.65093051
346242.92610078,4069674.65093051
346242.92610078,4069674.65093051
346242.99958242,4069674.69843873
346242.99958242,4069674.69843873
346242.99958242,4069674.69843873
346242.99958242,4069674.69843873
346242.99958242,4069674.69843873
346242.99958242,4069674.69843873
346242.99958242,4069674.69843873
346242.99958242,4069674.69843873
346242.99958242,4069674.69843873
346242.99958242,4069674.69843873
346243.08826062,4069674.73032134
346243.08826062,4069674.73032134
346243.08826062,4069674.73032134
346243.08826062,4069674.73032134
346243.08826062,4069674.73032134
346243.08826062,4069674.73032134
346243.08826062,4069674.73032134
346243.08826062,4069674.73032134
346243.08826062,4069674.73032134
346243.17255637,4069674.77504541
346243.17255637,4069674.77504541
346243.17255637,4069674.77504541
346243.17255637,4069674.77504541
346243.17255637,4069674.77504541
346243.17255637,4069674.77504541
346243.17255637,4069674.77504541
346243.17255637,4069674.77504541
346243.17255637,4069674.77504541
346243.17255637,4069674.77504541
346243.17255637,4069674.77504541
346243.26333408,4069674.80781506
346243.26333408,4069674.80781506
346243.26333408,4069674.80781506
346243.26333408,4069674.80781506
346243.26333408,4069674.80781506
346243.26333408,4069674.80781506
346243.26333408,4069674.80781506
346243.26333408,4069674.80781506
346243.26333408,4069674.80781506
346243.26333408,4069674.80781506
346243.34401260,4069674.85001473
346243.34401260,4069674.85001473
346243.34401260,4069674.85001473
346243.34401260,4069674.85001473
346243.34401260,4069674.85001473
346243.34401260,4069674.85001473
346243.34401260,4069674.85001473
346243.34401260,4069674.85001473
346243.34401260,4069674.85001473
346243.34401260,4069674.85001473
346243.42725927,4069674.88606433
346243.42725927,4069674.88606433
346243.42725927,4069674.88606433
346243.42725927,4069674.88606433
346243.42725927,4069674.88606433
346243.42725927,4069674.88606433
346243.42725927,4069674.88606433
346243.42725927,4069674.88606433
346243.42725927,4069674.88606433
346243.42725927,4069674.88606433
346243.51575208,4069674.91591566
346243.51575208,4069674.91591566
346243.51575208,4069674.91591566
346243.51575208,4069674.91591566
346243.51575208,4069674.91591566
346243.51575208,4069674.91591566
346243.51575208,4069674.91591566
346243.51575208,4069674.91591566
346243.51575208,4069674.91591566
346243.51575208,4069674.91591566
346243.60065194,4069674.95286033
346243.60065194,4069674.95286033
346243.60065194,4069674.95286033
346243.60065194,4069674.95286033
346243.60065194,4069674.95286033
346243.60065194,4069674.95286033
346243.60065194,4069674.95286033
346243.60065194,4069674.95286033
346243.60065194,4069674.95286033
346243.60065194,4069674.95286033
346243.69415324,4069674.97984704
346243.69415324,4069674.97984704
346243.69415324,4069674.97984704
346243.69415324,4069674.97984704
346243.69415324,4069674.97984704
346243.69415324,4069674.97984704
346243.69415324,4069674.97984704
346243.69415324,4069674.97984704
346243.69415324,4069674.97984704
346243.69415324,4069674.97984704
346243.78418608,4069675.00430666
346243.78418608,4069675.00430666
346243.78418608,4069675.00430666
346243.78418608,4069675.00430666
346243.78418608,4069675.00430666
346243.78418608,4069675.00430666
346243.78418608,4069675.00430666
346243.78418608,4069675.00430666
346243.78418608,4069675.00430666
346243.78418608,4069675.00430666
346243.87323406,4069675.03192842
346243.87323406,4069675.03192842
346243.87323406,4069675.03192842
346243.87323406,4069675.03192842
346243.87323406,4069675.03192842
346243.87323406,4069675.03192842
346243.87323406,4069675.03192842
346243.87323406,4069675.03192842
346243.87323406,4069675.03192842
346243.95987498,4069675.05811378
346243.95987498,4069675.05811378
346243.95987498,4069675.05811378
346243.95987498,4069675.05811378
346243.95987498,4069675.05811378
346243.95987498,4069675.05811378
346243.95987498,4069675.05811378
346243.95987498,4069675.05811378
346243.95987498,4069675.05811378
346243.95987498,4069675.05811378
346243.95987498,4069675.05811378
346244.04724648,4069675.08354614
346244.04724648,4069675.08354614
346244.04724648,4069675.08354614
346244.04724648,4069675.08354614
346244.04724648,4069675.08354614
346244.04724648,4069675.08354614
346244.04724648,4069675.08354614
346244.04724648,4069675.08354614
346244.04724648,4069675.08354614
346244.04724648,4069675.08354614
346244.14080669,4069675.10553774
346244.14080669,4069675.10553774
346244.14080669,4069675.10553774
346244.14080669,4069675.10553774
346244.14080669,4069675.10553774
346244.14080669,4069675.10553774
346244.14080669,4069675.10553774
346244.14080669,4069675.10553774
346244.14080669,4069675.10553774
346244.14080669,4069675.10553774
346244.23636227,4069675.11436090
346244.23636227,4069675.11436090
346244.23636227,4069675.11436090
346244.23636227,4069675.11436090
346244.23636227,4069675.11436090
346244.23636227,4069675.11436090
346244.23636227,4069675.11436090
346244.23636227,4069675.11436090
346244.23636227,4069675.11436090
346244.23636227,4069675.11436090
346244.33003465,4069675.13431586
346244.33003465,4069675.13431586
346244.33003465,4069675.13431586
346244.33003465,4069675.13431586
346244.33003465,4069675.13431586
346244.33003465,4069675.13431586
346244.33003465,4069675.13431586
346244.33003465,4069675.13431586
346244.33003465,4069675.13431586
346244.33003465,4069675.13431586
346244.42788708,4069675.16325888
346244.42788708,4069675.16325888
346244.42788708,4069675.16325888
346244.42788708,4069675.16325888
346244.42788708,4069675.16325888
346244.42788708,4069675.16325888
346244.42788708,4069675.16325888
346244.42788708,4069675.16325888
346244.42788708,4069675.16325888
346244.42788708,4069675.16325888
346244.52770393,4069675.16904591
346244.52770393,4069675.16904591
346244.52770393,4069675.16904591
346244.52770393,4069675.16904591
346244.52770393,4069675.16904591
346244.52770393,4069675.16904591
346244.52770393,4069675.16904591
346244.52770393,4069675.16904591
346244.52770393,4069675.16904591
346244.52770393,4069675.16904591
346244.62890069,4069675.18535111
346244.62890069,4069675.18535111
346244.62890069,4069675.18535111
346244.62890069,4069675.18535111
346244.62890069,4069675.18535111
346244.62890069,4069675.18535111
346244.62890069,4069675.18535111
346244.62890069,4069675.18535111
346244.62890069,4069675.18535111
346244.73222692,4069675.20420750
346244.73222692,4069675.20420750
346244.73222692,4069675.20420750
346244.73222692,4069675.20420750
346244.73222692,4069675.20420750
346244.73222692,4069675.20420750
346244.73222692,4069675.20420750
346244.73222692,4069675.20420750
346244.73222692,4069675.20420750
346244.73222692,4069675.20420750
346244.82361440,4069675.22124415
346244.82361440,4069675.22124415
346244.82361440,4069675.22124415
346244.82361440,4069675.22124415
346244.82361440,4069675.22124415
346244.82361440,4069675.22124415
346244.82361440,4069675.22124415
346244.82361440,4069675.22124415
346244.82361440,4069675.22124415
346244.82361440,4069675.22124415
346244.82361440,4069675.22124415
346244.92458350,4069675.24143772
346244.92458350,4069675.24143772
346244.92458350,4069675.24143772
346244.92458350,4069675.24143772
346244.92458350,4069675.24143772
346244.92458350,4069675.24143772
346244.92458350,4069675.24143772
346244.92458350,4069675.24143772
346244.92458350,4069675.24143772
346245.02834138,4069675.27600838
346245.02834138,4069675.27600838
346245.02834138,4069675.27600838
346245.02834138,4069675.27600838
346245.02834138,4069675.27600838
346245.02834138,4069675.27600838
346245.02834138,4069675.27600838
346245.02834138,4069675.27600838
346245.02834138,4069675.27600838
346245.02834138,4069675.27600838
346245.12098427,4069675.31318363
346245.12098427,4069675.31318363
346245.12098427,4069675.31318363
346245.12098427,4069675.31318363
346245.12098427,4069675.31318363
346245.12098427,4069675.31318363
346245.12098427,4069675.31318363
346245.12098427,4069675.31318363
346245.12098427,4069675.31318363
346245.12098427,4069675.31318363
346245.12098427,4069675.31318363
346245.21267361,4069675.33872325
346245.21267361,4069675.33872325
346245.21267361,4069675.33872325
346245.21267361,4069675.33872325
346245.21267361,4069675.33872325
346245.21267361,4069675.33872325
346245.21267361,4069675.33872325
346245.21267361,4069675.33872325
346245.21267361,4069675.33872325
346245.21267361,4069675.33872325
346245.30574188,4069675.36645763
346245.30574188,4069675.36645763
346245.30574188,4069675.36645763
346245.30574188,4069675.36645763
346245.30574188,4069675.36645763
346245.30574188,4069675.36645763
346245.30574188,4069675.36645763
346245.30574188,4069675.36645763
346245.30574188,4069675.36645763
346245.38467303,4069675.39426149
346245.38467303,4069675.39426149
346245.38467303,4069675.39426149
346245.38467303,4069675.39426149
346245.38467303,4069675.39426149
346245.38467303,4069675.39426149
346245.38467303,4069675.39426149
346245.38467303,4069675.39426149
346245.38467303,4069675.39426149
346245.38467303,4069675.39426149
346245.38467303,4069675.39426149
346245.47047023,4069675.41491310
346245.47047023,4069675.41491310
346245.47047023,4069675.41491310
346245.47047023,4069675.41491310
346245.47047023,4069675.41491310
346245.47047023,4069675.41491310
346245.47047023,4069675.41491310
346245.47047023,4069675.41491310
346245.47047023,4069675.41491310
346245.55531917,4069675.44076080
346245.55531917,4069675.44076080
346245.55531917,4069675.44076080
346245.55531917,4069675.44076080
346245.55531917,4069675.44076080
346245.55531917,4069675.44076080
346245.55531917,4069675.44076080
346245.55531917,4069675.44076080
346245.55531917,4069675.44076080
346245.55531917,4069675.44076080
346245.63306911,4069675.46081739
346245.63306911,4069675.46081739
346245.63306911,4069675.46081739
346245.63306911,4069675.46081739
346245.63306911,4069675.46081739
346245.63306911,4069675.46081739
346245.63306911,4069675.46081739
346245.63306911,4069675.46081739
346245.63306911,4069675.46081739
346245.63306911,4069675.46081739
346245.63306911,4069675.46081739
346245.70725506,4069675.48130805
346245.70725506,4069675.48130805
346245.70725506,4069675.48130805
346245.70725506,4069675.48130805
346245.70725506,4069675.48130805
346245.70725506,4069675.48130805
346245.70725506,4069675.48130805
346245.70725506,4069675.48130805
346245.70725506,4069675.48130805
346245.78732552,4069675.49799351
346245.78732552,4069675.49799351
346245.78732552,4069675.49799351
346245.78732552,4069675.49799351
346245.78732552,4069675.49799351
346245.78732552,4069675.49799351
346245.78732552,4069675.49799351
346245.78732552,4069675.49799351
346245.78732552,4069675.49799351
346245.78732552,4069675.49799351
346245.86420609,4069675.51936050
346245.86420609,4069675.51936050
346245.86420609,4069675.51936050
346245.86420609,4069675.51936050
346245.86420609,4069675.51936050
346245.86420609,4069675.51936050
346245.86420609,4069675.51936050
346245.86420609,4069675.51936050
346245.86420609,4069675.51936050
346245.86420609,4069675.51936050
346245.86420609,4069675.51936050
346245.93492026,4069675.53713918
346245.93492026,4069675.53713918
346245.93492026,4069675.53713918
346245.93492026,4069675.53713918
346245.93492026,4069675.53713918
346245.93492026,4069675.53713918
346245.93492026,4069675.53713918
346245.93492026,4069675.53713918
346245.93492026,4069675.53713918
346246.00772728,4069675.55543508
346246.00772728,4069675.55543508
346246.00772728,4069675.55543508
346246.00772728,4069675.55543508
346246.00772728,4069675.55543508
346246.00772728,4069675.55543508
346246.00772728,4069675.55543508
346246.00772728,4069675.55543508
346246.00772728,4069675.55543508
346246.00772728,4069675.55543508
346246.07496732,4069675.57864027
346246.07496732,4069675.57864027
346246.07496732,4069675.57864027
346246.07496732,4069675.57864027
346246.07496732,4069675.57864027
346246.07496732,4069675.57864027
346246.07496732,4069675.57864027
346246.07496732,4069675.57864027
346246.07496732,4069675.57864027
346246.07496732,4069675.57864027
346246.14190648,4069675.60166591
346246.14190648,4069675.60166591
346246.14190648,4069675.60166591
346246.14190648,4069675.60166591
346246.14190648,4069675.60166591
346246.14190648,4069675.60166591
346246.14190648,4069675.60166591
346246.14190648,4069675.60166591
346246.14190648,4069675.60166591
346246.14190648,4069675.60166591
346246.14190648,4069675.60166591
346246.20568139,4069675.62252893
346246.20568139,4069675.62252893
346246.20568139,4069675.62252893
346246.20568139,4069675.62252893
346246.20568139,4069675.62252893
346246.20568139,4069675.62252893
346246.20568139,4069675.62252893
346246.20568139,4069675.62252893
346246.20568139,4069675.62252893
346246.26601877,4069675.65085242
346246.26601877,4069675.65085242
346246.26601877,4069675.65085242
346246.26601877,4069675.65085242
346246.26601877,4069675.65085242
346246.26601877,4069675.65085242
346246.26601877,4069675.65085242
346246.26601877,4069675.65085242
346246.26601877,4069675.65085242
346246.26601877,4069675.65085242
346246.26601877,4069675.65085242
346246.33474755,4069675.68235425
346246.33474755,4069675.68235425
346246.33474755,4069675.68235425
346246.33474755,4069675.68235425
346246.33474755,4069675.68235425
346246.33474755,4069675.68235425
346246.33474755,4069675.68235425
346246.33474755,4069675.68235425
346246.33474755,4069675.68235425
346246.39252578,4069675.70905911
346246.39252578,4069675.70905911
346246.39252578,4069675.70905911
346246.39252578,4069675.70905911
346246.39252578,4069675.70905911
346246.39252578,4069675.70905911
346246.39252578,4069675.70905911
346246.39252578,4069675.70905911
346246.39252578,4069675.70905911
346246.39252578,4069675.70905911
346246.44731849,4069675.73526281
346246.44731849,4069675.73526281
346246.44731849,4069675.73526281
346246.44731849,4069675.73526281
346246.44731849,4069675.73526281
346246.44731849,4069675.73526281
346246.44731849,4069675.73526281
346246.44731849,4069675.73526281
346246.44731849,4069675.73526281
346246.44731849,4069675.73526281
346246.44731849,4069675.73526281
346246.50627127,4069675.76934514
346246.50627127,4069675.76934514
346246.50627127,4069675.76934514
346246.50627127,4069675.76934514
346246.50627127,4069675.76934514
346246.50627127,4069675.76934514
346246.50627127,4069675.76934514
346246.50627127,4069675.76934514
346246.50627127,4069675.76934514
346246.50627127,4069675.76934514
346246.56109394,4069675.79721299
346246.56109394,4069675.79721299
346246.56109394,4069675.79721299
346246.56109394,4069675.79721299
346246.56109394,4069675.79721299
346246.56109394,4069675.79721299
346246.56109394,4069675.79721299
346246.56109394,4069675.79721299
346246.56109394,4069675.79721299
346246.56109394,4069675.79721299
346246.61196520,4069675.82052783
346246.61196520,4069675.82052783
346246.61196520,4069675.82052783
346246.61196520,4069675.82052783
346246.61196520,4069675.82052783
346246.61196520,4069675.82052783
346246.61196520,4069675.82052783
346246.61196520,4069675.82052783
346246.61196520,4069675.82052783
346246.61196520,4069675.82052783
346246.66689768,4069675.85449755
346246.66689768,4069675.85449755
346246.66689768,4069675.85449755
346246.66689768,4069675.85449755
346246.66689768,4069675.85449755
346246.66689768,4069675.85449755
346246.66689768,4069675.85449755
346246.66689768,4069675.85449755
346246.66689768,4069675.85449755
346246.66689768,4069675.85449755
346246.72456707,4069675.88342395
346246.72456707,4069675.88342395
346246.72456707,4069675.88342395
346246.72456707,4069675.88342395
346246.72456707,4069675.88342395
346246.72456707,4069675.88342395
346246.72456707,4069675.88342395
346246.72456707,4069675.88342395
346246.72456707,4069675.88342395
346246.72456707,4069675.88342395
346246.77409367,4069675.91471649
346246.77409367,4069675.91471649
346246.77409367,4069675.91471649
346246.77409367,4069675.91471649
346246.77409367,4069675.91471649
346246.77409367,4069675.91471649
346246.77409367,4069675.91471649
346246.77409367,4069675.91471649
346246.77409367,4069675.91471649
346246.77409367,4069675.91471649
346246.82375671,4069675.95359015
346246.82375671,4069675.95359015
346246.82375671,4069675.95359015
346246.82375671,4069675.95359015
346246.82375671,4069675.95359015
346246.82375671,4069675.95359015
346246.82375671,4069675.95359015
346246.82375671,4069675.95359015
346246.82375671,4069675.95359015
346246.82375671,4069675.95359015
346246.87936985,4069675.98403328
346246.87936985,4069675.98403328
346246.87936985,4069675.98403328
346246.87936985,4069675.98403328
346246.87936985,4069675.98403328
346246.87936985,4069675.98403328
346246.87936985,4069675.98403328
346246.87936985,4069675.98403328
346246.87936985,4069675.98403328
346246.87936985,4069675.98403328
346246.93206402,4069676.01767336
346246.93206402,4069676.01767336
346246.93206402,4069676.01767336
346246.93206402,4069676.01767336
346246.93206402,4069676.01767336
346246.93206402,4069676.01767336
346246.93206402,4069676.01767336
346246.93206402,4069676.01767336
346246.93206402,4069676.01767336
346246.93206402,4069676.01767336
346246.97858846,4069676.04754022
346246.97858846,4069676.04754022
346246.97858846,4069676.04754022
346246.97858846,4069676.04754022
346246.97858846,4069676.04754022
346246.97858846,4069676.04754022
346246.97858846,4069676.04754022
346246.97858846,4069676.04754022
346246.97858846,4069676.04754022
346246.97858846,4069676.04754022
346247.03298574,4069676.08484894
346247.03298574,4069676.08484894
346247.03298574,4069676.08484894
346247.03298574,4069676.08484894
346247.03298574,4069676.08484894
346247.03298574,4069676.08484894
346247.03298574,4069676.08484894
346247.03298574,4069676.08484894
346247.03298574,4069676.08484894
346247.03298574,4069676.08484894
346247.08275429,4069676.12131615
346247.08275429,4069676.12131615
346247.08275429,4069676.12131615
346247.08275429,4069676.12131615
346247.08275429,4069676.12131615
346247.08275429,4069676.12131615
346247.08275429,4069676.12131615
346247.08275429,4069676.12131615
346247.08275429,4069676.12131615
346247.08275429,4069676.12131615
346247.13237642,4069676.14964754
346247.13237642,4069676.14964754
346247.13237642,4069676.14964754
346247.13237642,4069676.14964754
346247.13237642,4069676.14964754
346247.13237642,4069676.14964754
346247.13237642,4069676.14964754
346247.13237642,4069676.14964754
346247.13237642,4069676.14964754
346247.13237642,4069676.14964754
346247.18687686,4069676.19268833
346247.18687686,4069676.19268833
346247.18687686,4069676.19268833
346247.18687686,4069676.19268833
346247.18687686,4069676.19268833
346247.18687686,4069676.19268833
346247.18687686,4069676.19268833
346247.18687686,4069676.19268833
346247.18687686,4069676.19268833
346247.23655654,4069676.23248651
346247.23655654,4069676.23248651
346247.23655654,4069676.23248651
346247.23655654,4069676.23248651
346247.23655654,4069676.23248651
346247.23655654,4069676.23248651
346247.23655654,4069676.23248651
346247.23655654,4069676.23248651
346247.23655654,4069676.23248651
346247.23655654,4069676.23248651
346247.23655654,4069676.23248651
346247.28629847,4069676.26747448
346247.28629847,4069676.26747448
346247.28629847,4069676.26747448
346247.28629847,4069676.26747448
346247.28629847,4069676.26747448
346247.28629847,4069676.26747448
346247.28629847,4069676.26747448
346247.28629847,4069676.26747448
346247.28629847,4069676.26747448
346247.28629847,4069676.26747448
346247.33994286,4069676.31256529
346247.33994286,4069676.31256529
346247.33994286,4069676.31256529
346247.33994286,4069676.31256529
346247.33994286,4069676.31256529
346247.33994286,4069676.31256529
346247.33994286,4069676.31256529
346247.33994286,4069676.31256529
346247.33994286,4069676.31256529
346247.33994286,4069676.31256529
346247.39040303,4069676.35438405
346247.39040303,4069676.35438405
346247.39040303,4069676.35438405
346247.39040303,4069676.35438405
346247.39040303,4069676.35438405
346247.39040303,4069676.35438405
346247.39040303,4069676.35438405
346247.39040303,4069676.35438405
346247.39040303,4069676.35438405
346247.39040303,4069676.35438405
346247.44220552,4069676.39636361
346247.44220552,4069676.39636361
346247.44220552,4069676.39636361
346247.44220552,4069676.39636361
346247.44220552,4069676.39636361
346247.44220552,4069676.39636361
346247.44220552,4069676.39636361
346247.44220552,4069676.39636361
346247.44220552,4069676.39636361
346247.44220552,4069676.39636361
346247.49185956,4069676.44300596
346247.49185956,4069676.44300596
346247.49185956,4069676.44300596
346247.49185956,4069676.44300596
346247.49185956,4069676.44300596
346247.49185956,4069676.44300596
346247.49185956,4069676.44300596
346247.49185956,4069676.44300596
346247.49185956,4069676.44300596
346247.49185956,4069676.44300596
346247.54437598,4069676.48330798
346247.54437598,4069676.48330798
346247.54437598,4069676.48330798
346247.54437598,4069676.48330798
346247.54437598,4069676.48330798
346247.54437598,4069676.48330798
346247.54437598,4069676.48330798
346247.54437598,4069676.48330798
346247.54437598,4069676.48330798
346247.54437598,4069676.48330798
346247.59757736,4069676.52859174
346247.59757736,4069676.52859174
346247.59757736,4069676.52859174
346247.59757736,4069676.52859174
346247.59757736,4069676.52859174
346247.59757736,4069676.52859174
346247.59757736,4069676.52859174
346247.59757736,4069676.52859174
346247.59757736,4069676.52859174
346247.59757736,4069676.52859174
346247.64728699,4069676.57005407
346247.64728699,4069676.57005407
346247.64728699,4069676.57005407
346247.64728699,4069676.57005407
346247.64728699,4069676.57005407
346247.64728699,4069676.57005407
346247.64728699,4069676.57005407
346247.64728699,4069676.57005407
346247.64728699,4069676.57005407
346247.69908712,4069676.62017214
346247.69908712,4069676.62017214
346247.69908712,4069676.62017214
346247.69908712,4069676.62017214
346247.69908712,4069676.62017214
346247.69908712,4069676.62017214
346247.69908712,4069676.62017214
346247.69908712,4069676.62017214
346247.69908712,4069676.62017214
346247.69908712,4069676.62017214
346247.69908712,4069676.62017214
346247.74701476,4069676.66185151
346247.74701476,4069676.66185151
346247.74701476,4069676.66185151
346247.74701476,4069676.66185151
346247.74701476,4069676.66185151
346247.74701476,4069676.66185151
346247.74701476,4069676.66185151
346247.74701476,4069676.66185151
346247.74701476,4069676.66185151
346247.74701476,4069676.66185151
346247.74701476,4069676.66185151
346247.80279526,4069676.70986332
346247.80279526,4069676.70986332
346247.80279526,4069676.70986332
346247.80279526,4069676.70986332
346247.80279526,4069676.70986332
346247.80279526,4069676.70986332
346247.80279526,4069676.70986332
346247.80279526,4069676.70986332
346247.80279526,4069676.70986332
346247.85346509,4069676.76333110
346247.85346509,4069676.76333110
346247.85346509,4069676.76333110
346247.85346509,4069676.76333110
346247.85346509,4069676.76333110
346247.85346509,4069676.76333110
346247.85346509,4069676.76333110
346247.85346509,4069676.76333110
346247.85346509,4069676.76333110
346247.89978613,4069676.80670407
346247.89978613,4069676.80670407
346247.89978613,4069676.80670407
346247.89978613,4069676.80670407
346247.89978613,4069676.80670407
346247.89978613,4069676.80670407
346247.89978613,4069676.80670407
346247.89978613,4069676.80670407
346247.89978613,4069676.80670407
346247.89978613,4069676.80670407
346247.89978613,4069676.80670407
346247.95745512,4069676.86041582
346247.95745512,4069676.86041582
346247.95745512,4069676.86041582
346247.95745512,4069676.86041582
346247.95745512,4069676.86041582
346247.95745512,4069676.86041582
346247.95745512,4069676.86041582
346247.95745512,4069676.86041582
346247.95745512,4069676.86041582
346247.95745512,4069676.86041582
346247.99725661,4069676.90538585
346247.99725661,4069676.90538585
346247.99725661,4069676.90538585
346247.99725661,4069676.90538585
346247.99725661,4069676.90538585
346247.99725661,4069676.90538585
346247.99725661,4069676.90538585
346247.99725661,4069676.90538585
346247.99725661,4069676.90538585
346247.99725661,4069676.90538585
346248.05344448,4069676.95949418
346248.05344448,4069676.95949418
346248.05344448,4069676.95949418
346248.05344448,4069676.95949418
346248.05344448,4069676.95949418
346248.05344448,4069676.95949418
346248.05344448,4069676.95949418
346248.05344448,4069676.95949418
346248.05344448,4069676.95949418
346248.05344448,4069676.95949418
346248.10178614,4069677.00763988
346248.10178614,4069677.00763988
346248.10178614,4069677.00763988
346248.10178614,4069677.00763988
346248.10178614,4069677.00763988
346248.10178614,4069677.00763988
346248.10178614,4069677.00763988
346248.10178614,4069677.00763988
346248.10178614,4069677.00763988
346248.14683808,4069677.05491996
346248.14683808,4069677.05491996
346248.14683808,4069677.05491996
346248.14683808,4069677.05491996
346248.14683808,4069677.05491996
346248.14683808,4069677.05491996
346248.14683808,4069677.05491996
346248.14683808,4069677.05491996
346248.14683808,4069677.05491996
346248.14683808,4069677.05491996
346248.14683808,4069677.05491996
346248.20400748,4069677.10568125
346248.20400748,4069677.10568125
346248.20400748,4069677.10568125
346248.20400748,4069677.10568125
346248.20400748,4069677.10568125
346248.20400748,4069677.10568125
346248.20400748,4069677.10568125
346248.20400748,4069677.10568125
346248.20400748,4069677.10568125
346248.25932070,4069677.14426826
346248.25932070,4069677.14426826
346248.25932070,4069677.14426826
346248.25932070,4069677.14426826
346248.25932070,4069677.14426826
346248.25932070,4069677.14426826
346248.25932070,4069677.14426826
346248.25932070,4069677.14426826
346248.25932070,4069677.14426826
346248.25932070,4069677.14426826
346248.25932070,4069677.14426826
346248.31013499,4069677.18922505
346248.31013499,4069677.18922505
346248.31013499,4069677.18922505
346248.31013499,4069677.18922505
346248.31013499,4069677.18922505
346248.31013499,4069677.18922505
346248.31013499,4069677.18922505
346248.31013499,4069677.18922505
346248.31013499,4069677.18922505
346248.31013499,4069677.18922505
346248.36986022,4069677.24142007
346248.36986022,4069677.24142007
346248.36986022,4069677.24142007
346248.36986022,4069677.24142007
346248.36986022,4069677.24142007
346248.36986022,4069677.24142007
346248.36986022,4069677.24142007
346248.36986022,4069677.24142007
346248.36986022,4069677.24142007
346248.36986022,4069677.24142007
346248.41783346,4069677.27736470
346248.41783346,4069677.27736470
346248.41783346,4069677.27736470
346248.41783346,4069677.27736470
346248.41783346,4069677.27736470
346248.41783346,4069677.27736470
346248.41783346,4069677.27736470
346248.41783346,4069677.27736470
346248.41783346,4069677.27736470
346248.47423471,4069677.31852164
346248.47423471,4069677.31852164
346248.47423471,4069677.31852164
346248.47423471,4069677.31852164
346248.47423471,4069677.31852164
346248.47423471,4069677.31852164
346248.47423471,4069677.31852164
346248.47423471,4069677.31852164
346248.47423471,4069677.31852164
346248.47423471,4069677.31852164
346248.47423471,4069677.31852164
346248.51932226,4069677.35951227
346248.51932226,4069677.35951227
346248.51932226,4069677.35951227
346248.51932226,4069677.35951227
346248.51932226,4069677.35951227
346248.51932226,4069677.35951227
346248.51932226,4069677.35951227
346248.51932226,4069677.35951227
346248.51932226,4069677.35951227
346248.51932226,4069677.35951227
346248.56485850,4069677.39235636
346248.56485850,4069677.39235636
346248.56485850,4069677.39235636
346248.56485850,4069677.39235636
346248.56485850,4069677.39235636
346248.56485850,4069677.39235636
346248.56485850,4069677.39235636
346248.56485850,4069677.39235636
346248.56485850,4069677.39235636
346248.61190345,4069677.43460651
346248.61190345,4069677.43460651
346248.61190345,4069677.43460651
346248.61190345,4069677.43460651
346248.61190345,4069677.43460651
346248.61190345,4069677.43460651
346248.61190345,4069677.43460651
346248.61190345,4069677.43460651
346248.61190345,4069677.43460651
346248.61190345,4069677.43460651
346248.61190345,4069677.43460651
346248.64969097,4069677.47517363
346248.64969097,4069677.47517363
346248.64969097,4069677.47517363
346248.64969097,4069677.47517363
346248.64969097,4069677.47517363
346248.64969097,4069677.47517363
346248.64969097,4069677.47517363
346248.64969097,4069677.47517363
346248.64969097,4069677.47517363
346248.64969097,4069677.47517363
346248.68283548,4069677.50583620
346248.68283548,4069677.50583620
346248.68283548,4069677.50583620
346248.68283548,4069677.50583620
346248.68283548,4069677.50583620
346248.68283548,4069677.50583620
346248.68283548,4069677.50583620
346248.68283548,4069677.50583620
346248.68283548,4069677.50583620
346248.72089060,4069677.54473382
346248.72089060,4069677.54473382
346248.72089060,4069677.54473382
346248.72089060,4069677.54473382
346248.72089060,4069677.54473382
346248.72089060,4069677.54473382
346248.72089060,4069677.54473382
346248.72089060,4069677.54473382
346248.72089060,4069677.54473382
346248.72089060,4069677.54473382
346248.72089060,4069677.54473382
346248.76151388,4069677.57748137
346248.76151388,4069677.57748137
346248.76151388,4069677.57748137
346248.76151388,4069677.57748137
346248.76151388,4069677.57748137
346248.76151388,4069677.57748137
346248.76151388,4069677.57748137
346248.76151388,4069677.57748137
346248.76151388,4069677.57748137
346248.79596410,4069677.60627079
346248.79596410,4069677.60627079
346248.79596410,4069677.60627079
346248.79596410,4069677.60627079
346248.79596410,4069677.60627079
346248.79596410,4069677.60627079
346248.79596410,4069677.60627079
346248.79596410,4069677.60627079
346248.79596410,4069677.60627079
346248.79596410,4069677.60627079
346248.83135024,4069677.63744791
346248.83135024,4069677.63744791
346248.83135024,4069677.63744791
346248.83135024,4069677.63744791
346248.83135024,4069677.63744791
346248.83135024,4069677.63744791
346248.83135024,4069677.63744791
346248.83135024,4069677.63744791
346248.83135024,4069677.63744791
346248.83135024,4069677.63744791
346248.83135024,4069677.63744791
346248.87533646,4069677.67512899
346248.87533646,4069677.67512899
346248.87533646,4069677.67512899
346248.87533646,4069677.67512899
346248.87533646,4069677.67512899
346248.87533646,4069677.67512899
346248.87533646,4069677.67512899
346248.87533646,4069677.67512899
346248.87533646,4069677.67512899
346248.87533646,4069677.67512899
346248.92256248,4069677.71090211
346248.92256248,4069677.71090211
346248.92256248,4069677.71090211
346248.92256248,4069677.71090211
346248.92256248,4069677.71090211
346248.92256248,4069677.71090211
346248.92256248,4069677.71090211
346248.92256248,4069677.71090211
346248.92256248,4069677.71090211
346248.96599353,4069677.75081277
346248.96599353,4069677.75081277
346248.96599353,4069677.75081277
346248.96599353,4069677.75081277
346248.96599353,4069677.75081277
346248.96599353,4069677.75081277
346248.96599353,4069677.75081277
346248.96599353,4069677.75081277
346248.96599353,4069677.75081277
346248.96599353,4069677.75081277
346248.96599353,4069677.75081277
346249.01577968,4069677.79652793
346249.01577968,4069677.79652793
346249.01577968,4069677.79652793
346249.01577968,4069677.79652793
346249.01577968,4069677.79652793
346249.01577968,4069677.79652793
346249.01577968,4069677.79652793
346249.01577968,4069677.79652793
346249.01577968,4069677.79652793
346249.01577968,4069677.79652793
346249.06971162,4069677.84105868
346249.06971162,4069677.84105868
346249.06971162,4069677.84105868
346249.06971162,4069677.84105868
346249.06971162,4069677.84105868
346249.06971162,4069677.84105868
346249.06971162,4069677.84105868
346249.06971162,4069677.84105868
346249.06971162,4069677.84105868
346249.12922483,4069677.88974318
346249.12922483,4069677.88974318
346249.12922483,4069677.88974318
346249.12922483,4069677.88974318
346249.12922483,4069677.88974318
346249.12922483,4069677.88974318
346249.12922483,4069677.88974318
346249.12922483,4069677.88974318
346249.12922483,4069677.88974318
346249.12922483,4069677.88974318
346249.19153251,4069677.94485116
346249.19153251,4069677.94485116
346249.19153251,4069677.94485116
346249.19153251,4069677.94485116
346249.19153251,4069677.94485116
346249.19153251,4069677.94485116
346249.19153251,4069677.94485116
346249.19153251,4069677.94485116
346249.19153251,4069677.94485116
346249.19153251,4069677.94485116
346249.19153251,4069677.94485116
346249.25663698,4069677.99824413
346249.25663698,4069677.99824413
346249.25663698,4069677.99824413
346249.25663698,4069677.99824413
346249.25663698,4069677.99824413
346249.25663698,4069677.99824413
346249.25663698,4069677.99824413
346249.25663698,4069677.99824413
346249.25663698,4069677.99824413
346249.25663698,4069677.99824413
346249.32104749,4069678.05442406
346249.32104749,4069678.05442406
346249.32104749,4069678.05442406
346249.32104749,4069678.05442406
346249.32104749,4069678.05442406
346249.32104749,4069678.05442406
346249.32104749,4069678.05442406
346249.32104749,4069678.05442406
346249.32104749,4069678.05442406
346249.32104749,4069678.05442406
346249.38679366,4069678.11039498
346249.38679366,4069678.11039498
346249.38679366,4069678.11039498
346249.38679366,4069678.11039498
346249.38679366,4069678.11039498
346249.38679366,4069678.11039498
346249.38679366,4069678.11039498
346249.38679366,4069678.11039498
346249.38679366,4069678.11039498
346249.45405089,4069678.16763347
346249.45405089,4069678.16763347
346249.45405089,4069678.16763347
346249.45405089,4069678.16763347
346249.45405089,4069678.16763347
346249.45405089,4069678.16763347
346249.45405089,4069678.16763347
346249.45405089,4069678.16763347
346249.45405089,4069678.16763347
346249.45405089,4069678.16763347
346249.51972150,4069678.22767499
346249.51972150,4069678.22767499
346249.51972150,4069678.22767499
346249.51972150,4069678.22767499
346249.51972150,4069678.22767499
346249.51972150,4069678.22767499
346249.51972150,4069678.22767499
346249.51972150,4069678.22767499
346249.51972150,4069678.22767499
346249.51972150,4069678.22767499
346249.51972150,4069678.22767499
346249.57762909,4069678.28637650
346249.57762909,4069678.28637650
346249.57762909,4069678.28637650
346249.57762909,4069678.28637650
346249.57762909,4069678.28637650
346249.57762909,4069678.28637650
346249.57762909,4069678.28637650
346249.57762909,4069678.28637650
346249.57762909,4069678.28637650
346249.63397238,4069678.34085198
346249.63397238,4069678.34085198
346249.63397238,4069678.34085198
346249.63397238,4069678.34085198
346249.63397238,4069678.34085198
346249.63397238,4069678.34085198
346249.63397238,4069678.34085198
346249.63397238,4069678.34085198
346249.63397238,4069678.34085198
346249.63397238,4069678.34085198
346249.69332017,4069678.38861463
346249.69332017,4069678.38861463
346249.69332017,4069678.38861463
346249.69332017,4069678.38861463
346249.69332017,4069678.38861463
346249.69332017,4069678.38861463
346249.69332017,4069678.38861463
346249.69332017,4069678.38861463
346249.69332017,4069678.38861463
346249.69332017,4069678.38861463
346249.69332017,4069678.38861463
346249.74340055,4069678.43413954
346249.74340055,4069678.43413954
346249.74340055,4069678.43413954
346249.74340055,4069678.43413954
346249.74340055,4069678.43413954
346249.74340055,4069678.43413954
346249.74340055,4069678.43413954
346249.74340055,4069678.43413954
346249.74340055,4069678.43413954
346249.74340055,4069678.43413954
346249.79083191,4069678.47305337
346249.79083191,4069678.47305337
346249.79083191,4069678.47305337
346249.79083191,4069678.47305337
346249.79083191,4069678.47305337
346249.79083191,4069678.47305337
346249.79083191,4069678.47305337
346249.79083191,4069678.47305337
346249.79083191,4069678.47305337
346249.79083191,4069678.47305337
346249.82818640,4069678.51436815
346249.82818640,4069678.51436815
346249.82818640,4069678.51436815
346249.82818640,4069678.51436815
346249.82818640,4069678.51436815
346249.82818640,4069678.51436815
346249.82818640,4069678.51436815
346249.82818640,4069678.51436815
346249.82818640,4069678.51436815
346249.82818640,4069678.51436815
346249.86144307,4069678.54299409
346249.86144307,4069678.54299409
346249.86144307,4069678.54299409
346249.86144307,4069678.54299409
346249.86144307,4069678.54299409
346249.86144307,4069678.54299409
346249.86144307,4069678.54299409
346249.86144307,4069678.54299409
346249.86144307,4069678.54299409
346249.89065282,4069678.57002818
346249.89065282,4069678.57002818
346249.89065282,4069678.57002818
346249.89065282,4069678.57002818
346249.89065282,4069678.57002818
346249.89065282,4069678.57002818
346249.89065282,4069678.57002818
346249.89065282,4069678.57002818
346249.89065282,4069678.57002818
346249.89065282,4069678.57002818
346249.91678388,4069678.59138376
346249.91678388,4069678.59138376
346249.91678388,4069678.59138376
346249.91678388,4069678.59138376
346249.91678388,4069678.59138376
346249.91678388,4069678.59138376
346249.91678388,4069678.59138376
346249.91678388,4069678.59138376
346249.91678388,4069678.59138376
346249.91678388,4069678.59138376
346249.91678388,4069678.59138376
346249.93475453,4069678.60585753
346249.93475453,4069678.60585753
346249.93475453,4069678.60585753
346249.93475453,4069678.60585753
346249.93475453,4069678.60585753
346249.93475453,4069678.60585753
346249.93475453,4069678.60585753
346249.93475453,4069678.60585753
346249.93475453,4069678.60585753
346249.94729934,4069678.61654470
346249.94729934,4069678.61654470
346249.94729934,4069678.61654470
346249.94729934,4069678.61654470
346249.94729934,4069678.61654470
346249.94729934,4069678.61654470
346249.94729934,4069678.61654470
346249.94729934,4069678.61654470
346249.94729934,4069678.61654470
346249.94729934,4069678.61654470
346249.95275513,4069678.62199546
346249.95275513,4069678.62199546
346249.95275513,4069678.62199546
346249.95275513,4069678.62199546
346249.95275513,4069678.62199546
346249.95275513,4069678.62199546
346249.95275513,4069678.62199546
346249.95275513,4069678.62199546
346249.95275513,4069678.62199546
346249.95275513,4069678.62199546
346249.95202789,4069678.62293337
346249.95202789,4069678.62293337
346249.95202789,4069678.62293337
346249.95202789,4069678.62293337
346249.95202789,4069678.62293337
346249.95202789,4069678.62293337
346249.95202789,4069678.62293337
346249.95202789,4069678.62293337
346249.95202789,4069678.62293337
346249.95202789,4069678.62293337
346249.94767010,4069678.62060726
346249.94767010,4069678.62060726
346249.94767010,4069678.62060726
346249.94767010,4069678.62060726
346249.94767010,4069678.62060726
346249.94767010,4069678.62060726
346249.94767010,4069678.62060726
346249.94767010,4069678.62060726
346249.94767010,4069678.62060726
346249.94767010,4069678.62060726
346249.94341548,4069678.62401320
346249.94341548,4069678.62401320
346249.94341548,4069678.62401320
346249.94341548,4069678.62401320
346249.94341548,4069678.62401320
346249.94341548,4069678.62401320
346249.94341548,4069678.62401320
346249.94341548,4069678.62401320
346249.94341548,4069678.62401320
346249.94341548,4069678.62401320
346249.94341548,4069678.62401320
346249.94102507,4069678.62350133
346249.94102507,4069678.62350133
346249.94102507,4069678.62350133
346249.94102507,4069678.62350133
346249.94102507,4069678.62350133
346249.94102507,4069678.62350133
346249.94102507,4069678.62350133
346249.94102507,4069678.62350133
346249.94102507,4069678.62350133
346249.94102507,4069678.62350133
346249.93455113,4069678.61936365
346249.93455113,4069678.61936365
346249.93455113,4069678.61936365
346249.93455113,4069678.61936365
346249.93455113,4069678.61936365
346249.93455113,4069678.61936365
346249.93455113,4069678.61936365
346249.93455113,4069678.61936365
346249.93455113,4069678.61936365
346249.93014010,4069678.61407905
346249.93014010,4069678.61407905
346249.93014010,4069678.61407905
346249.93014010,4069678.61407905
346249.93014010,4069678.61407905
346249.93014010,4069678.61407905
346249.93014010,4069678.61407905
346249.93014010,4069678.61407905
346249.93014010,4069678.61407905
346249.93014010,4069678.61407905
346249.92172209,4069678.60942146
346249.92172209,4069678.60942146
346249.92172209,4069678.60942146
346249.92172209,4069678.60942146
346249.92172209,4069678.60942146
346249.92172209,4069678.60942146
346249.92172209,4069678.60942146
346249.92172209,4069678.60942146
346249.92172209,4069678.60942146
346249.92172209,4069678.60942146
346249.91547914,4069678.60158032
346249.91547914,4069678.60158032
346249.91547914,4069678.60158032
346249.91547914,4069678.60158032
346249.91547914,4069678.60158032
346249.91547914,4069678.60158032
346249.91547914,4069678.60158032
346249.91547914,4069678.60158032
346249.91547914,4069678.60158032
346249.91547914,4069678.60158032
346249.90944155,4069678.59687989
346249.90944155,4069678.59687989
346249.90944155,4069678.59687989
346249.90944155,4069678.59687989
346249.90944155,4069678.59687989
346249.90944155,4069678.59687989
346249.90944155,4069678.59687989
346249.90944155,4069678.59687989
346249.90944155,4069678.59687989
346249.90944155,4069678.59687989
346249.90222706,4069678.59294051
346249.90222706,4069678.59294051
346249.90222706,4069678.59294051
346249.90222706,4069678.59294051
346249.90222706,4069678.59294051
346249.90222706,4069678.59294051
346249.90222706,4069678.59294051
346249.90222706,4069678.59294051
346249.90222706,4069678.59294051
346249.90222706,4069678.59294051
346249.89704885,4069678.58637496
346249.89704885,4069678.58637496
346249.89704885,4069678.58637496
346249.89704885,4069678.58637496
346249.89704885,4069678.58637496
346249.89704885,4069678.58637496
346249.89704885,4069678.58637496
346249.89704885,4069678.58637496
346249.89704885,4069678.58637496
346249.89704885,4069678.58637496
346249.89402340,4069678.58365493
346249.89402340,4069678.58365493
346249.89402340,4069678.58365493
346249.89402340,4069678.58365493
346249.89402340,4069678.58365493
346249.89402340,4069678.58365493
346249.89402340,4069678.58365493
346249.89402340,4069678.58365493
346249.89402340,4069678.58365493
346249.89402340,4069678.58365493
346249.89402340,4069678.58365493
346249.89599077,4069678.58546917
346249.89599077,4069678.58546917
346249.89599077,4069678.58546917
346249.89599077,4069678.58546917
346249.89599077,4069678.58546917
346249.89599077,4069678.58546917
346249.89599077,4069678.58546917
346249.89599077,4069678.58546917
346249.89599077,4069678.58546917
346249.89599077,4069678.58546917
346249.89599077,4069678.58546917
346249.89735638,4069678.58692432
346249.89735638,4069678.58692432
346249.89735638,4069678.58692432
346249.89735638,4069678.58692432
346249.89735638,4069678.58692432
346249.89735638,4069678.58692432
346249.89735638,4069678.58692432
346249.89735638,4069678.58692432
346249.89327286,4069678.58329851
346249.89327286,4069678.58329851
346249.89327286,4069678.58329851
346249.89327286,4069678.58329851
346249.89327286,4069678.58329851
346249.89327286,4069678.58329851
346249.89327286,4069678.58329851
346249.89327286,4069678.58329851
346249.89327286,4069678.58329851
346249.89327286,4069678.58329851
346249.89327286,4069678.58329851
346249.89685681,4069678.58397387
346249.89685681,4069678.58397387
346249.89685681,4069678.58397387
346249.89685681,4069678.58397387
346249.89685681,4069678.58397387
346249.89685681,4069678.58397387
346249.89685681,4069678.58397387
346249.89685681,4069678.58397387
346249.89685681,4069678.58397387
346249.89700891,4069678.58415610
346249.89700891,4069678.58415610
346249.89700891,4069678.58415610
346249.89700891,4069678.58415610
346249.89700891,4069678.58415610
346249.89700891,4069678.58415610
346249.89700891,4069678.58415610
346249.89700891,4069678.58415610
346249.89700891,4069678.58415610
346249.89700891,4069678.58415610
346249.89474066,4069678.58216230
346249.89474066,4069678.58216230
346249.89474066,4069678.58216230
346249.89474066,4069678.58216230
346249.89474066,4069678.58216230
346249.89474066,4069678.58216230
346249.89474066,4069678.58216230
346249.89474066,4069678.58216230
346249.89474066,4069678.58216230
346249.89474066,4069678.58216230
346249.89537903,4069678.58455536
346249.89537903,4069678.58455536
346249.89537903,4069678.58455536
346249.89537903,4069678.58455536
346249.89537903,4069678.58455536
346249.89537903,4069678.58455536
346249.89537903,4069678.58455536
346249.89537903,4069678.58455536
346249.89537903,4069678.58455536
346249.89537903,4069678.58455536
346249.89537903,4069678.58455536
346249.89593753,4069678.58251069
346249.89593753,4069678.58251069
346249.89593753,4069678.58251069
346249.89593753,4069678.58251069
