346249.89593753,4069678.58251069
346249.89593753,4069678.58251069
346249.89593753,4069678.58251069
346249.89593753,4069678.58251069
346249.89593753,4069678.58251069
346249.89430431,4069678.58272505
346249.89430431,4069678.58272505
346249.89430431,4069678.58272505
346249.89430431,4069678.58272505
346249.89430431,4069678.58272505
346249.89430431,4069678.58272505
346249.89430431,4069678.58272505
346249.89430431,4069678.58272505
346249.89430431,4069678.58272505
346249.89430431,4069678.58272505
346249.89430431,4069678.58272505
346249.89596082,4069678.58380503
346249.89596082,4069678.58380503
346249.89596082,4069678.58380503
346249.89596082,4069678.58380503
346249.89596082,4069678.58380503
346249.89596082,4069678.58380503
346249.89596082,4069678.58380503
346249.89596082,4069678.58380503
346249.89596082,4069678.58380503
346249.89578542,4069678.58232846
346249.89578542,4069678.58232846
346249.89578542,4069678.58232846
346249.89578542,4069678.58232846
346249.89578542,4069678.58232846
346249.89578542,4069678.58232846
346249.89578542,4069678.58232846
346249.89578542,4069678.58232846
346249.89578542,4069678.58232846
346249.89578542,4069678.58232846
346249.89578542,4069678.58232846
346249.89637054,4069678.58176304
346249.89637054,4069678.58176304
346249.89637054,4069678.58176304
346249.89637054,4069678.58176304
346249.89637054,4069678.58176304
346249.89637054,4069678.58176304
346249.89637054,4069678.58176304
346249.89637054,4069678.58176304
346249.89637054,4069678.58176304
346249.89651932,4069678.58176036
346249.89651932,4069678.58176036
346249.89651932,4069678.58176036
346249.89651932,4069678.58176036
346249.89651932,4069678.58176036
346249.89651932,4069678.58176036
346249.89651932,4069678.58176036
346249.89651932,4069678.58176036
346249.89651932,4069678.58176036
346249.89651932,4069678.58176036
346249.89593087,4069678.58214088
346249.89593087,4069678.58214088
346249.89593087,4069678.58214088
346249.89593087,4069678.58214088
346249.89593087,4069678.58214088
346249.89593087,4069678.58214088
346249.89593087,4069678.58214088
346249.89593087,4069678.58214088
346249.89593087,4069678.58214088
346249.89593087,4069678.58214088
346249.89651599,4069678.58157545
346249.89651599,4069678.58157545
346249.89651599,4069678.58157545
346249.89651599,4069678.58157545
346249.89651599,4069678.58157545
346249.89651599,4069678.58157545
346249.89651599,4069678.58157545
346249.89651599,4069678.58157545
346249.89651599,4069678.58157545
346249.89651599,4069678.58157545
346249.89594418,4069678.58288050
346249.89594418,4069678.58288050
346249.89594418,4069678.58288050
346249.89594418,4069678.58288050
346249.89594418,4069678.58288050
346249.89594418,4069678.58288050
346249.89594418,4069678.58288050
346249.89594418,4069678.58288050
346249.89594418,4069678.58288050
346249.89594418,4069678.58288050
346249.89607299,4069678.58176839
346249.89607299,4069678.58176839
346249.89607299,4069678.58176839
346249.89607299,4069678.58176839
346249.89607299,4069678.58176839
346249.89607299,4069678.58176839
346249.89607299,4069678.58176839
346249.89607299,4069678.58176839
346249.89607299,4069678.58176839
346249.89607299,4069678.58176839
346249.89697896,4069678.58249195
346249.89697896,4069678.58249195
346249.89697896,4069678.58249195
346249.89697896,4069678.58249195
346249.89697896,4069678.58249195
346249.89697896,4069678.58249195
346249.89697896,4069678.58249195
346249.89697896,4069678.58249195
346249.89697896,4069678.58249195
346249.89697896,4069678.58249195
346249.89609296,4069678.58287782
346249.89609296,4069678.58287782
346249.89609296,4069678.58287782
346249.89609296,4069678.58287782
346249.89609296,4069678.58287782
346249.89609296,4069678.58287782
346249.89609296,4069678.58287782
346249.89609296,4069678.58287782
346249.89609296,4069678.58287782
346249.89609296,4069678.58287782
346249.89609296,4069678.58287782
346249.89536239,4069678.58363083
346249.89536239,4069678.58363083
346249.89536239,4069678.58363083
346249.89536239,4069678.58363083
346249.89536239,4069678.58363083
346249.89536239,4069678.58363083
346249.89536239,4069678.58363083
346249.89536239,4069678.58363083
346249.89536239,4069678.58363083
346249.89599410,4069678.58565408
346249.89599410,4069678.58565408
346249.89599410,4069678.58565408
346249.89599410,4069678.58565408
346249.89599410,4069678.58565408
346249.89599410,4069678.58565408
346249.89599410,4069678.58565408
346249.89599410,4069678.58565408
346249.89599410,4069678.58565408
346249.89599410,4069678.58565408
346249.89599410,4069678.58565408
346249.89598412,4069678.58509936
346249.89598412,4069678.58509936
346249.89598412,4069678.58509936
346249.89598412,4069678.58509936
346249.89598412,4069678.58509936
346249.89598412,4069678.58509936
346249.89598412,4069678.58509936
346249.89598412,4069678.58509936
346249.89598412,4069678.58509936
346249.89598412,4069678.58509936
346249.89540898,4069678.58621951
346249.89540898,4069678.58621951
346249.89540898,4069678.58621951
346249.89540898,4069678.58621951
346249.89540898,4069678.58621951
346249.89540898,4069678.58621951
346249.89540898,4069678.58621951
346249.89540898,4069678.58621951
346249.89540898,4069678.58621951
346249.89643710,4069678.58546114
346249.89643710,4069678.58546114
346249.89643710,4069678.58546114
346249.89643710,4069678.58546114
346249.89643710,4069678.58546114
346249.89643710,4069678.58546114
346249.89643710,4069678.58546114
346249.89643710,4069678.58546114
346249.89643710,4069678.58546114
346249.89643710,4069678.58546114
346249.89643710,4069678.58546114
346249.89597746,4069678.58472955
346249.89597746,4069678.58472955
346249.89597746,4069678.58472955
346249.89597746,4069678.58472955
346249.89597746,4069678.58472955
346249.89597746,4069678.58472955
346249.89597746,4069678.58472955
346249.89597746,4069678.58472955
346249.89597746,4069678.58472955
346249.89615286,4069678.58620612
346249.89615286,4069678.58620612
346249.89615286,4069678.58620612
346249.89615286,4069678.58620612
346249.89615286,4069678.58620612
346249.89615286,4069678.58620612
346249.89615286,4069678.58620612
346249.89615286,4069678.58620612
346249.89615286,4069678.58620612
346249.89615286,4069678.58620612
346249.89661250,4069678.58693771
346249.89661250,4069678.58693771
346249.89661250,4069678.58693771
346249.89661250,4069678.58693771
346249.89661250,4069678.58693771
346249.89661250,4069678.58693771
346249.89661250,4069678.58693771
346249.89661250,4069678.58693771
346249.89661250,4069678.58693771
346249.89661250,4069678.58693771
346249.89538901,4069678.58511008
346249.89538901,4069678.58511008
346249.89538901,4069678.58511008
346249.89538901,4069678.58511008
346249.89538901,4069678.58511008
346249.89538901,4069678.58511008
346249.89538901,4069678.58511008
346249.89538901,4069678.58511008
346249.89538901,4069678.58511008
346249.89538901,4069678.58511008
346249.89417217,4069678.58365225
346249.89417217,4069678.58365225
346249.89417217,4069678.58365225
346249.89417217,4069678.58365225
346249.89417217,4069678.58365225
346249.89417217,4069678.58365225
346249.89417217,4069678.58365225
346249.89417217,4069678.58365225
346249.89417217,4069678.58365225
346249.89417217,4069678.58365225
346249.89325289,4069678.58218908
346249.89325289,4069678.58218908
346249.89325289,4069678.58218908
346249.89325289,4069678.58218908
346249.89325289,4069678.58218908
346249.89325289,4069678.58218908
346249.89325289,4069678.58218908
346249.89325289,4069678.58218908
346249.89325289,4069678.58218908
346249.89325289,4069678.58218908
346249.89325289,4069678.58218908
346249.88994653,4069678.58039893
346249.88994653,4069678.58039893
346249.88994653,4069678.58039893
346249.88994653,4069678.58039893
346249.88994653,4069678.58039893
346249.88994653,4069678.58039893
346249.88994653,4069678.58039893
346249.88994653,4069678.58039893
346249.88994653,4069678.58039893
346249.88994653,4069678.58039893
346249.88874966,4069678.58005055
346249.88874966,4069678.58005055
346249.88874966,4069678.58005055
346249.88874966,4069678.58005055
346249.88874966,4069678.58005055
346249.88874966,4069678.58005055
346249.88874966,4069678.58005055
346249.88874966,4069678.58005055
346249.88874966,4069678.58005055
346249.88612395,4069678.57473382
346249.88612395,4069678.57473382
346249.88612395,4069678.57473382
346249.88612395,4069678.57473382
346249.88612395,4069678.57473382
346249.88612395,4069678.57473382
346249.88612395,4069678.57473382
346249.88612395,4069678.57473382
346249.88612395,4069678.57473382
346249.88612395,4069678.57473382
346249.88612395,4069678.57473382
346249.88342600,4069678.57367258
346249.88342600,4069678.57367258
346249.88342600,4069678.57367258
346249.88342600,4069678.57367258
346249.88342600,4069678.57367258
346249.88342600,4069678.57367258
346249.88342600,4069678.57367258
346249.88342600,4069678.57367258
346249.88342600,4069678.57367258
346249.87897268,4069678.57430763
346249.87897268,4069678.57430763
346249.87897268,4069678.57430763
346249.87897268,4069678.57430763
346249.87897268,4069678.57430763
346249.87897268,4069678.57430763
346249.87897268,4069678.57430763
346249.87897268,4069678.57430763
346249.87897268,4069678.57430763
346249.87897268,4069678.57430763
346249.87635030,4069678.56917580
346249.87635030,4069678.56917580
346249.87635030,4069678.56917580
346249.87635030,4069678.56917580
346249.87635030,4069678.56917580
346249.87635030,4069678.56917580
346249.87635030,4069678.56917580
346249.87635030,4069678.56917580
346249.87635030,4069678.56917580
346249.87635030,4069678.56917580
346249.87320935,4069678.56830751
346249.87320935,4069678.56830751
346249.87320935,4069678.56830751
346249.87320935,4069678.56830751
346249.87320935,4069678.56830751
346249.87320935,4069678.56830751
346249.87320935,4069678.56830751
346249.87320935,4069678.56830751
346249.87320935,4069678.56830751
346249.87320935,4069678.56830751
346249.87077235,4069678.56520696
346249.87077235,4069678.56520696
346249.87077235,4069678.56520696
346249.87077235,4069678.56520696
346249.87077235,4069678.56520696
346249.87077235,4069678.56520696
346249.87077235,4069678.56520696
346249.87077235,4069678.56520696
346249.87077235,4069678.56520696
346249.87077235,4069678.56520696
346249.86716177,4069678.56305236
346249.86716177,4069678.56305236
346249.86716177,4069678.56305236
346249.86716177,4069678.56305236
346249.86716177,4069678.56305236
346249.86716177,4069678.56305236
346249.86716177,4069678.56305236
346249.86716177,4069678.56305236
346249.86716177,4069678.56305236
346249.86716177,4069678.56305236
346249.86716177,4069678.56305236
346249.86607707,4069678.56066734
346249.86607707,4069678.56066734
346249.86607707,4069678.56066734
346249.86607707,4069678.56066734
346249.86607707,4069678.56066734
346249.86607707,4069678.56066734
346249.86607707,4069678.56066734
346249.86607707,4069678.56066734
346249.86607707,4069678.56066734
346249.86394761,4069678.55811615
346249.86394761,4069678.55811615
346249.86394761,4069678.55811615
346249.86394761,4069678.55811615
346249.86394761,4069678.55811615
346249.86394761,4069678.55811615
346249.86394761,4069678.55811615
346249.86394761,4069678.55811615
346249.86394761,4069678.55811615
346249.86394761,4069678.55811615
346249.86394761,4069678.55811615
346249.86184477,4069678.55704421
346249.86184477,4069678.55704421
346249.86184477,4069678.55704421
346249.86184477,4069678.55704421
346249.86184477,4069678.55704421
346249.86184477,4069678.55704421
346249.86184477,4069678.55704421
346249.86184477,4069678.55704421
346249.86184477,4069678.55704421
346249.86184477,4069678.55704421
346249.86094545,4069678.55669046
346249.86094545,4069678.55669046
346249.86094545,4069678.55669046
346249.86094545,4069678.55669046
346249.86094545,4069678.55669046
346249.86094545,4069678.55669046
346249.86094545,4069678.55669046
346249.86094545,4069678.55669046
346249.86094545,4069678.55669046
346249.85893814,4069678.55265736
346249.85893814,4069678.55265736
346249.85893814,4069678.55265736
346249.85893814,4069678.55265736
346249.85893814,4069678.55265736
346249.85893814,4069678.55265736
346249.85893814,4069678.55265736
346249.85893814,4069678.55265736
346249.85893814,4069678.55265736
346249.85893814,4069678.55265736
346249.85675308,4069678.55528620
346249.85675308,4069678.55528620
346249.85675308,4069678.55528620
346249.85675308,4069678.55528620
346249.85675308,4069678.55528620
346249.85675308,4069678.55528620
346249.85675308,4069678.55528620
346249.85675308,4069678.55528620
346249.85675308,4069678.55528620
346249.85675308,4069678.55528620
346249.85786010,4069678.55064214
346249.85786010,4069678.55064214
346249.85786010,4069678.55064214
346249.85786010,4069678.55064214
346249.85786010,4069678.55064214
346249.85786010,4069678.55064214
346249.85786010,4069678.55064214
346249.85786010,4069678.55064214
346249.85786010,4069678.55064214
346249.85786010,4069678.55064214
346249.85801886,4069678.55119418
346249.85801886,4069678.55119418
346249.85801886,4069678.55119418
346249.85801886,4069678.55119418
346249.85801886,4069678.55119418
346249.85801886,4069678.55119418
346249.85801886,4069678.55119418
346249.85801886,4069678.55119418
346249.85801886,4069678.55119418
346249.85801886,4069678.55119418
346249.85831308,4069678.55100392
346249.85831308,4069678.55100392
346249.85831308,4069678.55100392
346249.85831308,4069678.55100392
346249.85831308,4069678.55100392
346249.85831308,4069678.55100392
346249.85831308,4069678.55100392
346249.85831308,4069678.55100392
346249.85831308,4069678.55100392
346249.85831308,4069678.55100392
346249.85831308,4069678.55100392
346249.85818760,4069678.55230094
346249.85818760,4069678.55230094
346249.85818760,4069678.55230094
346249.85818760,4069678.55230094
346249.85818760,4069678.55230094
346249.85818760,4069678.55230094
346249.85818760,4069678.55230094
346249.85818760,4069678.55230094
346249.85818760,4069678.55230094
346249.85814434,4069678.54989717
346249.85814434,4069678.54989717
346249.85814434,4069678.54989717
346249.85814434,4069678.54989717
346249.85814434,4069678.54989717
346249.85814434,4069678.54989717
346249.85814434,4069678.54989717
346249.85814434,4069678.54989717
346249.85814434,4069678.54989717
346249.85814434,4069678.54989717
346249.85887159,4069678.54895925
346249.85887159,4069678.54895925
346249.85887159,4069678.54895925
346249.85887159,4069678.54895925
346249.85887159,4069678.54895925
346249.85887159,4069678.54895925
346249.85887159,4069678.54895925
346249.85887159,4069678.54895925
346249.85887159,4069678.54895925
346249.85887159,4069678.54895925
346249.85887159,4069678.54895925
346249.85887159,4069678.54895925
346249.85697410,4069678.55102802
346249.85697410,4069678.55102802
346249.85697410,4069678.55102802
346249.85697410,4069678.55102802
346249.85697410,4069678.55102802
346249.85697410,4069678.55102802
346249.85697410,4069678.55102802
346249.85697410,4069678.55102802
346249.85697410,4069678.55102802
346249.85684862,4069678.55232503
346249.85684862,4069678.55232503
346249.85684862,4069678.55232503
346249.85684862,4069678.55232503
346249.85684862,4069678.55232503
346249.85684862,4069678.55232503
346249.85684862,4069678.55232503
346249.85684862,4069678.55232503
346249.85684862,4069678.55232503
346249.85715282,4069678.55268949
346249.85715282,4069678.55268949
346249.85715282,4069678.55268949
346249.85715282,4069678.55268949
346249.85715282,4069678.55268949
346249.85715282,4069678.55268949
346249.85715282,4069678.55268949
346249.85715282,4069678.55268949
346249.85715282,4069678.55268949
346249.85715282,4069678.55268949
346249.85818760,4069678.55230094
346249.85818760,4069678.55230094
346249.85818760,4069678.55230094
346249.85818760,4069678.55230094
346249.85818760,4069678.55230094
346249.85818760,4069678.55230094
346249.85818760,4069678.55230094
346249.85818760,4069678.55230094
346249.85818760,4069678.55230094
346249.85818760,4069678.55230094
346249.85818760,4069678.55230094
346249.85967870,4069678.55245906
346249.85967870,4069678.55245906
346249.85967870,4069678.55245906
346249.85967870,4069678.55245906
346249.85967870,4069678.55245906
346249.85967870,4069678.55245906
346249.85967870,4069678.55245906
346249.85967870,4069678.55245906
346249.85967870,4069678.55245906
346249.86149730,4069678.55427598
346249.86149730,4069678.55427598
346249.86149730,4069678.55427598
346249.86149730,4069678.55427598
346249.86149730,4069678.55427598
346249.86149730,4069678.55427598
346249.86149730,4069678.55427598
346249.86149730,4069678.55427598
346249.86149730,4069678.55427598
346249.86149730,4069678.55427598
346249.86149730,4069678.55427598
346249.86664223,4069678.55899248
346249.86664223,4069678.55899248
346249.86664223,4069678.55899248
346249.86664223,4069678.55899248
346249.86664223,4069678.55899248
346249.86664223,4069678.55899248
346249.86664223,4069678.55899248
346249.86664223,4069678.55899248
346249.86664223,4069678.55899248
346249.86664223,4069678.55899248
346249.87313613,4069678.56423959
346249.87313613,4069678.56423959
346249.87313613,4069678.56423959
346249.87313613,4069678.56423959
346249.87313613,4069678.56423959
346249.87313613,4069678.56423959
346249.87313613,4069678.56423959
346249.87313613,4069678.56423959
346249.87313613,4069678.56423959
346249.87313613,4069678.56423959
346249.87893275,4069678.57208876
346249.87893275,4069678.57208876
346249.87893275,4069678.57208876
346249.87893275,4069678.57208876
346249.87893275,4069678.57208876
346249.87893275,4069678.57208876
346249.87893275,4069678.57208876
346249.87893275,4069678.57208876
346249.87893275,4069678.57208876
346249.88847207,4069678.58116533
346249.88847207,4069678.58116533
346249.88847207,4069678.58116533
346249.88847207,4069678.58116533
346249.88847207,4069678.58116533
346249.88847207,4069678.58116533
346249.88847207,4069678.58116533
346249.88847207,4069678.58116533
346249.88847207,4069678.58116533
346249.88847207,4069678.58116533
346249.88847207,4069678.58116533
346249.90023639,4069678.58983193
346249.90023639,4069678.58983193
346249.90023639,4069678.58983193
346249.90023639,4069678.58983193
346249.90023639,4069678.58983193
346249.90023639,4069678.58983193
346249.90023639,4069678.58983193
346249.90023639,4069678.58983193
346249.90023639,4069678.58983193
346249.91172978,4069678.59998312
346249.91172978,4069678.59998312
346249.91172978,4069678.59998312
346249.91172978,4069678.59998312
346249.91172978,4069678.59998312
346249.91172978,4069678.59998312
346249.91172978,4069678.59998312
346249.91172978,4069678.59998312
346249.91172978,4069678.59998312
346249.91172978,4069678.59998312
346249.92335863,4069678.60939201
346249.92335863,4069678.60939201
346249.92335863,4069678.60939201
346249.92335863,4069678.60939201
346249.92335863,4069678.60939201
346249.92335863,4069678.60939201
346249.92335863,4069678.60939201
346249.92335863,4069678.60939201
346249.92335863,4069678.60939201
346249.92335863,4069678.60939201
346249.93962618,4069678.62019713
346249.93962618,4069678.62019713
346249.93962618,4069678.62019713
346249.93962618,4069678.62019713
346249.93962618,4069678.62019713
346249.93962618,4069678.62019713
346249.93962618,4069678.62019713
346249.93962618,4069678.62019713
346249.93962618,4069678.62019713
346249.93962618,4069678.62019713
346249.95292818,4069678.63161053
346249.95292818,4069678.63161053
346249.95292818,4069678.63161053
346249.95292818,4069678.63161053
346249.95292818,4069678.63161053
346249.95292818,4069678.63161053
346249.95292818,4069678.63161053
346249.95292818,4069678.63161053
346249.95292818,4069678.63161053
346249.95292818,4069678.63161053
346249.95292818,4069678.63161053
346249.97029375,4069678.64554030
346249.97029375,4069678.64554030
346249.97029375,4069678.64554030
346249.97029375,4069678.64554030
346249.97029375,4069678.64554030
346249.97029375,4069678.64554030
346249.97029375,4069678.64554030
346249.97029375,4069678.64554030
346249.97029375,4069678.64554030
346249.98824110,4069678.65871974
346249.98824110,4069678.65871974
346249.98824110,4069678.65871974
346249.98824110,4069678.65871974
346249.98824110,4069678.65871974
346249.98824110,4069678.65871974
346249.98824110,4069678.65871974
346249.98824110,4069678.65871974
346249.98824110,4069678.65871974
346249.98824110,4069678.65871974
346250.00714435,4069678.67539631
346250.00714435,4069678.67539631
346250.00714435,4069678.67539631
346250.00714435,4069678.67539631
346250.00714435,4069678.67539631
346250.00714435,4069678.67539631
346250.00714435,4069678.67539631
346250.00714435,4069678.67539631
346250.00714435,4069678.67539631
346250.00714435,4069678.67539631
346250.02826926,4069678.69147800
346250.02826926,4069678.69147800
346250.02826926,4069678.69147800
346250.02826926,4069678.69147800
346250.02826926,4069678.69147800
346250.02826926,4069678.69147800
346250.02826926,4069678.69147800
346250.02826926,4069678.69147800
346250.02826926,4069678.69147800
346250.02826926,4069678.69147800
346250.04913656,4069678.70978391
346250.04913656,4069678.70978391
346250.04913656,4069678.70978391
346250.04913656,4069678.70978391
346250.04913656,4069678.70978391
346250.04913656,4069678.70978391
346250.04913656,4069678.70978391
346250.04913656,4069678.70978391
346250.04913656,4069678.70978391
346250.04913656,4069678.70978391
346250.04913656,4069678.70978391
346250.07002382,4069678.72919925
346250.07002382,4069678.72919925
346250.07002382,4069678.72919925
346250.07002382,4069678.72919925
346250.07002382,4069678.72919925
346250.07002382,4069678.72919925
346250.07002382,4069678.72919925
346250.07002382,4069678.72919925
346250.07002382,4069678.72919925
346250.09384668,4069678.74634218
346250.09384668,4069678.74634218
346250.09384668,4069678.74634218
346250.09384668,4069678.74634218
346250.09384668,4069678.74634218
346250.09384668,4069678.74634218
346250.09384668,4069678.74634218
346250.09384668,4069678.74634218
346250.09384668,4069678.74634218
346250.09384668,4069678.74634218
346250.09384668,4069678.74634218
346250.11656585,4069678.76831406
346250.11656585,4069678.76831406
346250.11656585,4069678.76831406
346250.11656585,4069678.76831406
346250.11656585,4069678.76831406
346250.11656585,4069678.76831406
346250.11656585,4069678.76831406
346250.11656585,4069678.76831406
346250.11656585,4069678.76831406
346250.14117919,4069678.78803228
346250.14117919,4069678.78803228
346250.14117919,4069678.78803228
346250.14117919,4069678.78803228
346250.14117919,4069678.78803228
346250.14117919,4069678.78803228
346250.14117919,4069678.78803228
346250.14117919,4069678.78803228
346250.14117919,4069678.78803228
346250.14117919,4069678.78803228
346250.16756786,4069678.80716364
346250.16756786,4069678.80716364
346250.16756786,4069678.80716364
346250.16756786,4069678.80716364
346250.16756786,4069678.80716364
346250.16756786,4069678.80716364
346250.16756786,4069678.80716364
346250.16756786,4069678.80716364
346250.16756786,4069678.80716364
346250.16756786,4069678.80716364
346250.19413193,4069678.82777157
346250.19413193,4069678.82777157
346250.19413193,4069678.82777157
346250.19413193,4069678.82777157
346250.19413193,4069678.82777157
346250.19413193,4069678.82777157
346250.19413193,4069678.82777157
346250.19413193,4069678.82777157
346250.19413193,4069678.82777157
346250.19413193,4069678.82777157
346250.22013084,4069678.85005435
346250.22013084,4069678.85005435
346250.22013084,4069678.85005435
346250.22013084,4069678.85005435
346250.22013084,4069678.85005435
346250.22013084,4069678.85005435
346250.22013084,4069678.85005435
346250.22013084,4069678.85005435
346250.22013084,4069678.85005435
346250.22013084,4069678.85005435
346250.24912858,4069678.87357792
346250.24912858,4069678.87357792
346250.24912858,4069678.87357792
346250.24912858,4069678.87357792
346250.24912858,4069678.87357792
346250.24912858,4069678.87357792
346250.24912858,4069678.87357792
346250.24912858,4069678.87357792
346250.24912858,4069678.87357792
346250.24912858,4069678.87357792
346250.24912858,4069678.87357792
346250.28256065,4069678.90368043
346250.28256065,4069678.90368043
346250.28256065,4069678.90368043
346250.28256065,4069678.90368043
346250.28256065,4069678.90368043
346250.28256065,4069678.90368043
346250.28256065,4069678.90368043
346250.28256065,4069678.90368043
346250.28256065,4069678.90368043
346250.28256065,4069678.90368043
346250.31599840,4069678.92582933
346250.31599840,4069678.92582933
346250.31599840,4069678.92582933
346250.31599840,4069678.92582933
346250.31599840,4069678.92582933
346250.31599840,4069678.92582933
346250.31599840,4069678.92582933
346250.31599840,4069678.92582933
346250.31599840,4069678.92582933
346250.31599840,4069678.92582933
346250.34700913,4069678.94543240
346250.34700913,4069678.94543240
346250.34700913,4069678.94543240
346250.34700913,4069678.94543240
346250.34700913,4069678.94543240
346250.34700913,4069678.94543240
346250.34700913,4069678.94543240
346250.34700913,4069678.94543240
346250.34700913,4069678.94543240
346250.37946867,4069678.97111325
346250.37946867,4069678.97111325
346250.37946867,4069678.97111325
346250.37946867,4069678.97111325
346250.37946867,4069678.97111325
346250.37946867,4069678.97111325
346250.37946867,4069678.97111325
346250.37946867,4069678.97111325
346250.37946867,4069678.97111325
346250.37946867,4069678.97111325
346250.41517995,4069679.01208767
346250.41517995,4069679.01208767
346250.41517995,4069679.01208767
346250.41517995,4069679.01208767
346250.41517995,4069679.01208767
346250.41517995,4069679.01208767
346250.41517995,4069679.01208767
346250.41517995,4069679.01208767
346250.41517995,4069679.01208767
346250.41517995,4069679.01208767
346250.41517995,4069679.01208767
346250.45074814,4069679.04511117
346250.45074814,4069679.04511117
346250.45074814,4069679.04511117
346250.45074814,4069679.04511117
346250.45074814,4069679.04511117
346250.45074814,4069679.04511117
346250.45074814,4069679.04511117
346250.45074814,4069679.04511117
346250.45074814,4069679.04511117
346250.49044879,4069679.07621065
346250.49044879,4069679.07621065
346250.49044879,4069679.07621065
346250.49044879,4069679.07621065
346250.49044879,4069679.07621065
346250.49044879,4069679.07621065
346250.49044879,4069679.07621065
346250.49044879,4069679.07621065
346250.49044879,4069679.07621065
346250.49044879,4069679.07621065
346250.53467597,4069679.11074299
346250.53467597,4069679.11074299
346250.53467597,4069679.11074299
346250.53467597,4069679.11074299
346250.53467597,4069679.11074299
346250.53467597,4069679.11074299
346250.53467597,4069679.11074299
346250.53467597,4069679.11074299
346250.53467597,4069679.11074299
346250.53467597,4069679.11074299
346250.57489284,4069679.14571745
346250.57489284,4069679.14571745
346250.57489284,4069679.14571745
346250.57489284,4069679.14571745
346250.57489284,4069679.14571745
346250.57489284,4069679.14571745
346250.57489284,4069679.14571745
346250.57489284,4069679.14571745
346250.57489284,4069679.14571745
346250.57489284,4069679.14571745
346250.61600237,4069679.18067583
346250.61600237,4069679.18067583
346250.61600237,4069679.18067583
346250.61600237,4069679.18067583
346250.61600237,4069679.18067583
346250.61600237,4069679.18067583
346250.61600237,4069679.18067583
346250.61600237,4069679.18067583
346250.61600237,4069679.18067583
346250.61600237,4069679.18067583
346250.61600237,4069679.18067583
346250.66393996,4069679.22290993
346250.66393996,4069679.22290993
346250.66393996,4069679.22290993
346250.66393996,4069679.22290993
346250.66393996,4069679.22290993
346250.66393996,4069679.22290993
346250.66393996,4069679.22290993
346250.66393996,4069679.22290993
346250.66393996,4069679.22290993
346250.70837582,4069679.26076790
346250.70837582,4069679.26076790
346250.70837582,4069679.26076790
346250.70837582,4069679.26076790
346250.70837582,4069679.26076790
346250.70837582,4069679.26076790
346250.70837582,4069679.26076790
346250.70837582,4069679.26076790
346250.70837582,4069679.26076790
346250.70837582,4069679.26076790
346250.70837582,4069679.26076790
346250.75881931,4069679.30166214
346250.75881931,4069679.30166214
346250.75881931,4069679.30166214
346250.75881931,4069679.30166214
346250.75881931,4069679.30166214
346250.75881931,4069679.30166214
346250.75881931,4069679.30166214
346250.75881931,4069679.30166214
346250.75881931,4069679.30166214
346250.80910170,4069679.35014286
346250.80910170,4069679.35014286
346250.80910170,4069679.35014286
346250.80910170,4069679.35014286
346250.80910170,4069679.35014286
346250.80910170,4069679.35014286
346250.80910170,4069679.35014286
346250.80910170,4069679.35014286
346250.80910170,4069679.35014286
346250.80910170,4069679.35014286
346250.86171460,4069679.39580715
346250.86171460,4069679.39580715
346250.86171460,4069679.39580715
346250.86171460,4069679.39580715
346250.86171460,4069679.39580715
346250.86171460,4069679.39580715
346250.86171460,4069679.39580715
346250.86171460,4069679.39580715
346250.86171460,4069679.39580715
346250.86171460,4069679.39580715
346250.91238674,4069679.44113644
346250.91238674,4069679.44113644
346250.91238674,4069679.44113644
346250.91238674,4069679.44113644
346250.91238674,4069679.44113644
346250.91238674,4069679.44113644
346250.91238674,4069679.44113644
346250.91238674,4069679.44113644
346250.91238674,4069679.44113644
346250.91238674,4069679.44113644
346250.97231631,4069679.48814878
346250.97231631,4069679.48814878
346250.97231631,4069679.48814878
346250.97231631,4069679.48814878
346250.97231631,4069679.48814878
346250.97231631,4069679.48814878
346250.97231631,4069679.48814878
346250.97231631,4069679.48814878
346250.97231631,4069679.48814878
346250.97231631,4069679.48814878
346251.03317848,4069679.53736391
346251.03317848,4069679.53736391
346251.03317848,4069679.53736391
346251.03317848,4069679.53736391
346251.03317848,4069679.53736391
346251.03317848,4069679.53736391
346251.03317848,4069679.53736391
346251.03317848,4069679.53736391
346251.03317848,4069679.53736391
346251.03317848,4069679.53736391
346251.08955835,4069679.59387335
346251.08955835,4069679.59387335
346251.08955835,4069679.59387335
346251.08955835,4069679.59387335
346251.08955835,4069679.59387335
346251.08955835,4069679.59387335
346251.08955835,4069679.59387335
346251.08955835,4069679.59387335
346251.08955835,4069679.59387335
346251.08955835,4069679.59387335
346251.14786802,4069679.64183966
346251.14786802,4069679.64183966
346251.14786802,4069679.64183966
346251.14786802,4069679.64183966
346251.14786802,4069679.64183966
346251.14786802,4069679.64183966
346251.14786802,4069679.64183966
346251.14786802,4069679.64183966
346251.14786802,4069679.64183966
346251.14786802,4069679.64183966
346251.14786802,4069679.64183966
346251.21055211,4069679.69305662
346251.21055211,4069679.69305662
346251.21055211,4069679.69305662
346251.21055211,4069679.69305662
346251.21055211,4069679.69305662
346251.21055211,4069679.69305662
346251.21055211,4069679.69305662
346251.21055211,4069679.69305662
346251.21055211,4069679.69305662
346251.27004063,4069679.75690871
346251.27004063,4069679.75690871
346251.27004063,4069679.75690871
346251.27004063,4069679.75690871
346251.27004063,4069679.75690871
346251.27004063,4069679.75690871
346251.27004063,4069679.75690871
346251.27004063,4069679.75690871
346251.27004063,4069679.75690871
346251.27004063,4069679.75690871
346251.27004063,4069679.75690871
346251.33632100,4069679.80121724
346251.33632100,4069679.80121724
346251.33632100,4069679.80121724
346251.33632100,4069679.80121724
346251.33632100,4069679.80121724
346251.33632100,4069679.80121724
346251.33632100,4069679.80121724
346251.33632100,4069679.80121724
346251.33632100,4069679.80121724
346251.33632100,4069679.80121724
346251.40413338,4069679.85622617
346251.40413338,4069679.85622617
346251.40413338,4069679.85622617
346251.40413338,4069679.85622617
346251.40413338,4069679.85622617
346251.40413338,4069679.85622617
346251.40413338,4069679.85622617
346251.40413338,4069679.85622617
346251.40413338,4069679.85622617
346251.47112963,4069679.91550398
346251.47112963,4069679.91550398
346251.47112963,4069679.91550398
346251.47112963,4069679.91550398
346251.47112963,4069679.91550398
346251.47112963,4069679.91550398
346251.47112963,4069679.91550398
346251.47112963,4069679.91550398
346251.47112963,4069679.91550398
346251.47112963,4069679.91550398
346251.53285978,4069679.97987063
346251.53285978,4069679.97987063
346251.53285978,4069679.97987063
346251.53285978,4069679.97987063
346251.53285978,4069679.97987063
346251.53285978,4069679.97987063
346251.53285978,4069679.97987063
346251.53285978,4069679.97987063
346251.53285978,4069679.97987063
346251.53285978,4069679.97987063
346251.59364501,4069680.04961827
346251.59364501,4069680.04961827
346251.59364501,4069680.04961827
346251.59364501,4069680.04961827
346251.59364501,4069680.04961827
346251.59364501,4069680.04961827
346251.59364501,4069680.04961827
346251.59364501,4069680.04961827
346251.59364501,4069680.04961827
346251.59364501,4069680.04961827
346251.65030343,4069680.11333634
346251.65030343,4069680.11333634
346251.65030343,4069680.11333634
346251.65030343,4069680.11333634
346251.65030343,4069680.11333634
346251.65030343,4069680.11333634
346251.65030343,4069680.11333634
346251.65030343,4069680.11333634
346251.65030343,4069680.11333634
346251.65030343,4069680.11333634
346251.70778992,4069680.18998706
346251.70778992,4069680.18998706
346251.70778992,4069680.18998706
346251.70778992,4069680.18998706
346251.70778992,4069680.18998706
346251.70778992,4069680.18998706
346251.70778992,4069680.18998706
346251.70778992,4069680.18998706
346251.70778992,4069680.18998706
346251.70778992,4069680.18998706
346251.76320449,4069680.27555340
346251.76320449,4069680.27555340
346251.76320449,4069680.27555340
346251.76320449,4069680.27555340
346251.76320449,4069680.27555340
346251.76320449,4069680.27555340
346251.76320449,4069680.27555340
346251.76320449,4069680.27555340
346251.76320449,4069680.27555340
346251.76320449,4069680.27555340
346251.81165553,4069680.35458632
346251.81165553,4069680.35458632
346251.81165553,4069680.35458632
346251.81165553,4069680.35458632
346251.81165553,4069680.35458632
346251.81165553,4069680.35458632
346251.81165553,4069680.35458632
346251.81165553,4069680.35458632
346251.81165553,4069680.35458632
346251.81165553,4069680.35458632
346251.87034554,4069680.43195524
346251.87034554,4069680.43195524
346251.87034554,4069680.43195524
346251.87034554,4069680.43195524
346251.87034554,4069680.43195524
346251.87034554,4069680.43195524
346251.87034554,4069680.43195524
346251.87034554,4069680.43195524
346251.87034554,4069680.43195524
346251.87034554,4069680.43195524
346251.87034554,4069680.43195524
346251.93117264,4069680.52056857
346251.93117264,4069680.52056857
346251.93117264,4069680.52056857
346251.93117264,4069680.52056857
346251.93117264,4069680.52056857
346251.93117264,4069680.52056857
346251.93117264,4069680.52056857
346251.93117264,4069680.52056857
346251.93117264,4069680.52056857
346251.93117264,4069680.52056857
346251.97390889,4069680.61283687
346251.97390889,4069680.61283687
346251.97390889,4069680.61283687
346251.97390889,4069680.61283687
346251.97390889,4069680.61283687
346251.97390889,4069680.61283687
346251.97390889,4069680.61283687
346251.97390889,4069680.61283687
346251.97390889,4069680.61283687
346252.02255530,4069680.69445579
346252.02255530,4069680.69445579
346252.02255530,4069680.69445579
346252.02255530,4069680.69445579
346252.02255530,4069680.69445579
346252.02255530,4069680.69445579
346252.02255530,4069680.69445579
346252.02255530,4069680.69445579
346252.02255530,4069680.69445579
346252.02255530,4069680.69445579
346252.06413462,4069680.78859455
346252.06413462,4069680.78859455
346252.06413462,4069680.78859455
346252.06413462,4069680.78859455
346252.06413462,4069680.78859455
346252.06413462,4069680.78859455
346252.06413462,4069680.78859455
346252.06413462,4069680.78859455
346252.06413462,4069680.78859455
346252.06413462,4069680.78859455
346252.10030238,4069680.88800974
346252.10030238,4069680.88800974
346252.10030238,4069680.88800974
346252.10030238,4069680.88800974
346252.10030238,4069680.88800974
346252.10030238,4069680.88800974
346252.10030238,4069680.88800974
346252.10030238,4069680.88800974
346252.10030238,4069680.88800974
346252.10030238,4069680.88800974
346252.14211837,4069680.97049144
346252.14211837,4069680.97049144
346252.14211837,4069680.97049144
346252.14211837,4069680.97049144
346252.14211837,4069680.97049144
346252.14211837,4069680.97049144
346252.14211837,4069680.97049144
346252.14211837,4069680.97049144
346252.14211837,4069680.97049144
346252.14211837,4069680.97049144
346252.14211837,4069680.97049144
346252.14211837,4069680.97049144
346252.18000488,4069681.06617640
346252.18000488,4069681.06617640
346252.18000488,4069681.06617640
346252.18000488,4069681.06617640
346252.18000488,4069681.06617640
346252.18000488,4069681.06617640
346252.18000488,4069681.06617640
346252.18000488,4069681.06617640
346252.18000488,4069681.06617640
346252.21177963,4069681.14476959
346252.21177963,4069681.14476959
346252.21177963,4069681.14476959
346252.21177963,4069681.14476959
346252.21177963,4069681.14476959
346252.21177963,4069681.14476959
346252.21177963,4069681.14476959
346252.21177963,4069681.14476959
346252.21177963,4069681.14476959
346252.24096624,4069681.22840342
346252.24096624,4069681.22840342
346252.24096624,4069681.22840342
346252.24096624,4069681.22840342
346252.24096624,4069681.22840342
346252.24096624,4069681.22840342
346252.24096624,4069681.22840342
346252.24096624,4069681.22840342
346252.24096624,4069681.22840342
346252.24096624,4069681.22840342
346252.24096624,4069681.22840342
346252.26727716,4069681.31763796
346252.26727716,4069681.31763796
346252.26727716,4069681.31763796
346252.26727716,4069681.31763796
346252.26727716,4069681.31763796
346252.26727716,4069681.31763796
346252.26727716,4069681.31763796
346252.26727716,4069681.31763796
346252.26727716,4069681.31763796
346252.26727716,4069681.31763796
346252.29426775,4069681.39502250
346252.29426775,4069681.39502250
346252.29426775,4069681.39502250
346252.29426775,4069681.39502250
346252.29426775,4069681.39502250
346252.29426775,4069681.39502250
346252.29426775,4069681.39502250
346252.29426775,4069681.39502250
346252.29426775,4069681.39502250
346252.29426775,4069681.39502250
346252.31988941,4069681.47076699
346252.31988941,4069681.47076699
346252.31988941,4069681.47076699
346252.31988941,4069681.47076699
346252.31988941,4069681.47076699
346252.31988941,4069681.47076699
346252.31988941,4069681.47076699
346252.31988941,4069681.47076699
346252.31988941,4069681.47076699
346252.31988941,4069681.47076699
346252.33893924,4069681.55347347
346252.33893924,4069681.55347347
346252.33893924,4069681.55347347
346252.33893924,4069681.55347347
346252.33893924,4069681.55347347
346252.33893924,4069681.55347347
346252.33893924,4069681.55347347
346252.33893924,4069681.55347347
346252.33893924,4069681.55347347
346252.33893924,4069681.55347347
346252.36264344,4069681.63017730
346252.36264344,4069681.63017730
346252.36264344,4069681.63017730
346252.36264344,4069681.63017730
346252.36264344,4069681.63017730
346252.36264344,4069681.63017730
346252.36264344,4069681.63017730
346252.36264344,4069681.63017730
346252.36264344,4069681.63017730
346252.38117609,4069681.70068539
346252.38117609,4069681.70068539
346252.38117609,4069681.70068539
346252.38117609,4069681.70068539
346252.38117609,4069681.70068539
346252.38117609,4069681.70068539
346252.38117609,4069681.70068539
346252.38117609,4069681.70068539
346252.38117609,4069681.70068539
346252.38117609,4069681.70068539
346252.38117609,4069681.70068539
346252.39511663,4069681.77238591
346252.39511663,4069681.77238591
346252.39511663,4069681.77238591
346252.39511663,4069681.77238591
346252.39511663,4069681.77238591
346252.39511663,4069681.77238591
346252.39511663,4069681.77238591
346252.39511663,4069681.77238591
346252.39511663,4069681.77238591
346252.40996078,4069681.85294850
346252.40996078,4069681.85294850
346252.40996078,4069681.85294850
346252.40996078,4069681.85294850
346252.40996078,4069681.85294850
346252.40996078,4069681.85294850
346252.40996078,4069681.85294850
346252.40996078,4069681.85294850
346252.40996078,4069681.85294850
346252.40996078,4069681.85294850
346252.42915079,4069681.91863567
346252.42915079,4069681.91863567
346252.42915079,4069681.91863567
346252.42915079,4069681.91863567
346252.42915079,4069681.91863567
346252.42915079,4069681.91863567
346252.42915079,4069681.91863567
346252.42915079,4069681.91863567
346252.42915079,4069681.91863567
346252.42915079,4069681.91863567
346252.42915079,4069681.91863567
346252.45445630,4069681.97681417
346252.45445630,4069681.97681417
346252.45445630,4069681.97681417
346252.45445630,4069681.97681417
346252.45445630,4069681.97681417
346252.45445630,4069681.97681417
346252.45445630,4069681.97681417
346252.45445630,4069681.97681417
346252.45445630,4069681.97681417
346252.47966627,4069682.03795383
346252.47966627,4069682.03795383
346252.47966627,4069682.03795383
346252.47966627,4069682.03795383
346252.47966627,4069682.03795383
346252.47966627,4069682.03795383
346252.47966627,4069682.03795383
346252.47966627,4069682.03795383
346252.47966627,4069682.03795383
346252.47966627,4069682.03795383
346252.47966627,4069682.03795383
346252.49493719,4069682.09261362
346252.49493719,4069682.09261362
346252.49493719,4069682.09261362
346252.49493719,4069682.09261362
346252.49493719,4069682.09261362
346252.49493719,4069682.09261362
346252.49493719,4069682.09261362
346252.49493719,4069682.09261362
346252.49493719,4069682.09261362
346252.49493719,4069682.09261362
346252.52105549,4069682.14633833
346252.52105549,4069682.14633833
346252.52105549,4069682.14633833
346252.52105549,4069682.14633833
346252.52105549,4069682.14633833
346252.52105549,4069682.14633833
346252.52105549,4069682.14633833
346252.52105549,4069682.14633833
346252.52105549,4069682.14633833
346252.54386742,4069682.19827290
346252.54386742,4069682.19827290
346252.54386742,4069682.19827290
346252.54386742,4069682.19827290
346252.54386742,4069682.19827290
346252.54386742,4069682.19827290
346252.54386742,4069682.19827290
346252.54386742,4069682.19827290
346252.54386742,4069682.19827290
346252.54386742,4069682.19827290
346252.55985130,4069682.24293174
346252.55985130,4069682.24293174
346252.55985130,4069682.24293174
346252.55985130,4069682.24293174
346252.55985130,4069682.24293174
346252.55985130,4069682.24293174
346252.55985130,4069682.24293174
346252.55985130,4069682.24293174
346252.55985130,4069682.24293174
346252.55985130,4069682.24293174
346252.55985130,4069682.24293174
346252.55985130,4069682.24293174
346252.57927035,4069682.28826863
346252.57927035,4069682.28826863
346252.57927035,4069682.28826863
346252.57927035,4069682.28826863
346252.57927035,4069682.28826863
346252.57927035,4069682.28826863
346252.57927035,4069682.28826863
346252.57927035,4069682.28826863
346252.59577944,4069682.32903376
346252.59577944,4069682.32903376
346252.59577944,4069682.32903376
346252.59577944,4069682.32903376
346252.59577944,4069682.32903376
346252.59577944,4069682.32903376
346252.59577944,4069682.32903376
346252.59577944,4069682.32903376
346252.59577944,4069682.32903376
346252.59577944,4069682.32903376
346252.59577944,4069682.32903376
346252.61582590,4069682.36788557
346252.61582590,4069682.36788557
346252.61582590,4069682.36788557
346252.61582590,4069682.36788557
346252.61582590,4069682.36788557
346252.61582590,4069682.36788557
346252.61582590,4069682.36788557
346252.61582590,4069682.36788557
346252.61582590,4069682.36788557
346252.61582590,4069682.36788557
346252.63676169,4069682.40653641
346252.63676169,4069682.40653641
346252.63676169,4069682.40653641
346252.63676169,4069682.40653641
346252.63676169,4069682.40653641
346252.63676169,4069682.40653641
346252.63676169,4069682.40653641
346252.63676169,4069682.40653641
346252.63676169,4069682.40653641
346252.65471196,4069682.44468609
346252.65471196,4069682.44468609
346252.65471196,4069682.44468609
346252.65471196,4069682.44468609
346252.65471196,4069682.44468609
346252.65471196,4069682.44468609
346252.65471196,4069682.44468609
346252.65471196,4069682.44468609
346252.65471196,4069682.44468609
346252.65471196,4069682.44468609
346252.67171966,4069682.48007826
346252.67171966,4069682.48007826
346252.67171966,4069682.48007826
346252.67171966,4069682.48007826
346252.67171966,4069682.48007826
346252.67171966,4069682.48007826
346252.67171966,4069682.48007826
346252.67171966,4069682.48007826
346252.67171966,4069682.48007826
346252.67171966,4069682.48007826
346252.67171966,4069682.48007826
346252.69024174,4069682.51692289
346252.69024174,4069682.51692289
346252.69024174,4069682.51692289
346252.69024174,4069682.51692289
346252.69024174,4069682.51692289
346252.69024174,4069682.51692289
346252.69024174,4069682.51692289
346252.69024174,4069682.51692289
346252.69024174,4069682.51692289
346252.70892259,4069682.55431957
346252.70892259,4069682.55431957
346252.70892259,4069682.55431957
346252.70892259,4069682.55431957
346252.70892259,4069682.55431957
346252.70892259,4069682.55431957
346252.70892259,4069682.55431957
346252.70892259,4069682.55431957
346252.70892259,4069682.55431957
346252.70892259,4069682.55431957
346252.73448043,4069682.59344212
346252.73448043,4069682.59344212
346252.73448043,4069682.59344212
346252.73448043,4069682.59344212
346252.73448043,4069682.59344212
346252.73448043,4069682.59344212
346252.73448043,4069682.59344212
346252.73448043,4069682.59344212
346252.73448043,4069682.59344212
346252.73448043,4069682.59344212
346252.73448043,4069682.59344212
346252.76095658,4069682.62570444
346252.76095658,4069682.62570444
346252.76095658,4069682.62570444
346252.76095658,4069682.62570444
346252.76095658,4069682.62570444
346252.76095658,4069682.62570444
346252.76095658,4069682.62570444
346252.76095658,4069682.62570444
346252.76095658,4069682.62570444
346252.78239860,4069682.66767554
346252.78239860,4069682.66767554
346252.78239860,4069682.66767554
346252.78239860,4069682.66767554
346252.78239860,4069682.66767554
346252.78239860,4069682.66767554
346252.78239860,4069682.66767554
346252.78239860,4069682.66767554
346252.78239860,4069682.66767554
346252.78239860,4069682.66767554
346252.80999370,4069682.71249535
346252.80999370,4069682.71249535
346252.80999370,4069682.71249535
346252.80999370,4069682.71249535
346252.80999370,4069682.71249535
346252.80999370,4069682.71249535
346252.80999370,4069682.71249535
346252.80999370,4069682.71249535
346252.80999370,4069682.71249535
346252.80999370,4069682.71249535
346252.80999370,4069682.71249535
346252.83881465,4069682.75100428
346252.83881465,4069682.75100428
346252.83881465,4069682.75100428
346252.83881465,4069682.75100428
346252.83881465,4069682.75100428
346252.83881465,4069682.75100428
346252.83881465,4069682.75100428
346252.83881465,4069682.75100428
346252.83881465,4069682.75100428
346252.86812616,4069682.80023236
346252.86812616,4069682.80023236
346252.86812616,4069682.80023236
346252.86812616,4069682.80023236
346252.86812616,4069682.80023236
346252.86812616,4069682.80023236
346252.86812616,4069682.80023236
346252.86812616,4069682.80023236
346252.86812616,4069682.80023236
346252.86812616,4069682.80023236
346252.90099833,4069682.84884145
346252.90099833,4069682.84884145
346252.90099833,4069682.84884145
346252.90099833,4069682.84884145
346252.90099833,4069682.84884145
346252.90099833,4069682.84884145
346252.90099833,4069682.84884145
346252.90099833,4069682.84884145
346252.90099833,4069682.84884145
346252.90099833,4069682.84884145
346252.90099833,4069682.84884145
346252.93120485,4069682.88991496
346252.93120485,4069682.88991496
346252.93120485,4069682.88991496
346252.93120485,4069682.88991496
346252.93120485,4069682.88991496
346252.93120485,4069682.88991496
346252.93120485,4069682.88991496
346252.93120485,4069682.88991496
346252.93120485,4069682.88991496
346252.93120485,4069682.88991496
346252.96589561,4069682.94034098
346252.96589561,4069682.94034098
346252.96589561,4069682.94034098
346252.96589561,4069682.94034098
346252.96589561,4069682.94034098
346252.96589561,4069682.94034098
346252.96589561,4069682.94034098
346252.96589561,4069682.94034098
346252.96589561,4069682.94034098
346252.96589561,4069682.94034098
346253.00166442,4069682.99278222
346253.00166442,4069682.99278222
346253.00166442,4069682.99278222
346253.00166442,4069682.99278222
346253.00166442,4069682.99278222
346253.00166442,4069682.99278222
346253.00166442,4069682.99278222
346253.00166442,4069682.99278222
346253.00166442,4069682.99278222
346253.00166442,4069682.99278222
346253.03804066,4069683.03762895
346253.03804066,4069683.03762895
346253.03804066,4069683.03762895
346253.03804066,4069683.03762895
346253.03804066,4069683.03762895
346253.03804066,4069683.03762895
346253.03804066,4069683.03762895
346253.03804066,4069683.03762895
346253.03804066,4069683.03762895
346253.03804066,4069683.03762895
346253.07975721,4069683.08977818
346253.07975721,4069683.08977818
346253.07975721,4069683.08977818
346253.07975721,4069683.08977818
346253.07975721,4069683.08977818
346253.07975721,4069683.08977818
346253.07975721,4069683.08977818
346253.07975721,4069683.08977818
346253.07975721,4069683.08977818
346253.11387283,4069683.14132434
346253.11387283,4069683.14132434
346253.11387283,4069683.14132434
346253.11387283,4069683.14132434
346253.11387283,4069683.14132434
346253.11387283,4069683.14132434
346253.11387283,4069683.14132434
346253.11387283,4069683.14132434
346253.11387283,4069683.14132434
346253.11387283,4069683.14132434
346253.11387283,4069683.14132434
346253.15428463,4069683.20367013
346253.15428463,4069683.20367013
346253.15428463,4069683.20367013
346253.15428463,4069683.20367013
346253.15428463,4069683.20367013
346253.15428463,4069683.20367013
346253.15428463,4069683.20367013
346253.15428463,4069683.20367013
346253.15428463,4069683.20367013
346253.15428463,4069683.20367013
346253.19578583,4069683.25212393
346253.19578583,4069683.25212393
346253.19578583,4069683.25212393
346253.19578583,4069683.25212393
346253.19578583,4069683.25212393
346253.19578583,4069683.25212393
346253.19578583,4069683.25212393
346253.19578583,4069683.25212393
346253.19578583,4069683.25212393
346253.24200893,4069683.30659660
346253.24200893,4069683.30659660
346253.24200893,4069683.30659660
346253.24200893,4069683.30659660
346253.24200893,4069683.30659660
346253.24200893,4069683.30659660
346253.24200893,4069683.30659660
346253.24200893,4069683.30659660
346253.24200893,4069683.30659660
346253.24200893,4069683.30659660
346253.24200893,4069683.30659660
346253.28959431,4069683.36233950
346253.28959431,4069683.36233950
346253.28959431,4069683.36233950
346253.28959431,4069683.36233950
346253.28959431,4069683.36233950
346253.28959431,4069683.36233950
346253.28959431,4069683.36233950
346253.28959431,4069683.36233950
346253.28959431,4069683.36233950
346253.34057923,4069683.42504990
346253.34057923,4069683.42504990
346253.34057923,4069683.42504990
346253.34057923,4069683.42504990
346253.34057923,4069683.42504990
346253.34057923,4069683.42504990
346253.34057923,4069683.42504990
346253.34057923,4069683.42504990
346253.34057923,4069683.42504990
346253.34057923,4069683.42504990
346253.34057923,4069683.42504990
346253.39037629,4069683.47964321
346253.39037629,4069683.47964321
346253.39037629,4069683.47964321
346253.39037629,4069683.47964321
346253.39037629,4069683.47964321
346253.39037629,4069683.47964321
346253.39037629,4069683.47964321
346253.39037629,4069683.47964321
346253.39037629,4069683.47964321
346253.39037629,4069683.47964321
346253.44258705,4069683.53604273
346253.44258705,4069683.53604273
346253.44258705,4069683.53604273
346253.44258705,4069683.53604273
346253.44258705,4069683.53604273
346253.44258705,4069683.53604273
346253.44258705,4069683.53604273
346253.44258705,4069683.53604273
346253.44258705,4069683.53604273
346253.50056447,4069683.59862728
346253.50056447,4069683.59862728
346253.50056447,4069683.59862728
346253.50056447,4069683.59862728
346253.50056447,4069683.59862728
346253.50056447,4069683.59862728
346253.50056447,4069683.59862728
346253.50056447,4069683.59862728
346253.50056447,4069683.59862728
346253.50056447,4069683.59862728
346253.55832655,4069683.65751640
346253.55832655,4069683.65751640
346253.55832655,4069683.65751640
346253.55832655,4069683.65751640
346253.55832655,4069683.65751640
346253.55832655,4069683.65751640
346253.55832655,4069683.65751640
346253.55832655,4069683.65751640
346253.55832655,4069683.65751640
346253.55832655,4069683.65751640
346253.55832655,4069683.65751640
346253.61967924,4069683.71745070
346253.61967924,4069683.71745070
346253.61967924,4069683.71745070
346253.61967924,4069683.71745070
346253.61967924,4069683.71745070
346253.61967924,4069683.71745070
346253.61967924,4069683.71745070
346253.61967924,4069683.71745070
346253.61967924,4069683.71745070
346253.68059891,4069683.77813265
346253.68059891,4069683.77813265
346253.68059891,4069683.77813265
346253.68059891,4069683.77813265
346253.68059891,4069683.77813265
346253.68059891,4069683.77813265
346253.68059891,4069683.77813265
346253.68059891,4069683.77813265
346253.68059891,4069683.77813265
346253.68059891,4069683.77813265
346253.74176621,4069683.83603566
346253.74176621,4069683.83603566
346253.74176621,4069683.83603566
346253.74176621,4069683.83603566
346253.74176621,4069683.83603566
346253.74176621,4069683.83603566
346253.74176621,4069683.83603566
346253.74176621,4069683.83603566
346253.74176621,4069683.83603566
346253.74176621,4069683.83603566
346253.81101404,4069683.89638276
346253.81101404,4069683.89638276
346253.81101404,4069683.89638276
346253.81101404,4069683.89638276
346253.81101404,4069683.89638276
346253.81101404,4069683.89638276
346253.81101404,4069683.89638276
346253.81101404,4069683.89638276
346253.81101404,4069683.89638276
346253.81101404,4069683.89638276
346253.81101404,4069683.89638276
346253.87883635,4069683.95194642
346253.87883635,4069683.95194642
346253.87883635,4069683.95194642
346253.87883635,4069683.95194642
346253.87883635,4069683.95194642
346253.87883635,4069683.95194642
346253.87883635,4069683.95194642
346253.87883635,4069683.95194642
346253.87883635,4069683.95194642
346253.94674186,4069684.01213271
346253.94674186,4069684.01213271
346253.94674186,4069684.01213271
346253.94674186,4069684.01213271
346253.94674186,4069684.01213271
346253.94674186,4069684.01213271
346253.94674186,4069684.01213271
346253.94674186,4069684.01213271
346253.94674186,4069684.01213271
346253.94674186,4069684.01213271
346253.94674186,4069684.01213271
346254.01357833,4069684.06253510
346254.01357833,4069684.06253510
346254.01357833,4069684.06253510
346254.01357833,4069684.06253510
346254.01357833,4069684.06253510
346254.01357833,4069684.06253510
346254.01357833,4069684.06253510
346254.01357833,4069684.06253510
346254.01357833,4069684.06253510
346254.01357833,4069684.06253510
346254.07971086,4069684.11516973
346254.07971086,4069684.11516973
346254.07971086,4069684.11516973
346254.07971086,4069684.11516973
346254.07971086,4069684.11516973
346254.07971086,4069684.11516973
346254.07971086,4069684.11516973
346254.07971086,4069684.11516973
346254.07971086,4069684.11516973
346254.14608103,4069684.16447072
346254.14608103,4069684.16447072
346254.14608103,4069684.16447072
346254.14608103,4069684.16447072
346254.14608103,4069684.16447072
346254.14608103,4069684.16447072
346254.14608103,4069684.16447072
346254.14608103,4069684.16447072
346254.14608103,4069684.16447072
346254.14608103,4069684.16447072
346254.14608103,4069684.16447072
346254.20421526,4069684.21096049
346254.20421526,4069684.21096049
346254.20421526,4069684.21096049
346254.20421526,4069684.21096049
346254.20421526,4069684.21096049
346254.20421526,4069684.21096049
346254.20421526,4069684.21096049
346254.20421526,4069684.21096049
346254.20421526,4069684.21096049
346254.20421526,4069684.21096049
346254.26269029,4069684.25984867
346254.26269029,4069684.25984867
346254.26269029,4069684.25984867
346254.26269029,4069684.25984867
346254.26269029,4069684.25984867
346254.26269029,4069684.25984867
346254.26269029,4069684.25984867
346254.26269029,4069684.25984867
346254.26269029,4069684.25984867
346254.26269029,4069684.25984867
346254.30990489,4069684.31152902
346254.30990489,4069684.31152902
346254.30990489,4069684.31152902
346254.30990489,4069684.31152902
346254.30990489,4069684.31152902
346254.30990489,4069684.31152902
346254.30990489,4069684.31152902
346254.30990489,4069684.31152902
346254.30990489,4069684.31152902
346254.36024948,4069684.35519954
346254.36024948,4069684.35519954
346254.36024948,4069684.35519954
346254.36024948,4069684.35519954
346254.36024948,4069684.35519954
346254.36024948,4069684.35519954
346254.36024948,4069684.35519954
346254.36024948,4069684.35519954
346254.36024948,4069684.35519954
346254.36024948,4069684.35519954
346254.41060739,4069684.39960968
346254.41060739,4069684.39960968
346254.41060739,4069684.39960968
346254.41060739,4069684.39960968
346254.41060739,4069684.39960968
346254.41060739,4069684.39960968
346254.41060739,4069684.39960968
346254.41060739,4069684.39960968
346254.41060739,4069684.39960968
346254.41060739,4069684.39960968
346254.41060739,4069684.39960968
346254.44910643,4069684.44663780
346254.44910643,4069684.44663780
346254.44910643,4069684.44663780
346254.44910643,4069684.44663780
346254.44910643,4069684.44663780
346254.44910643,4069684.44663780
346254.44910643,4069684.44663780
346254.44910643,4069684.44663780
346254.44910643,4069684.44663780
346254.44910643,4069684.44663780
346254.48278139,4069684.49023840
346254.48278139,4069684.49023840
346254.48278139,4069684.49023840
346254.48278139,4069684.49023840
346254.48278139,4069684.49023840
346254.48278139,4069684.49023840
346254.48278139,4069684.49023840
346254.48278139,4069684.49023840
346254.48278139,4069684.49023840
346254.48278139,4069684.49023840
346254.52021139,4069684.52748260
346254.52021139,4069684.52748260
346254.52021139,4069684.52748260
346254.52021139,4069684.52748260
346254.52021139,4069684.52748260
346254.52021139,4069684.52748260
346254.52021139,4069684.52748260
346254.52021139,4069684.52748260
346254.52021139,4069684.52748260
346254.52021139,4069684.52748260
346254.55561080,4069684.55939937
346254.55561080,4069684.55939937
346254.55561080,4069684.55939937
346254.55561080,4069684.55939937
346254.55561080,4069684.55939937
346254.55561080,4069684.55939937
346254.55561080,4069684.55939937
346254.55561080,4069684.55939937
346254.55561080,4069684.55939937
346254.55561080,4069684.55939937
346254.58900054,4069684.59542153
346254.58900054,4069684.59542153
346254.58900054,4069684.59542153
346254.58900054,4069684.59542153
346254.58900054,4069684.59542153
346254.58900054,4069684.59542153
346254.58900054,4069684.59542153
346254.58900054,4069684.59542153
346254.58900054,4069684.59542153
346254.62033403,4069684.63296042
346254.62033403,4069684.63296042
346254.62033403,4069684.63296042
346254.62033403,4069684.63296042
346254.62033403,4069684.63296042
346254.62033403,4069684.63296042
346254.62033403,4069684.63296042
346254.62033403,4069684.63296042
346254.62033403,4069684.63296042
346254.62033403,4069684.63296042
346254.65011889,4069684.65887439
346254.65011889,4069684.65887439
346254.65011889,4069684.65887439
346254.65011889,4069684.65887439
346254.65011889,4069684.65887439
346254.65011889,4069684.65887439
346254.65011889,4069684.65887439
346254.65011889,4069684.65887439
346254.65011889,4069684.65887439
346254.65011889,4069684.65887439
346254.65011889,4069684.65887439
346254.67610876,4069684.68892588
346254.67610876,4069684.68892588
346254.67610876,4069684.68892588
346254.67610876,4069684.68892588
346254.67610876,4069684.68892588
346254.67610876,4069684.68892588
346254.67610876,4069684.68892588
346254.67610876,4069684.68892588
346254.67610876,4069684.68892588
346254.67610876,4069684.68892588
346254.69806503,4069684.71812514
346254.69806503,4069684.71812514
346254.69806503,4069684.71812514
346254.69806503,4069684.71812514
346254.69806503,4069684.71812514
346254.69806503,4069684.71812514
346254.69806503,4069684.71812514
346254.69806503,4069684.71812514
346254.69806503,4069684.71812514
346254.69806503,4069684.71812514
346254.71920989,4069684.73531628
346254.71920989,4069684.73531628
346254.71920989,4069684.73531628
346254.71920989,4069684.73531628
346254.71920989,4069684.73531628
346254.71920989,4069684.73531628
346254.71920989,4069684.73531628
346254.71920989,4069684.73531628
346254.71920989,4069684.73531628
346254.71920989,4069684.73531628
346254.73731696,4069684.75737118
346254.73731696,4069684.75737118
346254.73731696,4069684.75737118
346254.73731696,4069684.75737118
346254.73731696,4069684.75737118
346254.73731696,4069684.75737118
346254.73731696,4069684.75737118
346254.73731696,4069684.75737118
346254.73731696,4069684.75737118
346254.75541405,4069684.77887136
346254.75541405,4069684.77887136
346254.75541405,4069684.77887136
346254.75541405,4069684.77887136
346254.75541405,4069684.77887136
346254.75541405,4069684.77887136
346254.75541405,4069684.77887136
346254.75541405,4069684.77887136
346254.75541405,4069684.77887136
346254.75541405,4069684.77887136
346254.75541405,4069684.77887136
346254.77312706,4069684.79556936
346254.77312706,4069684.79556936
346254.77312706,4069684.79556936
346254.77312706,4069684.79556936
346254.77312706,4069684.79556936
346254.77312706,4069684.79556936
346254.77312706,4069684.79556936
346254.77312706,4069684.79556936
346254.77312706,4069684.79556936
346254.77312706,4069684.79556936
346254.78380764,4069684.81017435
346254.78380764,4069684.81017435
346254.78380764,4069684.81017435
346254.78380764,4069684.81017435
346254.78380764,4069684.81017435
346254.78380764,4069684.81017435
346254.78380764,4069684.81017435
346254.78380764,4069684.81017435
346254.78380764,4069684.81017435
346254.79231217,4069684.81963948
346254.79231217,4069684.81963948
346254.79231217,4069684.81963948
346254.79231217,4069684.81963948
346254.79231217,4069684.81963948
346254.79231217,4069684.81963948
346254.79231217,4069684.81963948
346254.79231217,4069684.81963948
346254.79231217,4069684.81963948
346254.79231217,4069684.81963948
346254.79959987,4069684.82764678
346254.79959987,4069684.82764678
346254.79959987,4069684.82764678
346254.79959987,4069684.82764678
346254.79959987,4069684.82764678
346254.79959987,4069684.82764678
346254.79959987,4069684.82764678
346254.79959987,4069684.82764678
346254.79959987,4069684.82764678
346254.79959987,4069684.82764678
346254.80412972,4069684.83126456
346254.80412972,4069684.83126456
346254.80412972,4069684.83126456
346254.80412972,4069684.83126456
346254.80412972,4069684.83126456
346254.80412972,4069684.83126456
346254.80412972,4069684.83126456
346254.80412972,4069684.83126456
346254.80412972,4069684.83126456
346254.80412972,4069684.83126456
346254.80668888,4069684.83288318
346254.80668888,4069684.83288318
346254.80668888,4069684.83288318
346254.80668888,4069684.83288318
346254.80668888,4069684.83288318
346254.80668888,4069684.83288318
346254.80668888,4069684.83288318
346254.80668888,4069684.83288318
346254.80668888,4069684.83288318
346254.80668888,4069684.83288318
346254.80304836,4069684.82906444
346254.80304836,4069684.82906444
346254.80304836,4069684.82906444
346254.80304836,4069684.82906444
346254.80304836,4069684.82906444
346254.80304836,4069684.82906444
346254.80304836,4069684.82906444
346254.80304836,4069684.82906444
346254.80304836,4069684.82906444
346254.80304836,4069684.82906444
346254.79956659,4069684.82579773
346254.79956659,4069684.82579773
346254.79956659,4069684.82579773
346254.79956659,4069684.82579773
346254.79956659,4069684.82579773
346254.79956659,4069684.82579773
346254.79956659,4069684.82579773
346254.79956659,4069684.82579773
346254.79956659,4069684.82579773
346254.79956659,4069684.82579773
346254.80305501,4069684.82943425
346254.80305501,4069684.82943425
346254.80305501,4069684.82943425
346254.80305501,4069684.82943425
346254.80305501,4069684.82943425
346254.80305501,4069684.82943425
346254.80305501,4069684.82943425
346254.80305501,4069684.82943425
346254.80305501,4069684.82943425
346254.80305501,4069684.82943425
346254.80157390,4069684.82983084
346254.80157390,4069684.82983084
346254.80157390,4069684.82983084
346254.80157390,4069684.82983084
346254.80157390,4069684.82983084
346254.80157390,4069684.82983084
346254.80157390,4069684.82983084
346254.80157390,4069684.82983084
346254.80157390,4069684.82983084
346254.80157390,4069684.82983084
346254.80157390,4069684.82983084
346254.79988744,4069684.82708671
346254.79988744,4069684.82708671
346254.79988744,4069684.82708671
346254.79988744,4069684.82708671
346254.79988744,4069684.82708671
346254.79988744,4069684.82708671
346254.79988744,4069684.82708671
346254.79988744,4069684.82708671
346254.79988744,4069684.82708671
346254.80304503,4069684.82887953
346254.80304503,4069684.82887953
346254.80304503,4069684.82887953
346254.80304503,4069684.82887953
346254.80304503,4069684.82887953
346254.80304503,4069684.82887953
346254.80304503,4069684.82887953
346254.80304503,4069684.82887953
346254.80304503,4069684.82887953
346254.80304503,4069684.82887953
346254.80201690,4069684.82963790
346254.80201690,4069684.82963790
346254.80201690,4069684.82963790
346254.80201690,4069684.82963790
346254.80201690,4069684.82963790
346254.80201690,4069684.82963790
346254.80201690,4069684.82963790
346254.80201690,4069684.82963790
346254.80201690,4069684.82963790
346254.80201690,4069684.82963790
346254.80093553,4069684.82743778
346254.80093553,4069684.82743778
346254.80093553,4069684.82743778
346254.80093553,4069684.82743778
346254.80093553,4069684.82743778
346254.80093553,4069684.82743778
346254.80093553,4069684.82743778
346254.80093553,4069684.82743778
346254.80093553,4069684.82743778
346254.80093553,4069684.82743778
346254.80156392,4069684.82927612
346254.80156392,4069684.82927612
346254.80156392,4069684.82927612
346254.80156392,4069684.82927612
346254.80156392,4069684.82927612
346254.80156392,4069684.82927612
346254.80156392,4069684.82927612
346254.80156392,4069684.82927612
346254.80156392,4069684.82927612
346254.80156392,4069684.82927612
346254.80305501,4069684.82943425
