346254.80305501,4069684.82943425
346254.80305501,4069684.82943425
346254.80305501,4069684.82943425
346254.80305501,4069684.82943425
346254.80305501,4069684.82943425
346254.80305501,4069684.82943425
346254.80305501,4069684.82943425
346254.80305501,4069684.82943425
346254.80305501,4069684.82943425
346254.80122643,4069684.82706261
346254.80122643,4069684.82706261
346254.80122643,4069684.82706261
346254.80122643,4069684.82706261
346254.80122643,4069684.82706261
346254.80122643,4069684.82706261
346254.80122643,4069684.82706261
346254.80122643,4069684.82706261
346254.80122643,4069684.82706261
346254.80122643,4069684.82706261
346254.80066127,4069684.82873747
346254.80066127,4069684.82873747
346254.80066127,4069684.82873747
346254.80066127,4069684.82873747
346254.80066127,4069684.82873747
346254.80066127,4069684.82873747
346254.80066127,4069684.82873747
346254.80066127,4069684.82873747
346254.80066127,4069684.82873747
346254.80066127,4069684.82873747
346254.80122643,4069684.82706261
346254.80122643,4069684.82706261
346254.80122643,4069684.82706261
346254.80122643,4069684.82706261
346254.80122643,4069684.82706261
346254.80122643,4069684.82706261
346254.80122643,4069684.82706261
346254.80122643,4069684.82706261
346254.80122643,4069684.82706261
346254.80122643,4069684.82706261
346254.80122643,4069684.82706261
346254.80107765,4069684.82706529
346254.80107765,4069684.82706529
346254.80107765,4069684.82706529
346254.80107765,4069684.82706529
346254.80107765,4069684.82706529
346254.80107765,4069684.82706529
346254.80107765,4069684.82706529
346254.80107765,4069684.82706529
346254.80107765,4069684.82706529
346254.80107765,4069684.82706529
346254.80153730,4069684.82779688
346254.80153730,4069684.82779688
346254.80153730,4069684.82779688
346254.80153730,4069684.82779688
346254.80153730,4069684.82779688
346254.80153730,4069684.82779688
346254.80153730,4069684.82779688
346254.80153730,4069684.82779688
346254.80153730,4069684.82779688
346254.80153730,4069684.82779688
346254.80153730,4069684.82779688
346254.80153730,4069684.82779688
346254.80153730,4069684.82779688
346254.80153730,4069684.82779688
346254.80153730,4069684.82779688
346254.80153730,4069684.82779688
346254.80153730,4069684.82779688
346254.80153730,4069684.82779688
346254.80153730,4069684.82779688
346254.80109096,4069684.82780491
346254.80109096,4069684.82780491
346254.80109096,4069684.82780491
346254.80109096,4069684.82780491
346254.80109096,4069684.82780491
346254.80109096,4069684.82780491
346254.80109096,4069684.82780491
346254.80109096,4069684.82780491
346254.80109096,4069684.82780491
346254.80109096,4069684.82780491
346254.80244992,4069684.82889024
346254.80244992,4069684.82889024
346254.80244992,4069684.82889024
346254.80244992,4069684.82889024
346254.80244992,4069684.82889024
346254.80244992,4069684.82889024
346254.80244992,4069684.82889024
346254.80244992,4069684.82889024
346254.80244992,4069684.82889024
346254.80244992,4069684.82889024
346254.80184150,4069684.82816133
346254.80184150,4069684.82816133
346254.80184150,4069684.82816133
346254.80184150,4069684.82816133
346254.80184150,4069684.82816133
346254.80184150,4069684.82816133
346254.80184150,4069684.82816133
346254.80184150,4069684.82816133
346254.80184150,4069684.82816133
346254.80184150,4069684.82816133
346254.80139850,4069684.82835427
346254.80139850,4069684.82835427
346254.80139850,4069684.82835427
346254.80139850,4069684.82835427
346254.80139850,4069684.82835427
346254.80139850,4069684.82835427
346254.80139850,4069684.82835427
346254.80139850,4069684.82835427
346254.80139850,4069684.82835427
346254.80139850,4069684.82835427
346254.80274747,4069684.82888489
346254.80274747,4069684.82888489
346254.80274747,4069684.82888489
346254.80274747,4069684.82888489
346254.80274747,4069684.82888489
346254.80274747,4069684.82888489
346254.80274747,4069684.82888489
346254.80274747,4069684.82888489
346254.80274747,4069684.82888489
346254.80274747,4069684.82888489
346254.80213906,4069684.82815598
346254.80213906,4069684.82815598
346254.80213906,4069684.82815598
346254.80213906,4069684.82815598
346254.80213906,4069684.82815598
346254.80213906,4069684.82815598
346254.80213906,4069684.82815598
346254.80213906,4069684.82815598
346254.80213906,4069684.82815598
346254.80213906,4069684.82815598
346254.80213906,4069684.82815598
346254.80347472,4069684.82794697
346254.80347472,4069684.82794697
346254.80347472,4069684.82794697
346254.80347472,4069684.82794697
346254.80347472,4069684.82794697
346254.80347472,4069684.82794697
346254.80347472,4069684.82794697
346254.80347472,4069684.82794697
346254.80347472,4069684.82794697
346254.80332594,4069684.82794965
346254.80332594,4069684.82794965
346254.80332594,4069684.82794965
346254.80332594,4069684.82794965
346254.80332594,4069684.82794965
346254.80332594,4069684.82794965
346254.80332594,4069684.82794965
346254.80332594,4069684.82794965
346254.80332594,4069684.82794965
346254.80332594,4069684.82794965
346254.80332594,4069684.82794965
346254.80259870,4069684.82888757
346254.80259870,4069684.82888757
346254.80259870,4069684.82888757
346254.80259870,4069684.82888757
346254.80259870,4069684.82888757
346254.80259870,4069684.82888757
346254.80259870,4069684.82888757
346254.80259870,4069684.82888757
346254.80259870,4069684.82888757
346254.80259870,4069684.82888757
346254.80273416,4069684.82814527
346254.80273416,4069684.82814527
346254.80273416,4069684.82814527
346254.80273416,4069684.82814527
346254.80273416,4069684.82814527
346254.80273416,4069684.82814527
346254.80273416,4069684.82814527
346254.80273416,4069684.82814527
346254.80273416,4069684.82814527
346254.80093553,4069684.82743778
346254.80093553,4069684.82743778
346254.80093553,4069684.82743778
346254.80093553,4069684.82743778
346254.80093553,4069684.82743778
346254.80093553,4069684.82743778
346254.80093553,4069684.82743778
346254.80093553,4069684.82743778
346254.80093553,4069684.82743778
346254.80093553,4069684.82743778
346254.79968875,4069684.82431581
346254.79968875,4069684.82431581
346254.79968875,4069684.82431581
346254.79968875,4069684.82431581
346254.79968875,4069684.82431581
346254.79968875,4069684.82431581
346254.79968875,4069684.82431581
346254.79968875,4069684.82431581
346254.79968875,4069684.82431581
346254.79968875,4069684.82431581
346254.79576731,4069684.82142694
346254.79576731,4069684.82142694
346254.79576731,4069684.82142694
346254.79576731,4069684.82142694
346254.79576731,4069684.82142694
346254.79576731,4069684.82142694
346254.79576731,4069684.82142694
346254.79576731,4069684.82142694
346254.79576731,4069684.82142694
346254.79576731,4069684.82142694
346254.79273854,4069684.81852201
346254.79273854,4069684.81852201
346254.79273854,4069684.81852201
346254.79273854,4069684.81852201
346254.79273854,4069684.81852201
346254.79273854,4069684.81852201
346254.79273854,4069684.81852201
346254.79273854,4069684.81852201
346254.79273854,4069684.81852201
346254.79273854,4069684.81852201
346254.78800999,4069684.81213333
346254.78800999,4069684.81213333
346254.78800999,4069684.81213333
346254.78800999,4069684.81213333
346254.78800999,4069684.81213333
346254.78800999,4069684.81213333
346254.78800999,4069684.81213333
346254.78800999,4069684.81213333
346254.78800999,4069684.81213333
346254.78800999,4069684.81213333
346254.78800999,4069684.81213333
346254.78154604,4069684.80855037
346254.78154604,4069684.80855037
346254.78154604,4069684.80855037
346254.78154604,4069684.80855037
346254.78154604,4069684.80855037
346254.78154604,4069684.80855037
346254.78154604,4069684.80855037
346254.78154604,4069684.80855037
346254.78154604,4069684.80855037
346254.77546853,4069684.80163107
346254.77546853,4069684.80163107
346254.77546853,4069684.80163107
346254.77546853,4069684.80163107
346254.77546853,4069684.80163107
346254.77546853,4069684.80163107
346254.77546853,4069684.80163107
346254.77546853,4069684.80163107
346254.77546853,4069684.80163107
346254.77546853,4069684.80163107
346254.77044243,4069684.79524775
346254.77044243,4069684.79524775
346254.77044243,4069684.79524775
346254.77044243,4069684.79524775
346254.77044243,4069684.79524775
346254.77044243,4069684.79524775
346254.77044243,4069684.79524775
346254.77044243,4069684.79524775
346254.77044243,4069684.79524775
346254.77044243,4069684.79524775
346254.77044243,4069684.79524775
346254.76407734,4069684.78888852
346254.76407734,4069684.78888852
346254.76407734,4069684.78888852
346254.76407734,4069684.78888852
346254.76407734,4069684.78888852
346254.76407734,4069684.78888852
346254.76407734,4069684.78888852
346254.76407734,4069684.78888852
346254.76407734,4069684.78888852
346254.75826077,4069684.77992992
346254.75826077,4069684.77992992
346254.75826077,4069684.77992992
346254.75826077,4069684.77992992
346254.75826077,4069684.77992992
346254.75826077,4069684.77992992
346254.75826077,4069684.77992992
346254.75826077,4069684.77992992
346254.75826077,4069684.77992992
346254.75826077,4069684.77992992
346254.75277503,4069684.77281501
346254.75277503,4069684.77281501
346254.75277503,4069684.77281501
346254.75277503,4069684.77281501
346254.75277503,4069684.77281501
346254.75277503,4069684.77281501
346254.75277503,4069684.77281501
346254.75277503,4069684.77281501
346254.75277503,4069684.77281501
346254.75277503,4069684.77281501
346254.74700505,4069684.76644507
346254.74700505,4069684.76644507
346254.74700505,4069684.76644507
346254.74700505,4069684.76644507
346254.74700505,4069684.76644507
346254.74700505,4069684.76644507
346254.74700505,4069684.76644507
346254.74700505,4069684.76644507
346254.74700505,4069684.76644507
346254.74700505,4069684.76644507
346254.74168140,4069684.76006710
346254.74168140,4069684.76006710
346254.74168140,4069684.76006710
346254.74168140,4069684.76006710
346254.74168140,4069684.76006710
346254.74168140,4069684.76006710
346254.74168140,4069684.76006710
346254.74168140,4069684.76006710
346254.74168140,4069684.76006710
346254.74168140,4069684.76006710
346254.73713823,4069684.75570971
346254.73713823,4069684.75570971
346254.73713823,4069684.75570971
346254.73713823,4069684.75570971
346254.73713823,4069684.75570971
346254.73713823,4069684.75570971
346254.73713823,4069684.75570971
346254.73713823,4069684.75570971
346254.73713823,4069684.75570971
346254.73713823,4069684.75570971
346254.73713823,4069684.75570971
346254.73336558,4069684.75281816
346254.73336558,4069684.75281816
346254.73336558,4069684.75281816
346254.73336558,4069684.75281816
346254.73336558,4069684.75281816
346254.73336558,4069684.75281816
346254.73336558,4069684.75281816
346254.73336558,4069684.75281816
346254.73336558,4069684.75281816
346254.73317354,4069684.75041707
346254.73317354,4069684.75041707
346254.73317354,4069684.75041707
346254.73317354,4069684.75041707
346254.73317354,4069684.75041707
346254.73317354,4069684.75041707
346254.73317354,4069684.75041707
346254.73317354,4069684.75041707
346254.73317354,4069684.75041707
346254.73317354,4069684.75041707
346254.73425491,4069684.75261719
346254.73425491,4069684.75261719
346254.73425491,4069684.75261719
346254.73425491,4069684.75261719
346254.73425491,4069684.75261719
346254.73425491,4069684.75261719
346254.73425491,4069684.75261719
346254.73425491,4069684.75261719
346254.73425491,4069684.75261719
346254.73425491,4069684.75261719
346254.73425491,4069684.75261719
346254.73581921,4069684.75684324
346254.73581921,4069684.75684324
346254.73581921,4069684.75684324
346254.73581921,4069684.75684324
346254.73581921,4069684.75684324
346254.73581921,4069684.75684324
346254.73581921,4069684.75684324
346254.73581921,4069684.75684324
346254.73581921,4069684.75684324
346254.73581921,4069684.75684324
346254.74322906,4069684.76336862
346254.74322906,4069684.76336862
346254.74322906,4069684.76336862
346254.74322906,4069684.76336862
346254.74322906,4069684.76336862
346254.74322906,4069684.76336862
346254.74322906,4069684.76336862
346254.74322906,4069684.76336862
346254.74322906,4069684.76336862
346254.75640890,4069684.77626394
346254.75640890,4069684.77626394
346254.75640890,4069684.77626394
346254.75640890,4069684.77626394
346254.75640890,4069684.77626394
346254.75640890,4069684.77626394
346254.75640890,4069684.77626394
346254.75640890,4069684.77626394
346254.75640890,4069684.77626394
346254.75640890,4069684.77626394
346254.77101424,4069684.79394270
346254.77101424,4069684.79394270
346254.77101424,4069684.79394270
346254.77101424,4069684.79394270
346254.77101424,4069684.79394270
346254.77101424,4069684.79394270
346254.77101424,4069684.79394270
346254.77101424,4069684.79394270
346254.77101424,4069684.79394270
346254.77101424,4069684.79394270
346254.78788451,4069684.81343035
346254.78788451,4069684.81343035
346254.78788451,4069684.81343035
346254.78788451,4069684.81343035
346254.78788451,4069684.81343035
346254.78788451,4069684.81343035
346254.78788451,4069684.81343035
346254.78788451,4069684.81343035
346254.78788451,4069684.81343035
346254.78788451,4069684.81343035
346254.80650682,4069684.83103681
346254.80650682,4069684.83103681
346254.80650682,4069684.83103681
346254.80650682,4069684.83103681
346254.80650682,4069684.83103681
346254.80650682,4069684.83103681
346254.80650682,4069684.83103681
346254.80650682,4069684.83103681
346254.80650682,4069684.83103681
346254.80650682,4069684.83103681
346254.80650682,4069684.83103681
346254.82802244,4069684.85229051
346254.82802244,4069684.85229051
346254.82802244,4069684.85229051
346254.82802244,4069684.85229051
346254.82802244,4069684.85229051
346254.82802244,4069684.85229051
346254.82802244,4069684.85229051
346254.82802244,4069684.85229051
346254.82802244,4069684.85229051
346254.85457082,4069684.88029733
346254.85457082,4069684.88029733
346254.85457082,4069684.88029733
346254.85457082,4069684.88029733
346254.85457082,4069684.88029733
346254.85457082,4069684.88029733
346254.85457082,4069684.88029733
346254.85457082,4069684.88029733
346254.85457082,4069684.88029733
346254.85457082,4069684.88029733
346254.88489518,4069684.91138061
346254.88489518,4069684.91138061
346254.88489518,4069684.91138061
346254.88489518,4069684.91138061
346254.88489518,4069684.91138061
346254.88489518,4069684.91138061
346254.88489518,4069684.91138061
346254.88489518,4069684.91138061
346254.88489518,4069684.91138061
346254.88489518,4069684.91138061
346254.88489518,4069684.91138061
346254.91483546,4069684.93766171
346254.91483546,4069684.93766171
346254.91483546,4069684.93766171
346254.91483546,4069684.93766171
346254.91483546,4069684.93766171
346254.91483546,4069684.93766171
346254.91483546,4069684.93766171
346254.91483546,4069684.93766171
346254.91483546,4069684.93766171
346254.94755023,4069684.96925686
346254.94755023,4069684.96925686
346254.94755023,4069684.96925686
346254.94755023,4069684.96925686
346254.94755023,4069684.96925686
346254.94755023,4069684.96925686
346254.94755023,4069684.96925686
346254.94755023,4069684.96925686
346254.94755023,4069684.96925686
346254.94755023,4069684.96925686
346254.94755023,4069684.96925686
346254.98517560,4069685.00908706
346254.98517560,4069685.00908706
346254.98517560,4069685.00908706
346254.98517560,4069685.00908706
346254.98517560,4069685.00908706
346254.98517560,4069685.00908706
346254.98517560,4069685.00908706
346254.98517560,4069685.00908706
346254.98517560,4069685.00908706
346255.02397786,4069685.04815622
346255.02397786,4069685.04815622
346255.02397786,4069685.04815622
346255.02397786,4069685.04815622
346255.02397786,4069685.04815622
346255.02397786,4069685.04815622
346255.02397786,4069685.04815622
346255.02397786,4069685.04815622
346255.02397786,4069685.04815622
346255.02397786,4069685.04815622
346255.05998666,4069685.08912531
346255.05998666,4069685.08912531
346255.05998666,4069685.08912531
346255.05998666,4069685.08912531
346255.05998666,4069685.08912531
346255.05998666,4069685.08912531
346255.05998666,4069685.08912531
346255.05998666,4069685.08912531
346255.05998666,4069685.08912531
346255.05998666,4069685.08912531
346255.10573248,4069685.13361846
346255.10573248,4069685.13361846
346255.10573248,4069685.13361846
346255.10573248,4069685.13361846
346255.10573248,4069685.13361846
346255.10573248,4069685.13361846
346255.10573248,4069685.13361846
346255.10573248,4069685.13361846
346255.10573248,4069685.13361846
346255.10573248,4069685.13361846
346255.15061559,4069685.17979182
346255.15061559,4069685.17979182
346255.15061559,4069685.17979182
346255.15061559,4069685.17979182
346255.15061559,4069685.17979182
346255.15061559,4069685.17979182
346255.15061559,4069685.17979182
346255.15061559,4069685.17979182
346255.15061559,4069685.17979182
346255.15061559,4069685.17979182
346255.19857975,4069685.22350519
346255.19857975,4069685.22350519
346255.19857975,4069685.22350519
346255.19857975,4069685.22350519
346255.19857975,4069685.22350519
346255.19857975,4069685.22350519
346255.19857975,4069685.22350519
346255.19857975,4069685.22350519
346255.19857975,4069685.22350519
346255.19857975,4069685.22350519
346255.19857975,4069685.22350519
346255.24812485,4069685.27236913
346255.24812485,4069685.27236913
346255.24812485,4069685.27236913
346255.24812485,4069685.27236913
346255.24812485,4069685.27236913
346255.24812485,4069685.27236913
346255.24812485,4069685.27236913
346255.24812485,4069685.27236913
346255.24812485,4069685.27236913
346255.29759106,4069685.32511875
346255.29759106,4069685.32511875
346255.29759106,4069685.32511875
346255.29759106,4069685.32511875
346255.29759106,4069685.32511875
346255.29759106,4069685.32511875
346255.29759106,4069685.32511875
346255.29759106,4069685.32511875
346255.29759106,4069685.32511875
346255.29759106,4069685.32511875
346255.34743468,4069685.38230075
346255.34743468,4069685.38230075
346255.34743468,4069685.38230075
346255.34743468,4069685.38230075
346255.34743468,4069685.38230075
346255.34743468,4069685.38230075
346255.34743468,4069685.38230075
346255.34743468,4069685.38230075
346255.34743468,4069685.38230075
346255.34743468,4069685.38230075
346255.40349364,4069685.43752123
346255.40349364,4069685.43752123
346255.40349364,4069685.43752123
346255.40349364,4069685.43752123
346255.40349364,4069685.43752123
346255.40349364,4069685.43752123
346255.40349364,4069685.43752123
346255.40349364,4069685.43752123
346255.40349364,4069685.43752123
346255.40349364,4069685.43752123
346255.40349364,4069685.43752123
346255.45707998,4069685.49593062
346255.45707998,4069685.49593062
346255.45707998,4069685.49593062
346255.45707998,4069685.49593062
346255.45707998,4069685.49593062
346255.45707998,4069685.49593062
346255.45707998,4069685.49593062
346255.45707998,4069685.49593062
346255.45707998,4069685.49593062
346255.45707998,4069685.49593062
346255.51634644,4069685.55571751
346255.51634644,4069685.55571751
346255.51634644,4069685.55571751
346255.51634644,4069685.55571751
346255.51634644,4069685.55571751
346255.51634644,4069685.55571751
346255.51634644,4069685.55571751
346255.51634644,4069685.55571751
346255.51634644,4069685.55571751
346255.57952337,4069685.60951514
346255.57952337,4069685.60951514
346255.57952337,4069685.60951514
346255.57952337,4069685.60951514
346255.57952337,4069685.60951514
346255.57952337,4069685.60951514
346255.57952337,4069685.60951514
346255.57952337,4069685.60951514
346255.57952337,4069685.60951514
346255.57952337,4069685.60951514
346255.57952337,4069685.60951514
346255.64523284,4069685.66345215
346255.64523284,4069685.66345215
346255.64523284,4069685.66345215
346255.64523284,4069685.66345215
346255.64523284,4069685.66345215
346255.64523284,4069685.66345215
346255.64523284,4069685.66345215
346255.64523284,4069685.66345215
346255.64523284,4069685.66345215
346255.71643373,4069685.71655048
346255.71643373,4069685.71655048
346255.71643373,4069685.71655048
346255.71643373,4069685.71655048
346255.71643373,4069685.71655048
346255.71643373,4069685.71655048
346255.71643373,4069685.71655048
346255.71643373,4069685.71655048
346255.71643373,4069685.71655048
346255.71643373,4069685.71655048
346255.78923455,4069685.76758539
346255.78923455,4069685.76758539
346255.78923455,4069685.76758539
346255.78923455,4069685.76758539
346255.78923455,4069685.76758539
346255.78923455,4069685.76758539
346255.78923455,4069685.76758539
346255.78923455,4069685.76758539
346255.78923455,4069685.76758539
346255.78923455,4069685.76758539
346255.78923455,4069685.76758539
346255.85968587,4069685.82865071
346255.85968587,4069685.82865071
346255.85968587,4069685.82865071
346255.85968587,4069685.82865071
346255.85968587,4069685.82865071
346255.85968587,4069685.82865071
346255.85968587,4069685.82865071
346255.85968587,4069685.82865071
346255.85968587,4069685.82865071
346255.93851762,4069685.88401624
346255.93851762,4069685.88401624
346255.93851762,4069685.88401624
346255.93851762,4069685.88401624
346255.93851762,4069685.88401624
346255.93851762,4069685.88401624
346255.93851762,4069685.88401624
346255.93851762,4069685.88401624
346255.93851762,4069685.88401624
346255.93851762,4069685.88401624
346255.93851762,4069685.88401624
346256.01620242,4069685.94180697
346256.01620242,4069685.94180697
346256.01620242,4069685.94180697
346256.01620242,4069685.94180697
346256.01620242,4069685.94180697
346256.01620242,4069685.94180697
346256.01620242,4069685.94180697
346256.01620242,4069685.94180697
346256.01620242,4069685.94180697
346256.09625100,4069685.99863033
346256.09625100,4069685.99863033
346256.09625100,4069685.99863033
346256.09625100,4069685.99863033
346256.09625100,4069685.99863033
346256.09625100,4069685.99863033
346256.09625100,4069685.99863033
346256.09625100,4069685.99863033
346256.09625100,4069685.99863033
346256.09625100,4069685.99863033
346256.09625100,4069685.99863033
346256.18412816,4069686.05216840
346256.18412816,4069686.05216840
346256.18412816,4069686.05216840
346256.18412816,4069686.05216840
346256.18412816,4069686.05216840
346256.18412816,4069686.05216840
346256.18412816,4069686.05216840
346256.18412816,4069686.05216840
346256.18412816,4069686.05216840
346256.27237844,4069686.10163052
346256.27237844,4069686.10163052
346256.27237844,4069686.10163052
346256.27237844,4069686.10163052
346256.27237844,4069686.10163052
346256.27237844,4069686.10163052
346256.27237844,4069686.10163052
346256.27237844,4069686.10163052
346256.27237844,4069686.10163052
346256.27237844,4069686.10163052
346256.35862003,4069686.16352145
346256.35862003,4069686.16352145
346256.35862003,4069686.16352145
346256.35862003,4069686.16352145
346256.35862003,4069686.16352145
346256.35862003,4069686.16352145
346256.35862003,4069686.16352145
346256.35862003,4069686.16352145
346256.35862003,4069686.16352145
346256.35862003,4069686.16352145
346256.45608115,4069686.21207794
346256.45608115,4069686.21207794
346256.45608115,4069686.21207794
346256.45608115,4069686.21207794
346256.45608115,4069686.21207794
346256.45608115,4069686.21207794
346256.45608115,4069686.21207794
346256.45608115,4069686.21207794
346256.45608115,4069686.21207794
346256.45608115,4069686.21207794
346256.54335322,4069686.26507200
346256.54335322,4069686.26507200
346256.54335322,4069686.26507200
346256.54335322,4069686.26507200
346256.54335322,4069686.26507200
346256.54335322,4069686.26507200
346256.54335322,4069686.26507200
346256.54335322,4069686.26507200
346256.54335322,4069686.26507200
346256.54335322,4069686.26507200
346256.63723135,4069686.32127655
346256.63723135,4069686.32127655
346256.63723135,4069686.32127655
346256.63723135,4069686.32127655
346256.63723135,4069686.32127655
346256.63723135,4069686.32127655
346256.63723135,4069686.32127655
346256.63723135,4069686.32127655
346256.63723135,4069686.32127655
346256.63723135,4069686.32127655
346256.74191596,4069686.36600374
346256.74191596,4069686.36600374
346256.74191596,4069686.36600374
346256.74191596,4069686.36600374
346256.74191596,4069686.36600374
346256.74191596,4069686.36600374
346256.74191596,4069686.36600374
346256.74191596,4069686.36600374
346256.74191596,4069686.36600374
346256.74191596,4069686.36600374
346256.83925061,4069686.40753384
346256.83925061,4069686.40753384
346256.83925061,4069686.40753384
346256.83925061,4069686.40753384
346256.83925061,4069686.40753384
346256.83925061,4069686.40753384
346256.83925061,4069686.40753384
346256.83925061,4069686.40753384
346256.83925061,4069686.40753384
346256.83925061,4069686.40753384
346256.93903557,4069686.45290411
346256.93903557,4069686.45290411
346256.93903557,4069686.45290411
346256.93903557,4069686.45290411
346256.93903557,4069686.45290411
346256.93903557,4069686.45290411
346256.93903557,4069686.45290411
346256.93903557,4069686.45290411
346256.93903557,4069686.45290411
346256.93903557,4069686.45290411
346257.04608063,4069686.49647903
346257.04608063,4069686.49647903
346257.04608063,4069686.49647903
346257.04608063,4069686.49647903
346257.04608063,4069686.49647903
346257.04608063,4069686.49647903
346257.04608063,4069686.49647903
346257.04608063,4069686.49647903
346257.04608063,4069686.49647903
346257.04608063,4069686.49647903
346257.04608063,4069686.49647903
346257.15242506,4069686.54247111
346257.15242506,4069686.54247111
346257.15242506,4069686.54247111
346257.15242506,4069686.54247111
346257.15242506,4069686.54247111
346257.15242506,4069686.54247111
346257.15242506,4069686.54247111
346257.15242506,4069686.54247111
346257.15242506,4069686.54247111
346257.26183058,4069686.58489376
346257.26183058,4069686.58489376
346257.26183058,4069686.58489376
346257.26183058,4069686.58489376
346257.26183058,4069686.58489376
346257.26183058,4069686.58489376
346257.26183058,4069686.58489376
346257.26183058,4069686.58489376
346257.26183058,4069686.58489376
346257.26183058,4069686.58489376
346257.38040935,4069686.61605342
346257.38040935,4069686.61605342
346257.38040935,4069686.61605342
346257.38040935,4069686.61605342
346257.38040935,4069686.61605342
346257.38040935,4069686.61605342
346257.38040935,4069686.61605342
346257.38040935,4069686.61605342
346257.38040935,4069686.61605342
346257.38040935,4069686.61605342
346257.48917982,4069686.65626793
346257.48917982,4069686.65626793
346257.48917982,4069686.65626793
346257.48917982,4069686.65626793
346257.48917982,4069686.65626793
346257.48917982,4069686.65626793
346257.48917982,4069686.65626793
346257.48917982,4069686.65626793
346257.48917982,4069686.65626793
346257.48917982,4069686.65626793
346257.48917982,4069686.65626793
346257.59967336,4069686.70126052
346257.59967336,4069686.70126052
346257.59967336,4069686.70126052
346257.59967336,4069686.70126052
346257.59967336,4069686.70126052
346257.59967336,4069686.70126052
346257.59967336,4069686.70126052
346257.59967336,4069686.70126052
346257.59967336,4069686.70126052
346257.72103992,4069686.73847386
346257.72103992,4069686.73847386
346257.72103992,4069686.73847386
346257.72103992,4069686.73847386
346257.72103992,4069686.73847386
346257.72103992,4069686.73847386
346257.72103992,4069686.73847386
346257.72103992,4069686.73847386
346257.72103992,4069686.73847386
346257.72103992,4069686.73847386
346257.83622247,4069686.76285094
346257.83622247,4069686.76285094
346257.83622247,4069686.76285094
346257.83622247,4069686.76285094
346257.83622247,4069686.76285094
346257.83622247,4069686.76285094
346257.83622247,4069686.76285094
346257.83622247,4069686.76285094
346257.83622247,4069686.76285094
346257.83622247,4069686.76285094
346257.95125389,4069686.79536920
346257.95125389,4069686.79536920
346257.95125389,4069686.79536920
346257.95125389,4069686.79536920
346257.95125389,4069686.79536920
346257.95125389,4069686.79536920
346257.95125389,4069686.79536920
346257.95125389,4069686.79536920
346257.95125389,4069686.79536920
346257.95125389,4069686.79536920
346258.06573014,4069686.83011704
346258.06573014,4069686.83011704
346258.06573014,4069686.83011704
346258.06573014,4069686.83011704
346258.06573014,4069686.83011704
346258.06573014,4069686.83011704
346258.06573014,4069686.83011704
346258.06573014,4069686.83011704
346258.06573014,4069686.83011704
346258.06573014,4069686.83011704
346258.17771518,4069686.85048244
346258.17771518,4069686.85048244
346258.17771518,4069686.85048244
346258.17771518,4069686.85048244
346258.17771518,4069686.85048244
346258.17771518,4069686.85048244
346258.17771518,4069686.85048244
346258.17771518,4069686.85048244
346258.17771518,4069686.85048244
346258.17771518,4069686.85048244
346258.17771518,4069686.85048244
346258.29660716,4069686.87423787
346258.29660716,4069686.87423787
346258.29660716,4069686.87423787
346258.29660716,4069686.87423787
346258.29660716,4069686.87423787
346258.29660716,4069686.87423787
346258.29660716,4069686.87423787
346258.29660716,4069686.87423787
346258.29660716,4069686.87423787
346258.29660716,4069686.87423787
346258.40409230,4069686.89264964
346258.40409230,4069686.89264964
346258.40409230,4069686.89264964
346258.40409230,4069686.89264964
346258.40409230,4069686.89264964
346258.40409230,4069686.89264964
346258.40409230,4069686.89264964
346258.40409230,4069686.89264964
346258.40409230,4069686.89264964
346258.40409230,4069686.89264964
346258.51286651,4069686.90826373
346258.51286651,4069686.90826373
346258.51286651,4069686.90826373
346258.51286651,4069686.90826373
346258.51286651,4069686.90826373
346258.51286651,4069686.90826373
346258.51286651,4069686.90826373
346258.51286651,4069686.90826373
346258.51286651,4069686.90826373
346258.62577651,4069686.92213871
346258.62577651,4069686.92213871
346258.62577651,4069686.92213871
346258.62577651,4069686.92213871
346258.62577651,4069686.92213871
346258.62577651,4069686.92213871
346258.62577651,4069686.92213871
346258.62577651,4069686.92213871
346258.62577651,4069686.92213871
346258.62577651,4069686.92213871
346258.73011973,4069686.93135877
346258.73011973,4069686.93135877
346258.73011973,4069686.93135877
346258.73011973,4069686.93135877
346258.73011973,4069686.93135877
346258.73011973,4069686.93135877
346258.73011973,4069686.93135877
346258.73011973,4069686.93135877
346258.73011973,4069686.93135877
346258.73011973,4069686.93135877
346258.83952468,4069686.94067271
346258.83952468,4069686.94067271
346258.83952468,4069686.94067271
346258.83952468,4069686.94067271
346258.83952468,4069686.94067271
346258.83952468,4069686.94067271
346258.83952468,4069686.94067271
346258.83952468,4069686.94067271
346258.83952468,4069686.94067271
346258.83952468,4069686.94067271
346258.83952468,4069686.94067271
346258.94090568,4069686.95068594
346258.94090568,4069686.95068594
346258.94090568,4069686.95068594
346258.94090568,4069686.95068594
346258.94090568,4069686.95068594
346258.94090568,4069686.95068594
346258.94090568,4069686.95068594
346258.94090568,4069686.95068594
346258.94090568,4069686.95068594
346258.94090568,4069686.95068594
346259.04309948,4069686.95624539
346259.04309948,4069686.95624539
346259.04309948,4069686.95624539
346259.04309948,4069686.95624539
346259.04309948,4069686.95624539
346259.04309948,4069686.95624539
346259.04309948,4069686.95624539
346259.04309948,4069686.95624539
346259.04309948,4069686.95624539
346259.13930561,4069686.95987798
346259.13930561,4069686.95987798
346259.13930561,4069686.95987798
346259.13930561,4069686.95987798
346259.13930561,4069686.95987798
346259.13930561,4069686.95987798
346259.13930561,4069686.95987798
346259.13930561,4069686.95987798
346259.13930561,4069686.95987798
346259.13930561,4069686.95987798
346259.13930561,4069686.95987798
346259.23779330,4069686.96624398
346259.23779330,4069686.96624398
346259.23779330,4069686.96624398
346259.23779330,4069686.96624398
346259.23779330,4069686.96624398
346259.23779330,4069686.96624398
346259.23779330,4069686.96624398
346259.23779330,4069686.96624398
346259.23779330,4069686.96624398
346259.23779330,4069686.96624398
346259.33146690,4069686.96973719
346259.33146690,4069686.96973719
346259.33146690,4069686.96973719
346259.33146690,4069686.96973719
346259.33146690,4069686.96973719
346259.33146690,4069686.96973719
346259.33146690,4069686.96973719
346259.33146690,4069686.96973719
346259.33146690,4069686.96973719
346259.43082298,4069686.96646939
346259.43082298,4069686.96646939
346259.43082298,4069686.96646939
346259.43082298,4069686.96646939
346259.43082298,4069686.96646939
346259.43082298,4069686.96646939
346259.43082298,4069686.96646939
346259.43082298,4069686.96646939
346259.43082298,4069686.96646939
346259.43082298,4069686.96646939
346259.52647727,4069686.97251646
346259.52647727,4069686.97251646
346259.52647727,4069686.97251646
346259.52647727,4069686.97251646
346259.52647727,4069686.97251646
346259.52647727,4069686.97251646
346259.52647727,4069686.97251646
346259.52647727,4069686.97251646
346259.52647727,4069686.97251646
346259.52647727,4069686.97251646
346259.62331178,4069686.97798740
346259.62331178,4069686.97798740
346259.62331178,4069686.97798740
346259.62331178,4069686.97798740
346259.62331178,4069686.97798740
346259.62331178,4069686.97798740
346259.62331178,4069686.97798740
346259.62331178,4069686.97798740
346259.62331178,4069686.97798740
346259.62331178,4069686.97798740
346259.71714317,4069686.97370923
346259.71714317,4069686.97370923
346259.71714317,4069686.97370923
346259.71714317,4069686.97370923
346259.71714317,4069686.97370923
346259.71714317,4069686.97370923
346259.71714317,4069686.97370923
346259.71714317,4069686.97370923
346259.71714317,4069686.97370923
346259.71714317,4069686.97370923
346259.71714317,4069686.97370923
346259.81509039,4069686.96658252
346259.81509039,4069686.96658252
346259.81509039,4069686.96658252
346259.81509039,4069686.96658252
346259.81509039,4069686.96658252
346259.81509039,4069686.96658252
346259.81509039,4069686.96658252
346259.81509039,4069686.96658252
346259.81509039,4069686.96658252
346259.91435330,4069686.95813738
346259.91435330,4069686.95813738
346259.91435330,4069686.95813738
346259.91435330,4069686.95813738
346259.91435330,4069686.95813738
346259.91435330,4069686.95813738
346259.91435330,4069686.95813738
346259.91435330,4069686.95813738
346259.91435330,4069686.95813738
346259.91435330,4069686.95813738
346260.01147109,4069686.95453993
346260.01147109,4069686.95453993
346260.01147109,4069686.95453993
346260.01147109,4069686.95453993
346260.01147109,4069686.95453993
346260.01147109,4069686.95453993
346260.01147109,4069686.95453993
346260.01147109,4069686.95453993
346260.01147109,4069686.95453993
346260.01147109,4069686.95453993
346260.01147109,4069686.95453993
346260.11056193,4069686.94480313
346260.11056193,4069686.94480313
346260.11056193,4069686.94480313
346260.11056193,4069686.94480313
346260.11056193,4069686.94480313
346260.11056193,4069686.94480313
346260.11056193,4069686.94480313
346260.11056193,4069686.94480313
346260.11056193,4069686.94480313
346260.11056193,4069686.94480313
346260.21116147,4069686.94447240
346260.21116147,4069686.94447240
346260.21116147,4069686.94447240
346260.21116147,4069686.94447240
346260.21116147,4069686.94447240
346260.21116147,4069686.94447240
346260.21116147,4069686.94447240
346260.21116147,4069686.94447240
346260.21116147,4069686.94447240
346260.21116147,4069686.94447240
346260.31601466,4069686.93241232
346260.31601466,4069686.93241232
346260.31601466,4069686.93241232
346260.31601466,4069686.93241232
346260.31601466,4069686.93241232
346260.31601466,4069686.93241232
346260.31601466,4069686.93241232
346260.31601466,4069686.93241232
346260.31601466,4069686.93241232
346260.31601466,4069686.93241232
346260.41876502,4069686.91928029
346260.41876502,4069686.91928029
346260.41876502,4069686.91928029
346260.41876502,4069686.91928029
346260.41876502,4069686.91928029
346260.41876502,4069686.91928029
346260.41876502,4069686.91928029
346260.41876502,4069686.91928029
346260.41876502,4069686.91928029
346260.41876502,4069686.91928029
346260.51796568,4069686.91564537
346260.51796568,4069686.91564537
346260.51796568,4069686.91564537
346260.51796568,4069686.91564537
346260.51796568,4069686.91564537
346260.51796568,4069686.91564537
346260.51796568,4069686.91564537
346260.51796568,4069686.91564537
346260.51796568,4069686.91564537
346260.62110912,4069686.89954683
346260.62110912,4069686.89954683
346260.62110912,4069686.89954683
346260.62110912,4069686.89954683
346260.62110912,4069686.89954683
346260.62110912,4069686.89954683
346260.62110912,4069686.89954683
346260.62110912,4069686.89954683
346260.62110912,4069686.89954683
346260.62110912,4069686.89954683
346260.73014234,4069686.89647482
346260.73014234,4069686.89647482
346260.73014234,4069686.89647482
346260.73014234,4069686.89647482
346260.73014234,4069686.89647482
346260.73014234,4069686.89647482
346260.73014234,4069686.89647482
346260.73014234,4069686.89647482
346260.73014234,4069686.89647482
346260.73014234,4069686.89647482
346260.83748148,4069686.88196546
346260.83748148,4069686.88196546
346260.83748148,4069686.88196546
346260.83748148,4069686.88196546
346260.83748148,4069686.88196546
346260.83748148,4069686.88196546
346260.83748148,4069686.88196546
346260.83748148,4069686.88196546
346260.83748148,4069686.88196546
346260.83748148,4069686.88196546
346260.93717408,4069686.87258777
346260.93717408,4069686.87258777
346260.93717408,4069686.87258777
346260.93717408,4069686.87258777
346260.93717408,4069686.87258777
346260.93717408,4069686.87258777
346260.93717408,4069686.87258777
346260.93717408,4069686.87258777
346260.93717408,4069686.87258777
346260.93717408,4069686.87258777
346260.93717408,4069686.87258777
346261.04604993,4069686.85250180
346261.04604993,4069686.85250180
346261.04604993,4069686.85250180
346261.04604993,4069686.85250180
346261.04604993,4069686.85250180
346261.04604993,4069686.85250180
346261.04604993,4069686.85250180
346261.04604993,4069686.85250180
346261.04604993,4069686.85250180
346261.14738476,4069686.83514106
346261.14738476,4069686.83514106
346261.14738476,4069686.83514106
346261.14738476,4069686.83514106
346261.14738476,4069686.83514106
346261.14738476,4069686.83514106
346261.14738476,4069686.83514106
346261.14738476,4069686.83514106
346261.14738476,4069686.83514106
346261.14738476,4069686.83514106
346261.24796574,4069686.81723899
346261.24796574,4069686.81723899
346261.24796574,4069686.81723899
346261.24796574,4069686.81723899
346261.24796574,4069686.81723899
346261.24796574,4069686.81723899
346261.24796574,4069686.81723899
346261.24796574,4069686.81723899
346261.24796574,4069686.81723899
346261.24796574,4069686.81723899
346261.24796574,4069686.81723899
346261.35139246,4069686.79207208
346261.35139246,4069686.79207208
346261.35139246,4069686.79207208
346261.35139246,4069686.79207208
346261.35139246,4069686.79207208
346261.35139246,4069686.79207208
346261.35139246,4069686.79207208
346261.35139246,4069686.79207208
346261.35139246,4069686.79207208
346261.35139246,4069686.79207208
346261.45468801,4069686.77615577
346261.45468801,4069686.77615577
346261.45468801,4069686.77615577
346261.45468801,4069686.77615577
346261.45468801,4069686.77615577
346261.45468801,4069686.77615577
346261.45468801,4069686.77615577
346261.45468801,4069686.77615577
346261.45468801,4069686.77615577
346261.55756954,4069686.75377314
346261.55756954,4069686.75377314
346261.55756954,4069686.75377314
346261.55756954,4069686.75377314
346261.55756954,4069686.75377314
346261.55756954,4069686.75377314
346261.55756954,4069686.75377314
346261.55756954,4069686.75377314
346261.55756954,4069686.75377314
346261.55756954,4069686.75377314
346261.55756954,4069686.75377314
346261.66065642,4069686.73453123
346261.66065642,4069686.73453123
346261.66065642,4069686.73453123
346261.66065642,4069686.73453123
346261.66065642,4069686.73453123
346261.66065642,4069686.73453123
346261.66065642,4069686.73453123
346261.66065642,4069686.73453123
346261.66065642,4069686.73453123
346261.76245423,4069686.71808699
346261.76245423,4069686.71808699
346261.76245423,4069686.71808699
346261.76245423,4069686.71808699
346261.76245423,4069686.71808699
346261.76245423,4069686.71808699
346261.76245423,4069686.71808699
346261.76245423,4069686.71808699
346261.76245423,4069686.71808699
346261.76245423,4069686.71808699
346261.86687344,4069686.69845117
346261.86687344,4069686.69845117
346261.86687344,4069686.69845117
346261.86687344,4069686.69845117
346261.86687344,4069686.69845117
346261.86687344,4069686.69845117
346261.86687344,4069686.69845117
346261.86687344,4069686.69845117
346261.86687344,4069686.69845117
346261.86687344,4069686.69845117
346261.86687344,4069686.69845117
346261.97833270,4069686.68960159
346261.97833270,4069686.68960159
346261.97833270,4069686.68960159
346261.97833270,4069686.68960159
346261.97833270,4069686.68960159
346261.97833270,4069686.68960159
346261.97833270,4069686.68960159
346261.97833270,4069686.68960159
346261.97833270,4069686.68960159
346262.08933469,4069686.67188193
346262.08933469,4069686.67188193
346262.08933469,4069686.67188193
346262.08933469,4069686.67188193
346262.08933469,4069686.67188193
346262.08933469,4069686.67188193
346262.08933469,4069686.67188193
346262.08933469,4069686.67188193
346262.08933469,4069686.67188193
346262.08933469,4069686.67188193
346262.19600884,4069686.65350028
346262.19600884,4069686.65350028
346262.19600884,4069686.65350028
346262.19600884,4069686.65350028
346262.19600884,4069686.65350028
346262.19600884,4069686.65350028
346262.19600884,4069686.65350028
346262.19600884,4069686.65350028
346262.19600884,4069686.65350028
346262.19600884,4069686.65350028
346262.30988084,4069686.63813352
346262.30988084,4069686.63813352
346262.30988084,4069686.63813352
346262.30988084,4069686.63813352
346262.30988084,4069686.63813352
346262.30988084,4069686.63813352
346262.30988084,4069686.63813352
346262.30988084,4069686.63813352
346262.30988084,4069686.63813352
346262.30988084,4069686.63813352
346262.30988084,4069686.63813352
346262.42277699,4069686.61816018
346262.42277699,4069686.61816018
346262.42277699,4069686.61816018
346262.42277699,4069686.61816018
346262.42277699,4069686.61816018
346262.42277699,4069686.61816018
346262.42277699,4069686.61816018
346262.42277699,4069686.61816018
346262.42277699,4069686.61816018
346262.53771608,4069686.59593051
346262.53771608,4069686.59593051
346262.53771608,4069686.59593051
346262.53771608,4069686.59593051
346262.53771608,4069686.59593051
346262.53771608,4069686.59593051
346262.53771608,4069686.59593051
346262.53771608,4069686.59593051
346262.53771608,4069686.59593051
346262.53771608,4069686.59593051
346262.64751454,4069686.57749264
346262.64751454,4069686.57749264
346262.64751454,4069686.57749264
346262.64751454,4069686.57749264
346262.64751454,4069686.57749264
346262.64751454,4069686.57749264
346262.64751454,4069686.57749264
346262.64751454,4069686.57749264
346262.64751454,4069686.57749264
346262.64751454,4069686.57749264
346262.76250687,4069686.55822145
346262.76250687,4069686.55822145
346262.76250687,4069686.55822145
346262.76250687,4069686.55822145
346262.76250687,4069686.55822145
346262.76250687,4069686.55822145
346262.76250687,4069686.55822145
346262.76250687,4069686.55822145
346262.76250687,4069686.55822145
346262.76250687,4069686.55822145
346262.87870509,4069686.53152996
346262.87870509,4069686.53152996
346262.87870509,4069686.53152996
346262.87870509,4069686.53152996
346262.87870509,4069686.53152996
346262.87870509,4069686.53152996
346262.87870509,4069686.53152996
346262.87870509,4069686.53152996
346262.87870509,4069686.53152996
346262.87870509,4069686.53152996
346262.87870509,4069686.53152996
346262.99273155,4069686.50820692
346262.99273155,4069686.50820692
346262.99273155,4069686.50820692
346262.99273155,4069686.50820692
346262.99273155,4069686.50820692
346262.99273155,4069686.50820692
346262.99273155,4069686.50820692
346262.99273155,4069686.50820692
346262.99273155,4069686.50820692
346263.10398354,4069686.47956982
346263.10398354,4069686.47956982
346263.10398354,4069686.47956982
346263.10398354,4069686.47956982
346263.10398354,4069686.47956982
346263.10398354,4069686.47956982
346263.10398354,4069686.47956982
346263.10398354,4069686.47956982
346263.10398354,4069686.47956982
346263.10398354,4069686.47956982
346263.22125551,4069686.44638523
346263.22125551,4069686.44638523
346263.22125551,4069686.44638523
346263.22125551,4069686.44638523
346263.22125551,4069686.44638523
346263.22125551,4069686.44638523
346263.22125551,4069686.44638523
346263.22125551,4069686.44638523
346263.22125551,4069686.44638523
346263.22125551,4069686.44638523
346263.33417206,4069686.40273601
346263.33417206,4069686.40273601
346263.33417206,4069686.40273601
346263.33417206,4069686.40273601
346263.33417206,4069686.40273601
346263.33417206,4069686.40273601
346263.33417206,4069686.40273601
346263.33417206,4069686.40273601
346263.33417206,4069686.40273601
346263.33417206,4069686.40273601
346263.44871280,4069686.36664114
346263.44871280,4069686.36664114
346263.44871280,4069686.36664114
346263.44871280,4069686.36664114
346263.44871280,4069686.36664114
346263.44871280,4069686.36664114
346263.44871280,4069686.36664114
346263.44871280,4069686.36664114
346263.44871280,4069686.36664114
346263.44871280,4069686.36664114
346263.44871280,4069686.36664114
346263.56842981,4069686.32046500
346263.56842981,4069686.32046500
346263.56842981,4069686.32046500
346263.56842981,4069686.32046500
346263.56842981,4069686.32046500
346263.56842981,4069686.32046500
346263.56842981,4069686.32046500
346263.56842981,4069686.32046500
346263.56842981,4069686.32046500
346263.68034819,4069686.27923829
346263.68034819,4069686.27923829
346263.68034819,4069686.27923829
346263.68034819,4069686.27923829
346263.68034819,4069686.27923829
346263.68034819,4069686.27923829
346263.68034819,4069686.27923829
346263.68034819,4069686.27923829
346263.68034819,4069686.27923829
346263.68034819,4069686.27923829
346263.79722278,4069686.24051191
346263.79722278,4069686.24051191
346263.79722278,4069686.24051191
346263.79722278,4069686.24051191
346263.79722278,4069686.24051191
346263.79722278,4069686.24051191
346263.79722278,4069686.24051191
346263.79722278,4069686.24051191
346263.79722278,4069686.24051191
346263.79722278,4069686.24051191
346263.91357118,4069686.19735583
346263.91357118,4069686.19735583
346263.91357118,4069686.19735583
346263.91357118,4069686.19735583
346263.91357118,4069686.19735583
346263.91357118,4069686.19735583
346263.91357118,4069686.19735583
346263.91357118,4069686.19735583
346263.91357118,4069686.19735583
346263.91357118,4069686.19735583
346263.91357118,4069686.19735583
346264.03179807,4069686.15934497
346264.03179807,4069686.15934497
346264.03179807,4069686.15934497
346264.03179807,4069686.15934497
346264.03179807,4069686.15934497
346264.03179807,4069686.15934497
346264.03179807,4069686.15934497
346264.03179807,4069686.15934497
346264.03179807,4069686.15934497
346264.14746817,4069686.11157698
346264.14746817,4069686.11157698
346264.14746817,4069686.11157698
346264.14746817,4069686.11157698
346264.14746817,4069686.11157698
346264.14746817,4069686.11157698
346264.14746817,4069686.11157698
346264.14746817,4069686.11157698
346264.14746817,4069686.11157698
346264.14746817,4069686.11157698
346264.25960661,4069686.05776870
346264.25960661,4069686.05776870
346264.25960661,4069686.05776870
346264.25960661,4069686.05776870
346264.25960661,4069686.05776870
346264.25960661,4069686.05776870
346264.25960661,4069686.05776870
346264.25960661,4069686.05776870
346264.25960661,4069686.05776870
346264.25960661,4069686.05776870
346264.37035710,4069686.00953435
346264.37035710,4069686.00953435
346264.37035710,4069686.00953435
346264.37035710,4069686.00953435
346264.37035710,4069686.00953435
346264.37035710,4069686.00953435
346264.37035710,4069686.00953435
346264.37035710,4069686.00953435
346264.37035710,4069686.00953435
346264.37035710,4069686.00953435
346264.48013841,4069685.95706325
346264.48013841,4069685.95706325
346264.48013841,4069685.95706325
346264.48013841,4069685.95706325
346264.48013841,4069685.95706325
346264.48013841,4069685.95706325
346264.48013841,4069685.95706325
346264.48013841,4069685.95706325
346264.48013841,4069685.95706325
346264.48013841,4069685.95706325
346264.48013841,4069685.95706325
346264.58874378,4069685.91367659
346264.58874378,4069685.91367659
346264.58874378,4069685.91367659
346264.58874378,4069685.91367659
346264.58874378,4069685.91367659
346264.58874378,4069685.91367659
346264.58874378,4069685.91367659
346264.58874378,4069685.91367659
346264.58874378,4069685.91367659
346264.58874378,4069685.91367659
346264.69296808,4069685.86666948
346264.69296808,4069685.86666948
346264.69296808,4069685.86666948
346264.69296808,4069685.86666948
346264.69296808,4069685.86666948
346264.69296808,4069685.86666948
346264.69296808,4069685.86666948
346264.69296808,4069685.86666948
346264.69296808,4069685.86666948
346264.80615225,4069685.82135078
346264.80615225,4069685.82135078
346264.80615225,4069685.82135078
346264.80615225,4069685.82135078
346264.80615225,4069685.82135078
346264.80615225,4069685.82135078
346264.80615225,4069685.82135078
346264.80615225,4069685.82135078
346264.80615225,4069685.82135078
346264.80615225,4069685.82135078
346264.90815156,4069685.77475365
346264.90815156,4069685.77475365
346264.90815156,4069685.77475365
346264.90815156,4069685.77475365
346264.90815156,4069685.77475365
346264.90815156,4069685.77475365
346264.90815156,4069685.77475365
346264.90815156,4069685.77475365
346264.90815156,4069685.77475365
346264.90815156,4069685.77475365
346264.90815156,4069685.77475365
346265.01162200,4069685.72720521
346265.01162200,4069685.72720521
346265.01162200,4069685.72720521
346265.01162200,4069685.72720521
346265.01162200,4069685.72720521
346265.01162200,4069685.72720521
346265.01162200,4069685.72720521
346265.01162200,4069685.72720521
346265.01162200,4069685.72720521
346265.11223574,4069685.67804350
346265.11223574,4069685.67804350
346265.11223574,4069685.67804350
346265.11223574,4069685.67804350
346265.11223574,4069685.67804350
346265.11223574,4069685.67804350
346265.11223574,4069685.67804350
346265.11223574,4069685.67804350
346265.11223574,4069685.67804350
346265.11223574,4069685.67804350
346265.20656093,4069685.62677538
346265.20656093,4069685.62677538
346265.20656093,4069685.62677538
346265.20656093,4069685.62677538
346265.20656093,4069685.62677538
346265.20656093,4069685.62677538
346265.20656093,4069685.62677538
346265.20656093,4069685.62677538
346265.20656093,4069685.62677538
346265.20656093,4069685.62677538
346265.20656093,4069685.62677538
346265.20656093,4069685.62677538
346265.29716005,4069685.57520439
346265.29716005,4069685.57520439
346265.29716005,4069685.57520439
346265.29716005,4069685.57520439
346265.29716005,4069685.57520439
346265.29716005,4069685.57520439
346265.29716005,4069685.57520439
346265.29716005,4069685.57520439
346265.39063489,4069685.51803269
346265.39063489,4069685.51803269
346265.39063489,4069685.51803269
346265.39063489,4069685.51803269
346265.39063489,4069685.51803269
346265.39063489,4069685.51803269
346265.39063489,4069685.51803269
346265.39063489,4069685.51803269
346265.39063489,4069685.51803269
346265.39063489,4069685.51803269
346265.48295611,4069685.46291637
346265.48295611,4069685.46291637
346265.48295611,4069685.46291637
346265.48295611,4069685.46291637
346265.48295611,4069685.46291637
346265.48295611,4069685.46291637
346265.48295611,4069685.46291637
346265.48295611,4069685.46291637
346265.48295611,4069685.46291637
346265.48295611,4069685.46291637
346265.56861234,4069685.40958468
346265.56861234,4069685.40958468
346265.56861234,4069685.40958468
346265.56861234,4069685.40958468
346265.56861234,4069685.40958468
346265.56861234,4069685.40958468
346265.56861234,4069685.40958468
346265.56861234,4069685.40958468
346265.56861234,4069685.40958468
346265.56861234,4069685.40958468
346265.56861234,4069685.40958468
346265.65979326,4069685.35726336
346265.65979326,4069685.35726336
346265.65979326,4069685.35726336
346265.65979326,4069685.35726336
346265.65979326,4069685.35726336
346265.65979326,4069685.35726336
346265.65979326,4069685.35726336
346265.65979326,4069685.35726336
346265.65979326,4069685.35726336
346265.74636641,4069685.31353336
346265.74636641,4069685.31353336
346265.74636641,4069685.31353336
346265.74636641,4069685.31353336
346265.74636641,4069685.31353336
346265.74636641,4069685.31353336
346265.74636641,4069685.31353336
346265.74636641,4069685.31353336
346265.74636641,4069685.31353336
346265.74636641,4069685.31353336
346265.83652350,4069685.27047871
346265.83652350,4069685.27047871
346265.83652350,4069685.27047871
346265.83652350,4069685.27047871
346265.83652350,4069685.27047871
346265.83652350,4069685.27047871
346265.83652350,4069685.27047871
346265.83652350,4069685.27047871
346265.83652350,4069685.27047871
346265.83652350,4069685.27047871
346265.92413476,4069685.22654506
346265.92413476,4069685.22654506
346265.92413476,4069685.22654506
346265.92413476,4069685.22654506
346265.92413476,4069685.22654506
346265.92413476,4069685.22654506
346265.92413476,4069685.22654506
346265.92413476,4069685.22654506
346265.92413476,4069685.22654506
346265.92413476,4069685.22654506
346266.01068129,4069685.18133582
346266.01068129,4069685.18133582
346266.01068129,4069685.18133582
346266.01068129,4069685.18133582
346266.01068129,4069685.18133582
346266.01068129,4069685.18133582
346266.01068129,4069685.18133582
346266.01068129,4069685.18133582
346266.01068129,4069685.18133582
346266.01068129,4069685.18133582
346266.09691362,4069685.13520740
346266.09691362,4069685.13520740
346266.09691362,4069685.13520740
346266.09691362,4069685.13520740
346266.09691362,4069685.13520740
346266.09691362,4069685.13520740
346266.09691362,4069685.13520740
346266.09691362,4069685.13520740
346266.09691362,4069685.13520740
346266.09691362,4069685.13520740
346266.17138833,4069685.08078219
346266.17138833,4069685.08078219
346266.17138833,4069685.08078219
346266.17138833,4069685.08078219
346266.17138833,4069685.08078219
346266.17138833,4069685.08078219
346266.17138833,4069685.08078219
346266.17138833,4069685.08078219
346266.17138833,4069685.08078219
346266.17138833,4069685.08078219
346266.25458857,4069685.03156393
346266.25458857,4069685.03156393
346266.25458857,4069685.03156393
346266.25458857,4069685.03156393
346266.25458857,4069685.03156393
346266.25458857,4069685.03156393
346266.25458857,4069685.03156393
346266.25458857,4069685.03156393
346266.25458857,4069685.03156393
346266.25458857,4069685.03156393
346266.33128494,4069684.97654384
346266.33128494,4069684.97654384
346266.33128494,4069684.97654384
346266.33128494,4069684.97654384
346266.33128494,4069684.97654384
346266.33128494,4069684.97654384
346266.33128494,4069684.97654384
346266.33128494,4069684.97654384
346266.33128494,4069684.97654384
346266.33128494,4069684.97654384
346266.40762053,4069684.91801591
346266.40762053,4069684.91801591
346266.40762053,4069684.91801591
346266.40762053,4069684.91801591
346266.40762053,4069684.91801591
346266.40762053,4069684.91801591
346266.40762053,4069684.91801591
346266.40762053,4069684.91801591
346266.40762053,4069684.91801591
346266.40762053,4069684.91801591
346266.40762053,4069684.91801591
346266.48356304,4069684.86245449
346266.48356304,4069684.86245449
346266.48356304,4069684.86245449
346266.48356304,4069684.86245449
346266.48356304,4069684.86245449
346266.48356304,4069684.86245449
346266.48356304,4069684.86245449
346266.48356304,4069684.86245449
346266.48356304,4069684.86245449
346266.55842085,4069684.80450804
346266.55842085,4069684.80450804
346266.55842085,4069684.80450804
346266.55842085,4069684.80450804
346266.55842085,4069684.80450804
346266.55842085,4069684.80450804
346266.55842085,4069684.80450804
346266.55842085,4069684.80450804
346266.55842085,4069684.80450804
346266.55842085,4069684.80450804
346266.63412807,4069684.74414176
346266.63412807,4069684.74414176
346266.63412807,4069684.74414176
346266.63412807,4069684.74414176
346266.63412807,4069684.74414176
346266.63412807,4069684.74414176
346266.63412807,4069684.74414176
346266.63412807,4069684.74414176
346266.63412807,4069684.74414176
346266.63412807,4069684.74414176
346266.71082348,4069684.68079826
346266.71082348,4069684.68079826
346266.71082348,4069684.68079826
346266.71082348,4069684.68079826
346266.71082348,4069684.68079826
346266.71082348,4069684.68079826
346266.71082348,4069684.68079826
346266.71082348,4069684.68079826
346266.71082348,4069684.68079826
346266.71082348,4069684.68079826
346266.78690382,4069684.61635604
346266.78690382,4069684.61635604
346266.78690382,4069684.61635604
346266.78690382,4069684.61635604
346266.78690382,4069684.61635604
346266.78690382,4069684.61635604
346266.78690382,4069684.61635604
346266.78690382,4069684.61635604
346266.78690382,4069684.61635604
346266.78690382,4069684.61635604
346266.86235911,4069684.55026039
346266.86235911,4069684.55026039
346266.86235911,4069684.55026039
346266.86235911,4069684.55026039
346266.86235911,4069684.55026039
346266.86235911,4069684.55026039
346266.86235911,4069684.55026039
346266.86235911,4069684.55026039
346266.86235911,4069684.55026039
346266.86235911,4069684.55026039
346266.86235911,4069684.55026039
346266.94070675,4069684.47948855
346266.94070675,4069684.47948855
346266.94070675,4069684.47948855
346266.94070675,4069684.47948855
346266.94070675,4069684.47948855
346266.94070675,4069684.47948855
346266.94070675,4069684.47948855
346266.94070675,4069684.47948855
346266.94070675,4069684.47948855
346266.94070675,4069684.47948855
346267.01695583,4069684.41615309
346267.01695583,4069684.41615309
346267.01695583,4069684.41615309
346267.01695583,4069684.41615309
346267.01695583,4069684.41615309
346267.01695583,4069684.41615309
346267.01695583,4069684.41615309
346267.01695583,4069684.41615309
346267.01695583,4069684.41615309
346267.09327051,4069684.34819232
346267.09327051,4069684.34819232
346267.09327051,4069684.34819232
346267.09327051,4069684.34819232
346267.09327051,4069684.34819232
346267.09327051,4069684.34819232
346267.09327051,4069684.34819232
346267.09327051,4069684.34819232
346267.09327051,4069684.34819232
346267.09327051,4069684.34819232
346267.17041699,4069684.26856378
346267.17041699,4069684.26856378
346267.17041699,4069684.26856378
346267.17041699,4069684.26856378
346267.17041699,4069684.26856378
346267.17041699,4069684.26856378
346267.17041699,4069684.26856378
346267.17041699,4069684.26856378
346267.17041699,4069684.26856378
346267.17041699,4069684.26856378
346267.17041699,4069684.26856378
346267.24480423,4069684.20100762
346267.24480423,4069684.20100762
346267.24480423,4069684.20100762
346267.24480423,4069684.20100762
346267.24480423,4069684.20100762
346267.24480423,4069684.20100762
346267.24480423,4069684.20100762
346267.24480423,4069684.20100762
346267.24480423,4069684.20100762
346267.32166410,4069684.13026256
346267.32166410,4069684.13026256
346267.32166410,4069684.13026256
346267.32166410,4069684.13026256
346267.32166410,4069684.13026256
346267.32166410,4069684.13026256
346267.32166410,4069684.13026256
346267.32166410,4069684.13026256
346267.32166410,4069684.13026256
346267.32166410,4069684.13026256
346267.39692641,4069684.05344241
346267.39692641,4069684.05344241
346267.39692641,4069684.05344241
346267.39692641,4069684.05344241
346267.39692641,4069684.05344241
346267.39692641,4069684.05344241
346267.39692641,4069684.05344241
346267.39692641,4069684.05344241
346267.39692641,4069684.05344241
346267.39692641,4069684.05344241
346267.39692641,4069684.05344241
346267.47369312,4069683.97752001
346267.47369312,4069683.97752001
346267.47369312,4069683.97752001
346267.47369312,4069683.97752001
346267.47369312,4069683.97752001
346267.47369312,4069683.97752001
346267.47369312,4069683.97752001
346267.47369312,4069683.97752001
346267.47369312,4069683.97752001
346267.54527926,4069683.90317056
346267.54527926,4069683.90317056
346267.54527926,4069683.90317056
346267.54527926,4069683.90317056
346267.54527926,4069683.90317056
346267.54527926,4069683.90317056
346267.54527926,4069683.90317056
346267.54527926,4069683.90317056
346267.54527926,4069683.90317056
346267.54527926,4069683.90317056
346267.61257419,4069683.83019309
346267.61257419,4069683.83019309
346267.61257419,4069683.83019309
346267.61257419,4069683.83019309
346267.61257419,4069683.83019309
346267.61257419,4069683.83019309
346267.61257419,4069683.83019309
346267.61257419,4069683.83019309
346267.61257419,4069683.83019309
346267.61257419,4069683.83019309
346267.68040099,4069683.75369171
346267.68040099,4069683.75369171
346267.68040099,4069683.75369171
346267.68040099,4069683.75369171
346267.68040099,4069683.75369171
346267.68040099,4069683.75369171
346267.68040099,4069683.75369171
346267.68040099,4069683.75369171
346267.68040099,4069683.75369171
346267.68040099,4069683.75369171
346267.73797885,4069683.67829959
346267.73797885,4069683.67829959
346267.73797885,4069683.67829959
346267.73797885,4069683.67829959
346267.73797885,4069683.67829959
346267.73797885,4069683.67829959
346267.73797885,4069683.67829959
346267.73797885,4069683.67829959
346267.73797885,4069683.67829959
346267.73797885,4069683.67829959
346267.79753171,4069683.61341494
346267.79753171,4069683.61341494
346267.79753171,4069683.61341494
346267.79753171,4069683.61341494
346267.79753171,4069683.61341494
346267.79753171,4069683.61341494
346267.79753171,4069683.61341494
346267.79753171,4069683.61341494
346267.79753171,4069683.61341494
346267.79753171,4069683.61341494
346267.79753171,4069683.61341494
346267.85099707,4069683.54105628
346267.85099707,4069683.54105628
346267.85099707,4069683.54105628
346267.85099707,4069683.54105628
346267.85099707,4069683.54105628
346267.85099707,4069683.54105628
346267.85099707,4069683.54105628
346267.85099707,4069683.54105628
346267.85099707,4069683.54105628
346267.85099707,4069683.54105628
346267.90344429,4069683.47001069
346267.90344429,4069683.47001069
346267.90344429,4069683.47001069
346267.90344429,4069683.47001069
346267.90344429,4069683.47001069
346267.90344429,4069683.47001069
346267.90344429,4069683.47001069
346267.90344429,4069683.47001069
346267.90344429,4069683.47001069
346267.95375303,4069683.40418260
346267.95375303,4069683.40418260
346267.95375303,4069683.40418260
346267.95375303,4069683.40418260
346267.95375303,4069683.40418260
346267.95375303,4069683.40418260
346267.95375303,4069683.40418260
346267.95375303,4069683.40418260
346267.95375303,4069683.40418260
346267.95375303,4069683.40418260
346268.00055339,4069683.33360857
346268.00055339,4069683.33360857
346268.00055339,4069683.33360857
346268.00055339,4069683.33360857
346268.00055339,4069683.33360857
346268.00055339,4069683.33360857
346268.00055339,4069683.33360857
346268.00055339,4069683.33360857
346268.00055339,4069683.33360857
346268.00055339,4069683.33360857
346268.04306349,4069683.27272992
346268.04306349,4069683.27272992
346268.04306349,4069683.27272992
346268.04306349,4069683.27272992
346268.04306349,4069683.27272992
346268.04306349,4069683.27272992
346268.04306349,4069683.27272992
346268.04306349,4069683.27272992
346268.04306349,4069683.27272992
346268.04306349,4069683.27272992
346268.09182317,4069683.22006223
346268.09182317,4069683.22006223
346268.09182317,4069683.22006223
346268.09182317,4069683.22006223
346268.09182317,4069683.22006223
346268.09182317,4069683.22006223
346268.09182317,4069683.22006223
346268.09182317,4069683.22006223
346268.09182317,4069683.22006223
346268.09182317,4069683.22006223
346268.14075159,4069683.16850130
346268.14075159,4069683.16850130
346268.14075159,4069683.16850130
346268.14075159,4069683.16850130
346268.14075159,4069683.16850130
346268.14075159,4069683.16850130
346268.14075159,4069683.16850130
346268.14075159,4069683.16850130
346268.14075159,4069683.16850130
346268.14075159,4069683.16850130
346268.18254206,4069683.11725379
346268.18254206,4069683.11725379
346268.18254206,4069683.11725379
346268.18254206,4069683.11725379
346268.18254206,4069683.11725379
346268.18254206,4069683.11725379
346268.18254206,4069683.11725379
346268.18254206,4069683.11725379
346268.18254206,4069683.11725379
346268.18254206,4069683.11725379
346268.22281578,4069683.07269232
346268.22281578,4069683.07269232
346268.22281578,4069683.07269232
346268.22281578,4069683.07269232
346268.22281578,4069683.07269232
346268.22281578,4069683.07269232
346268.22281578,4069683.07269232
346268.22281578,4069683.07269232
346268.22281578,4069683.07269232
346268.22281578,4069683.07269232
346268.22281578,4069683.07269232
346268.26464714,4069683.03198708
346268.26464714,4069683.03198708
346268.26464714,4069683.03198708
346268.26464714,4069683.03198708
346268.26464714,4069683.03198708
346268.26464714,4069683.03198708
346268.26464714,4069683.03198708
346268.26464714,4069683.03198708
346268.26464714,4069683.03198708
346268.26464714,4069683.03198708
346268.30073611,4069682.99471455
346268.30073611,4069682.99471455
346268.30073611,4069682.99471455
346268.30073611,4069682.99471455
346268.30073611,4069682.99471455
346268.30073611,4069682.99471455
346268.30073611,4069682.99471455
346268.30073611,4069682.99471455
346268.30073611,4069682.99471455
346268.30073611,4069682.99471455
346268.33682841,4069682.95762692
346268.33682841,4069682.95762692
346268.33682841,4069682.95762692
346268.33682841,4069682.95762692
346268.33682841,4069682.95762692
346268.33682841,4069682.95762692
346268.33682841,4069682.95762692
346268.33682841,4069682.95762692
346268.33682841,4069682.95762692
346268.36714171,4069682.92193805
346268.36714171,4069682.92193805
346268.36714171,4069682.92193805
346268.36714171,4069682.92193805
346268.36714171,4069682.92193805
346268.36714171,4069682.92193805
346268.36714171,4069682.92193805
346268.36714171,4069682.92193805
346268.36714171,4069682.92193805
346268.36714171,4069682.92193805
346268.39524334,4069682.88739877
346268.39524334,4069682.88739877
346268.39524334,4069682.88739877
346268.39524334,4069682.88739877
346268.39524334,4069682.88739877
346268.39524334,4069682.88739877
346268.39524334,4069682.88739877
346268.39524334,4069682.88739877
346268.39524334,4069682.88739877
346268.39524334,4069682.88739877
346268.42285633,4069682.85878717
346268.42285633,4069682.85878717
346268.42285633,4069682.85878717
346268.42285633,4069682.85878717
346268.42285633,4069682.85878717
346268.42285633,4069682.85878717
346268.42285633,4069682.85878717
346268.42285633,4069682.85878717
346268.42285633,4069682.85878717
346268.42285633,4069682.85878717
346268.44919023,4069682.83352795
346268.44919023,4069682.83352795
346268.44919023,4069682.83352795
346268.44919023,4069682.83352795
346268.44919023,4069682.83352795
346268.44919023,4069682.83352795
346268.44919023,4069682.83352795
346268.44919023,4069682.83352795
346268.44919023,4069682.83352795
346268.44919023,4069682.83352795
346268.47118632,4069682.80705204
346268.47118632,4069682.80705204
346268.47118632,4069682.80705204
346268.47118632,4069682.80705204
346268.47118632,4069682.80705204
346268.47118632,4069682.80705204
346268.47118632,4069682.80705204
346268.47118632,4069682.80705204
346268.47118632,4069682.80705204
346268.47118632,4069682.80705204
346268.49295140,4069682.78427959
346268.49295140,4069682.78427959
346268.49295140,4069682.78427959
346268.49295140,4069682.78427959
346268.49295140,4069682.78427959
346268.49295140,4069682.78427959
346268.49295140,4069682.78427959
346268.49295140,4069682.78427959
346268.49295140,4069682.78427959
346268.49295140,4069682.78427959
346268.49295140,4069682.78427959
346268.51207844,4069682.76377419
346268.51207844,4069682.76377419
346268.51207844,4069682.76377419
346268.51207844,4069682.76377419
346268.51207844,4069682.76377419
346268.51207844,4069682.76377419
346268.51207844,4069682.76377419
346268.51207844,4069682.76377419
346268.51207844,4069682.76377419
346268.52960221,4069682.74514730
346268.52960221,4069682.74514730
346268.52960221,4069682.74514730
346268.52960221,4069682.74514730
346268.52960221,4069682.74514730
346268.52960221,4069682.74514730
346268.52960221,4069682.74514730
346268.52960221,4069682.74514730
346268.52960221,4069682.74514730
346268.52960221,4069682.74514730
346268.54206854,4069682.73493485
346268.54206854,4069682.73493485
346268.54206854,4069682.73493485
346268.54206854,4069682.73493485
346268.54206854,4069682.73493485
346268.54206854,4069682.73493485
346268.54206854,4069682.73493485
346268.54206854,4069682.73493485
346268.54206854,4069682.73493485
346268.54206854,4069682.73493485
346268.54206854,4069682.73493485
346268.54323213,4069682.73343419
346268.54323213,4069682.73343419
346268.54323213,4069682.73343419
346268.54323213,4069682.73343419
346268.54323213,4069682.73343419
346268.54323213,4069682.73343419
346268.54323213,4069682.73343419
346268.54323213,4069682.73343419
346268.54323213,4069682.73343419
346268.52945010,4069682.74496507
346268.52945010,4069682.74496507
346268.52945010,4069682.74496507
346268.52945010,4069682.74496507
346268.52945010,4069682.74496507
346268.52945010,4069682.74496507
346268.52945010,4069682.74496507
346268.52945010,4069682.74496507
346268.52945010,4069682.74496507
346268.52945010,4069682.74496507
346268.51985283,4069682.74920701
346268.51985283,4069682.74920701
346268.51985283,4069682.74920701
346268.51985283,4069682.74920701
346268.51985283,4069682.74920701
346268.51985283,4069682.74920701
346268.51985283,4069682.74920701
346268.51985283,4069682.74920701
346268.51985283,4069682.74920701
346268.51985283,4069682.74920701
346268.53098017,4069682.73901866
346268.53098017,4069682.73901866
346268.53098017,4069682.73901866
346268.53098017,4069682.73901866
346268.53098017,4069682.73901866
346268.53098017,4069682.73901866
346268.53098017,4069682.73901866
346268.53098017,4069682.73901866
346268.53098017,4069682.73901866
346268.53098017,4069682.73901866
346268.53388346,4069682.74322061
346268.53388346,4069682.74322061
346268.53388346,4069682.74322061
346268.53388346,4069682.74322061
346268.53388346,4069682.74322061
346268.53388346,4069682.74322061
346268.53388346,4069682.74322061
346268.53388346,4069682.74322061
346268.53388346,4069682.74322061
346268.53388346,4069682.74322061
346268.52513558,4069682.74504272
346268.52513558,4069682.74504272
346268.52513558,4069682.74504272
346268.52513558,4069682.74504272
346268.52513558,4069682.74504272
346268.52513558,4069682.74504272
346268.52513558,4069682.74504272
346268.52513558,4069682.74504272
346268.52513558,4069682.74504272
346268.52513558,4069682.74504272
346268.52513558,4069682.74504272
346268.52927138,4069682.74330360
346268.52927138,4069682.74330360
346268.52927138,4069682.74330360
346268.52927138,4069682.74330360
346268.52927138,4069682.74330360
346268.52927138,4069682.74330360
346268.52927138,4069682.74330360
346268.52927138,4069682.74330360
346268.52927138,4069682.74330360
346268.53311295,4069682.74175475
