346433.86310566,4069684.68358271
346433.86310566,4069684.68358271
346433.86310566,4069684.68358271
346433.86310566,4069684.68358271
346433.86310566,4069684.68358271
346433.86310566,4069684.68358271
346433.86310566,4069684.68358271
346433.86310566,4069684.68358271
346433.86310566,4069684.68358271
346433.86310566,4069684.68358271
346433.86102944,4069684.68398997
346433.86102944,4069684.68398997
346433.86102944,4069684.68398997
346433.86102944,4069684.68398997
346433.86102944,4069684.68398997
346433.86102944,4069684.68398997
346433.86102944,4069684.68398997
346433.86102944,4069684.68398997
346433.86102944,4069684.68398997
346433.86102944,4069684.68398997
346433.86249726,4069684.68285379
346433.86249726,4069684.68285379
346433.86249726,4069684.68285379
346433.86249726,4069684.68285379
346433.86249726,4069684.68285379
346433.86249726,4069684.68285379
346433.86249726,4069684.68285379
346433.86249726,4069684.68285379
346433.86249726,4069684.68285379
346433.86249726,4069684.68285379
346433.86279814,4069684.68303335
346433.86279814,4069684.68303335
346433.86279814,4069684.68303335
346433.86279814,4069684.68303335
346433.86279814,4069684.68303335
346433.86279814,4069684.68303335
346433.86279814,4069684.68303335
346433.86279814,4069684.68303335
346433.86279814,4069684.68303335
346433.86279814,4069684.68303335
346433.86235846,4069684.68341118
346433.86235846,4069684.68341118
346433.86235846,4069684.68341118
346433.86235846,4069684.68341118
346433.86235846,4069684.68341118
346433.86235846,4069684.68341118
346433.86235846,4069684.68341118
346433.86235846,4069684.68341118
346433.86235846,4069684.68341118
346433.86235846,4069684.68341118
346433.86280479,4069684.68340316
346433.86280479,4069684.68340316
346433.86280479,4069684.68340316
346433.86280479,4069684.68340316
346433.86280479,4069684.68340316
346433.86280479,4069684.68340316
346433.86280479,4069684.68340316
346433.86280479,4069684.68340316
346433.86280479,4069684.68340316
346433.86280479,4069684.68340316
346433.86174673,4069684.68249735
346433.86174673,4069684.68249735
346433.86174673,4069684.68249735
346433.86174673,4069684.68249735
346433.86174673,4069684.68249735
346433.86174673,4069684.68249735
346433.86174673,4069684.68249735
346433.86174673,4069684.68249735
346433.86174673,4069684.68249735
346433.86174673,4069684.68249735
346433.86174673,4069684.68249735
346433.86326109,4069684.68394985
346433.86326109,4069684.68394985
346433.86326109,4069684.68394985
346433.86326109,4069684.68394985
346433.86326109,4069684.68394985
346433.86326109,4069684.68394985
346433.86326109,4069684.68394985
346433.86326109,4069684.68394985
346433.86326109,4069684.68394985
346433.86265601,4069684.68340583
346433.86265601,4069684.68340583
346433.86265601,4069684.68340583
346433.86265601,4069684.68340583
346433.86265601,4069684.68340583
346433.86265601,4069684.68340583
346433.86265601,4069684.68340583
346433.86265601,4069684.68340583
346433.86265601,4069684.68340583
346433.86265601,4069684.68340583
346433.86279149,4069684.68266354
346433.86279149,4069684.68266354
346433.86279149,4069684.68266354
346433.86279149,4069684.68266354
346433.86279149,4069684.68266354
346433.86279149,4069684.68266354
346433.86279149,4069684.68266354
346433.86279149,4069684.68266354
346433.86279149,4069684.68266354
346433.86279149,4069684.68266354
346433.86233851,4069684.68230175
346433.86233851,4069684.68230175
346433.86233851,4069684.68230175
346433.86233851,4069684.68230175
346433.86233851,4069684.68230175
346433.86233851,4069684.68230175
346433.86233851,4069684.68230175
346433.86233851,4069684.68230175
346433.86233851,4069684.68230175
346433.86233851,4069684.68230175
346433.86294691,4069684.68303067
346433.86294691,4069684.68303067
346433.86294691,4069684.68303067
346433.86294691,4069684.68303067
346433.86294691,4069684.68303067
346433.86294691,4069684.68303067
346433.86294691,4069684.68303067
346433.86294691,4069684.68303067
346433.86294691,4069684.68303067
346433.86294691,4069684.68303067
346433.86253382,4069684.68488775
346433.86253382,4069684.68488775
346433.86253382,4069684.68488775
346433.86253382,4069684.68488775
346433.86253382,4069684.68488775
346433.86253382,4069684.68488775
346433.86253382,4069684.68488775
346433.86253382,4069684.68488775
346433.86253382,4069684.68488775
346433.86253382,4069684.68488775
346433.86165114,4069684.68545851
346433.86165114,4069684.68545851
346433.86165114,4069684.68545851
346433.86165114,4069684.68545851
346433.86165114,4069684.68545851
346433.86165114,4069684.68545851
346433.86165114,4069684.68545851
346433.86165114,4069684.68545851
346433.86165114,4069684.68545851
346433.86165114,4069684.68545851
346433.86165114,4069684.68545851
346433.86299345,4069684.68561934
346433.86299345,4069684.68561934
346433.86299345,4069684.68561934
346433.86299345,4069684.68561934
346433.86299345,4069684.68561934
346433.86299345,4069684.68561934
346433.86299345,4069684.68561934
346433.86299345,4069684.68561934
346433.86299345,4069684.68561934
346433.86268592,4069684.68506998
346433.86268592,4069684.68506998
346433.86268592,4069684.68506998
346433.86268592,4069684.68506998
346433.86268592,4069684.68506998
346433.86268592,4069684.68506998
346433.86268592,4069684.68506998
346433.86268592,4069684.68506998
346433.86268592,4069684.68506998
346433.86268592,4069684.68506998
346433.86284800,4069684.68580692
346433.86284800,4069684.68580692
346433.86284800,4069684.68580692
346433.86284800,4069684.68580692
346433.86284800,4069684.68580692
346433.86284800,4069684.68580692
346433.86284800,4069684.68580692
346433.86284800,4069684.68580692
346433.86284800,4069684.68580692
346433.86284800,4069684.68580692
346433.86284800,4069684.68580692
346433.86417036,4069684.68485833
346433.86417036,4069684.68485833
346433.86417036,4069684.68485833
346433.86417036,4069684.68485833
346433.86417036,4069684.68485833
346433.86417036,4069684.68485833
346433.86417036,4069684.68485833
346433.86417036,4069684.68485833
346433.86417036,4069684.68485833
346433.86240831,4069684.68618476
346433.86240831,4069684.68618476
346433.86240831,4069684.68618476
346433.86240831,4069684.68618476
346433.86240831,4069684.68618476
346433.86240831,4069684.68618476
346433.86240831,4069684.68618476
346433.86240831,4069684.68618476
346433.86240831,4069684.68618476
346433.86240831,4069684.68618476
346433.86225621,4069684.68600253
346433.86225621,4069684.68600253
346433.86225621,4069684.68600253
346433.86225621,4069684.68600253
346433.86225621,4069684.68600253
346433.86225621,4069684.68600253
346433.86225621,4069684.68600253
346433.86225621,4069684.68600253
346433.86225621,4069684.68600253
346433.86225621,4069684.68600253
346433.86317214,4069684.68728082
346433.86317214,4069684.68728082
346433.86317214,4069684.68728082
346433.86317214,4069684.68728082
346433.86317214,4069684.68728082
346433.86317214,4069684.68728082
346433.86317214,4069684.68728082
346433.86317214,4069684.68728082
346433.86317214,4069684.68728082
346433.86317214,4069684.68728082
346433.86269589,4069684.68562469
346433.86269589,4069684.68562469
346433.86269589,4069684.68562469
346433.86269589,4069684.68562469
346433.86269589,4069684.68562469
346433.86269589,4069684.68562469
346433.86269589,4069684.68562469
346433.86269589,4069684.68562469
346433.86269589,4069684.68562469
346433.86269589,4069684.68562469
346433.86346305,4069684.68690566
346433.86346305,4069684.68690566
346433.86346305,4069684.68690566
346433.86346305,4069684.68690566
346433.86346305,4069684.68690566
346433.86346305,4069684.68690566
346433.86346305,4069684.68690566
346433.86346305,4069684.68690566
346433.86346305,4069684.68690566
346433.86346305,4069684.68690566
346433.86328768,4069684.68542909
346433.86328768,4069684.68542909
346433.86328768,4069684.68542909
346433.86328768,4069684.68542909
346433.86328768,4069684.68542909
346433.86328768,4069684.68542909
346433.86328768,4069684.68542909
346433.86328768,4069684.68542909
346433.86328768,4069684.68542909
346433.86328768,4069684.68542909
346433.86269589,4069684.68562469
346433.86269589,4069684.68562469
346433.86269589,4069684.68562469
346433.86269589,4069684.68562469
346433.86269589,4069684.68562469
346433.86269589,4069684.68562469
346433.86269589,4069684.68562469
346433.86269589,4069684.68562469
346433.86269589,4069684.68562469
346433.86269589,4069684.68562469
346433.86330430,4069684.68635362
346433.86330430,4069684.68635362
346433.86330430,4069684.68635362
346433.86330430,4069684.68635362
346433.86330430,4069684.68635362
346433.86330430,4069684.68635362
346433.86330430,4069684.68635362
346433.86330430,4069684.68635362
346433.86330430,4069684.68635362
346433.86330430,4069684.68635362
346433.86075183,4069684.68510475
346433.86075183,4069684.68510475
346433.86075183,4069684.68510475
346433.86075183,4069684.68510475
346433.86075183,4069684.68510475
346433.86075183,4069684.68510475
346433.86075183,4069684.68510475
346433.86075183,4069684.68510475
346433.86075183,4069684.68510475
346433.86075183,4069684.68510475
346433.86075183,4069684.68510475
346433.86061303,4069684.68566214
346433.86061303,4069684.68566214
346433.86061303,4069684.68566214
346433.86061303,4069684.68566214
346433.86061303,4069684.68566214
346433.86061303,4069684.68566214
346433.86061303,4069684.68566214
346433.86061303,4069684.68566214
346433.86061303,4069684.68566214
346433.86046425,4069684.68566481
346433.86046425,4069684.68566481
346433.86046425,4069684.68566481
346433.86046425,4069684.68566481
346433.86046425,4069684.68566481
346433.86046425,4069684.68566481
346433.86046425,4069684.68566481
346433.86046425,4069684.68566481
346433.86046425,4069684.68566481
346433.86046425,4069684.68566481
346433.86046092,4069684.68547991
346433.86046092,4069684.68547991
346433.86046092,4069684.68547991
346433.86046092,4069684.68547991
346433.86046092,4069684.68547991
346433.86046092,4069684.68547991
346433.86046092,4069684.68547991
346433.86046092,4069684.68547991
346433.86046092,4069684.68547991
346433.86046092,4069684.68547991
346433.86179326,4069684.68508602
346433.86179326,4069684.68508602
346433.86179326,4069684.68508602
346433.86179326,4069684.68508602
346433.86179326,4069684.68508602
346433.86179326,4069684.68508602
346433.86179326,4069684.68508602
346433.86179326,4069684.68508602
346433.86179326,4069684.68508602
346433.86179326,4069684.68508602
346433.86237175,4069684.68415080
346433.86237175,4069684.68415080
346433.86237175,4069684.68415080
346433.86237175,4069684.68415080
346433.86237175,4069684.68415080
346433.86237175,4069684.68415080
346433.86237175,4069684.68415080
346433.86237175,4069684.68415080
346433.86237175,4069684.68415080
346433.86237175,4069684.68415080
346433.86454689,4069684.68096730
346433.86454689,4069684.68096730
346433.86454689,4069684.68096730
346433.86454689,4069684.68096730
346433.86454689,4069684.68096730
346433.86454689,4069684.68096730
346433.86454689,4069684.68096730
346433.86454689,4069684.68096730
346433.86454689,4069684.68096730
346433.86454689,4069684.68096730
346433.86703953,4069684.67888787
346433.86703953,4069684.67888787
346433.86703953,4069684.67888787
346433.86703953,4069684.67888787
346433.86703953,4069684.67888787
346433.86703953,4069684.67888787
346433.86703953,4069684.67888787
346433.86703953,4069684.67888787
346433.86703953,4069684.67888787
346433.86703953,4069684.67888787
346433.87023949,4069684.67476112
346433.87023949,4069684.67476112
346433.87023949,4069684.67476112
346433.87023949,4069684.67476112
346433.87023949,4069684.67476112
346433.87023949,4069684.67476112
346433.87023949,4069684.67476112
346433.87023949,4069684.67476112
346433.87023949,4069684.67476112
346433.87023949,4069684.67476112
346433.87550902,4069684.66985731
346433.87550902,4069684.66985731
346433.87550902,4069684.66985731
346433.87550902,4069684.66985731
346433.87550902,4069684.66985731
346433.87550902,4069684.66985731
346433.87550902,4069684.66985731
346433.87550902,4069684.66985731
346433.87550902,4069684.66985731
346433.87550902,4069684.66985731
346433.88120161,4069684.66365114
346433.88120161,4069684.66365114
346433.88120161,4069684.66365114
346433.88120161,4069684.66365114
346433.88120161,4069684.66365114
346433.88120161,4069684.66365114
346433.88120161,4069684.66365114
346433.88120161,4069684.66365114
346433.88120161,4069684.66365114
346433.88120161,4069684.66365114
346433.88120161,4069684.66365114
346433.88745607,4069684.65558521
346433.88745607,4069684.65558521
346433.88745607,4069684.65558521
346433.88745607,4069684.65558521
346433.88745607,4069684.65558521
346433.88745607,4069684.65558521
346433.88745607,4069684.65558521
346433.88745607,4069684.65558521
346433.88745607,4069684.65558521
346433.89402138,4069684.64825356
346433.89402138,4069684.64825356
346433.89402138,4069684.64825356
346433.89402138,4069684.64825356
346433.89402138,4069684.64825356
346433.89402138,4069684.64825356
346433.89402138,4069684.64825356
346433.89402138,4069684.64825356
346433.89402138,4069684.64825356
346433.89402138,4069684.64825356
346433.90395203,4069684.63771701
346433.90395203,4069684.63771701
346433.90395203,4069684.63771701
346433.90395203,4069684.63771701
346433.90395203,4069684.63771701
346433.90395203,4069684.63771701
346433.90395203,4069684.63771701
346433.90395203,4069684.63771701
346433.90395203,4069684.63771701
346433.90395203,4069684.63771701
346433.91625979,4069684.62695277
346433.91625979,4069684.62695277
346433.91625979,4069684.62695277
346433.91625979,4069684.62695277
346433.91625979,4069684.62695277
346433.91625979,4069684.62695277
346433.91625979,4069684.62695277
346433.91625979,4069684.62695277
346433.91625979,4069684.62695277
346433.91625979,4069684.62695277
346433.92718203,4069684.61362392
346433.92718203,4069684.61362392
346433.92718203,4069684.61362392
346433.92718203,4069684.61362392
346433.92718203,4069684.61362392
346433.92718203,4069684.61362392
346433.92718203,4069684.61362392
346433.92718203,4069684.61362392
346433.92718203,4069684.61362392
346433.92718203,4069684.61362392
346433.94240882,4069684.59966279
346433.94240882,4069684.59966279
346433.94240882,4069684.59966279
346433.94240882,4069684.59966279
346433.94240882,4069684.59966279
346433.94240882,4069684.59966279
346433.94240882,4069684.59966279
346433.94240882,4069684.59966279
346433.94240882,4069684.59966279
346433.94240882,4069684.59966279
346433.95600570,4069684.58610090
346433.95600570,4069684.58610090
346433.95600570,4069684.58610090
346433.95600570,4069684.58610090
346433.95600570,4069684.58610090
346433.95600570,4069684.58610090
346433.95600570,4069684.58610090
346433.95600570,4069684.58610090
346433.95600570,4069684.58610090
346433.95600570,4069684.58610090
346433.97034980,4069684.57271054
346433.97034980,4069684.57271054
346433.97034980,4069684.57271054
346433.97034980,4069684.57271054
346433.97034980,4069684.57271054
346433.97034980,4069684.57271054
346433.97034980,4069684.57271054
346433.97034980,4069684.57271054
346433.97034980,4069684.57271054
346433.97034980,4069684.57271054
346433.97034980,4069684.57271054
346433.98480611,4069684.55728355
346433.98480611,4069684.55728355
346433.98480611,4069684.55728355
346433.98480611,4069684.55728355
346433.98480611,4069684.55728355
346433.98480611,4069684.55728355
346433.98480611,4069684.55728355
346433.98480611,4069684.55728355
346433.98480611,4069684.55728355
346434.00203599,4069684.53884726
346434.00203599,4069684.53884726
346434.00203599,4069684.53884726
346434.00203599,4069684.53884726
346434.00203599,4069684.53884726
346434.00203599,4069684.53884726
346434.00203599,4069684.53884726
346434.00203599,4069684.53884726
346434.00203599,4069684.53884726
346434.00203599,4069684.53884726
346434.00203599,4069684.53884726
346434.02039292,4069684.51687638
346434.02039292,4069684.51687638
346434.02039292,4069684.51687638
346434.02039292,4069684.51687638
346434.02039292,4069684.51687638
346434.02039292,4069684.51687638
346434.02039292,4069684.51687638
346434.02039292,4069684.51687638
346434.02039292,4069684.51687638
346434.03656142,4069684.49734938
346434.03656142,4069684.49734938
346434.03656142,4069684.49734938
346434.03656142,4069684.49734938
346434.03656142,4069684.49734938
346434.03656142,4069684.49734938
346434.03656142,4069684.49734938
346434.03656142,4069684.49734938
346434.03656142,4069684.49734938
346434.03656142,4069684.49734938
346434.05685245,4069684.47534373
346434.05685245,4069684.47534373
346434.05685245,4069684.47534373
346434.05685245,4069684.47534373
346434.05685245,4069684.47534373
346434.05685245,4069684.47534373
346434.05685245,4069684.47534373
346434.05685245,4069684.47534373
346434.05685245,4069684.47534373
346434.05685245,4069684.47534373
346434.07496502,4069684.45633668
346434.07496502,4069684.45633668
346434.07496502,4069684.45633668
346434.07496502,4069684.45633668
346434.07496502,4069684.45633668
346434.07496502,4069684.45633668
346434.07496502,4069684.45633668
346434.07496502,4069684.45633668
346434.07496502,4069684.45633668
346434.07496502,4069684.45633668
346434.09752426,4069684.43632487
346434.09752426,4069684.43632487
346434.09752426,4069684.43632487
346434.09752426,4069684.43632487
346434.09752426,4069684.43632487
346434.09752426,4069684.43632487
346434.09752426,4069684.43632487
346434.09752426,4069684.43632487
346434.09752426,4069684.43632487
346434.09752426,4069684.43632487
346434.12044341,4069684.41149750
346434.12044341,4069684.41149750
346434.12044341,4069684.41149750
346434.12044341,4069684.41149750
346434.12044341,4069684.41149750
346434.12044341,4069684.41149750
346434.12044341,4069684.41149750
346434.12044341,4069684.41149750
346434.12044341,4069684.41149750
346434.12044341,4069684.41149750
346434.14242669,4069684.38428241
346434.14242669,4069684.38428241
346434.14242669,4069684.38428241
346434.14242669,4069684.38428241
346434.14242669,4069684.38428241
346434.14242669,4069684.38428241
346434.14242669,4069684.38428241
346434.14242669,4069684.38428241
346434.14242669,4069684.38428241
346434.14242669,4069684.38428241
346434.14242669,4069684.38428241
346434.16551456,4069684.36056180
346434.16551456,4069684.36056180
346434.16551456,4069684.36056180
346434.16551456,4069684.36056180
346434.16551456,4069684.36056180
346434.16551456,4069684.36056180
346434.16551456,4069684.36056180
346434.16551456,4069684.36056180
346434.16551456,4069684.36056180
346434.19100532,4069684.32976933
346434.19100532,4069684.32976933
346434.19100532,4069684.32976933
346434.19100532,4069684.32976933
346434.19100532,4069684.32976933
346434.19100532,4069684.32976933
346434.19100532,4069684.32976933
346434.19100532,4069684.32976933
346434.19100532,4069684.32976933
346434.19100532,4069684.32976933
346434.22175644,4069684.30184174
346434.22175644,4069684.30184174
346434.22175644,4069684.30184174
346434.22175644,4069684.30184174
346434.22175644,4069684.30184174
346434.22175644,4069684.30184174
346434.22175644,4069684.30184174
346434.22175644,4069684.30184174
346434.22175644,4069684.30184174
346434.22175644,4069684.30184174
346434.22175644,4069684.30184174
346434.25273863,4069684.27021069
346434.25273863,4069684.27021069
346434.25273863,4069684.27021069
346434.25273863,4069684.27021069
346434.25273863,4069684.27021069
346434.25273863,4069684.27021069
346434.25273863,4069684.27021069
346434.25273863,4069684.27021069
346434.25273863,4069684.27021069
346434.28947245,4069684.22737836
346434.28947245,4069684.22737836
346434.28947245,4069684.22737836
346434.28947245,4069684.22737836
346434.28947245,4069684.22737836
346434.28947245,4069684.22737836
346434.28947245,4069684.22737836
346434.28947245,4069684.22737836
346434.28947245,4069684.22737836
346434.28947245,4069684.22737836
346434.32489387,4069684.18604934
346434.32489387,4069684.18604934
346434.32489387,4069684.18604934
346434.32489387,4069684.18604934
346434.32489387,4069684.18604934
346434.32489387,4069684.18604934
346434.32489387,4069684.18604934
346434.32489387,4069684.18604934
346434.32489387,4069684.18604934
346434.32489387,4069684.18604934
346434.36330080,4069684.14522154
346434.36330080,4069684.14522154
346434.36330080,4069684.14522154
346434.36330080,4069684.14522154
346434.36330080,4069684.14522154
346434.36330080,4069684.14522154
346434.36330080,4069684.14522154
346434.36330080,4069684.14522154
346434.36330080,4069684.14522154
346434.36330080,4069684.14522154
346434.40724569,4069684.10614385
346434.40724569,4069684.10614385
346434.40724569,4069684.10614385
346434.40724569,4069684.10614385
346434.40724569,4069684.10614385
346434.40724569,4069684.10614385
346434.40724569,4069684.10614385
346434.40724569,4069684.10614385
346434.40724569,4069684.10614385
346434.40724569,4069684.10614385
346434.44995636,4069684.05636038
346434.44995636,4069684.05636038
346434.44995636,4069684.05636038
346434.44995636,4069684.05636038
346434.44995636,4069684.05636038
346434.44995636,4069684.05636038
346434.44995636,4069684.05636038
346434.44995636,4069684.05636038
346434.44995636,4069684.05636038
346434.44995636,4069684.05636038
346434.49877352,4069684.00683706
346434.49877352,4069684.00683706
346434.49877352,4069684.00683706
346434.49877352,4069684.00683706
346434.49877352,4069684.00683706
346434.49877352,4069684.00683706
346434.49877352,4069684.00683706
346434.49877352,4069684.00683706
346434.49877352,4069684.00683706
346434.49877352,4069684.00683706
346434.54722332,4069683.95343609
346434.54722332,4069683.95343609
346434.54722332,4069683.95343609
346434.54722332,4069683.95343609
346434.54722332,4069683.95343609
346434.54722332,4069683.95343609
346434.54722332,4069683.95343609
346434.54722332,4069683.95343609
346434.54722332,4069683.95343609
346434.54722332,4069683.95343609
346434.59497830,4069683.89449866
346434.59497830,4069683.89449866
346434.59497830,4069683.89449866
346434.59497830,4069683.89449866
346434.59497830,4069683.89449866
346434.59497830,4069683.89449866
346434.59497830,4069683.89449866
346434.59497830,4069683.89449866
346434.59497830,4069683.89449866
346434.59497830,4069683.89449866
346434.65646724,4069683.83790385
346434.65646724,4069683.83790385
346434.65646724,4069683.83790385
346434.65646724,4069683.83790385
346434.65646724,4069683.83790385
346434.65646724,4069683.83790385
346434.65646724,4069683.83790385
346434.65646724,4069683.83790385
346434.65646724,4069683.83790385
346434.65646724,4069683.83790385
346434.65646724,4069683.83790385
346434.70875785,4069683.77463070
346434.70875785,4069683.77463070
346434.70875785,4069683.77463070
346434.70875785,4069683.77463070
346434.70875785,4069683.77463070
346434.70875785,4069683.77463070
346434.70875785,4069683.77463070
346434.70875785,4069683.77463070
346434.70875785,4069683.77463070
346434.76150475,4069683.71190423
346434.76150475,4069683.71190423
346434.76150475,4069683.71190423
346434.76150475,4069683.71190423
346434.76150475,4069683.71190423
346434.76150475,4069683.71190423
346434.76150475,4069683.71190423
346434.76150475,4069683.71190423
346434.76150475,4069683.71190423
346434.76150475,4069683.71190423
346434.82451723,4069683.64899324
346434.82451723,4069683.64899324
346434.82451723,4069683.64899324
346434.82451723,4069683.64899324
346434.82451723,4069683.64899324
346434.82451723,4069683.64899324
346434.82451723,4069683.64899324
346434.82451723,4069683.64899324
346434.82451723,4069683.64899324
346434.82451723,4069683.64899324
346434.87962461,4069683.58511455
346434.87962461,4069683.58511455
346434.87962461,4069683.58511455
346434.87962461,4069683.58511455
346434.87962461,4069683.58511455
346434.87962461,4069683.58511455
346434.87962461,4069683.58511455
346434.87962461,4069683.58511455
346434.87962461,4069683.58511455
346434.87962461,4069683.58511455
346434.93408784,4069683.52679639
346434.93408784,4069683.52679639
346434.93408784,4069683.52679639
346434.93408784,4069683.52679639
346434.93408784,4069683.52679639
346434.93408784,4069683.52679639
346434.93408784,4069683.52679639
346434.93408784,4069683.52679639
346434.93408784,4069683.52679639
346434.93408784,4069683.52679639
346434.99205189,4069683.46453104
346434.99205189,4069683.46453104
346434.99205189,4069683.46453104
346434.99205189,4069683.46453104
346434.99205189,4069683.46453104
346434.99205189,4069683.46453104
346434.99205189,4069683.46453104
346434.99205189,4069683.46453104
346434.99205189,4069683.46453104
346434.99205189,4069683.46453104
346435.04799623,4069683.40581633
346435.04799623,4069683.40581633
346435.04799623,4069683.40581633
346435.04799623,4069683.40581633
346435.04799623,4069683.40581633
346435.04799623,4069683.40581633
346435.04799623,4069683.40581633
346435.04799623,4069683.40581633
346435.04799623,4069683.40581633
346435.04799623,4069683.40581633
346435.10139475,4069683.34622256
346435.10139475,4069683.34622256
346435.10139475,4069683.34622256
346435.10139475,4069683.34622256
346435.10139475,4069683.34622256
346435.10139475,4069683.34622256
346435.10139475,4069683.34622256
346435.10139475,4069683.34622256
346435.10139475,4069683.34622256
346435.10139475,4069683.34622256
346435.15308772,4069683.29109861
346435.15308772,4069683.29109861
346435.15308772,4069683.29109861
346435.15308772,4069683.29109861
346435.15308772,4069683.29109861
346435.15308772,4069683.29109861
346435.15308772,4069683.29109861
346435.15308772,4069683.29109861
346435.15308772,4069683.29109861
346435.15308772,4069683.29109861
346435.20427866,4069683.24116270
346435.20427866,4069683.24116270
346435.20427866,4069683.24116270
346435.20427866,4069683.24116270
346435.20427866,4069683.24116270
346435.20427866,4069683.24116270
346435.20427866,4069683.24116270
346435.20427866,4069683.24116270
346435.20427866,4069683.24116270
346435.20427866,4069683.24116270
346435.20427866,4069683.24116270
346435.25351889,4069683.19033703
346435.25351889,4069683.19033703
346435.25351889,4069683.19033703
346435.25351889,4069683.19033703
346435.25351889,4069683.19033703
346435.25351889,4069683.19033703
346435.25351889,4069683.19033703
346435.25351889,4069683.19033703
346435.25351889,4069683.19033703
346435.30119823,4069683.13547019
346435.30119823,4069683.13547019
346435.30119823,4069683.13547019
346435.30119823,4069683.13547019
346435.30119823,4069683.13547019
346435.30119823,4069683.13547019
346435.30119823,4069683.13547019
346435.30119823,4069683.13547019
346435.30119823,4069683.13547019
346435.30119823,4069683.13547019
346435.35097705,4069683.08149043
346435.35097705,4069683.08149043
346435.35097705,4069683.08149043
346435.35097705,4069683.08149043
346435.35097705,4069683.08149043
346435.35097705,4069683.08149043
346435.35097705,4069683.08149043
346435.35097705,4069683.08149043
346435.35097705,4069683.08149043
346435.35097705,4069683.08149043
346435.39709630,4069683.03090583
346435.39709630,4069683.03090583
346435.39709630,4069683.03090583
346435.39709630,4069683.03090583
346435.39709630,4069683.03090583
346435.39709630,4069683.03090583
346435.39709630,4069683.03090583
346435.39709630,4069683.03090583
346435.39709630,4069683.03090583
346435.39709630,4069683.03090583
346435.44033308,4069682.98555207
346435.44033308,4069682.98555207
346435.44033308,4069682.98555207
346435.44033308,4069682.98555207
346435.44033308,4069682.98555207
346435.44033308,4069682.98555207
346435.44033308,4069682.98555207
346435.44033308,4069682.98555207
346435.44033308,4069682.98555207
346435.44033308,4069682.98555207
346435.44033308,4069682.98555207
346435.48617140,4069682.93589734
346435.48617140,4069682.93589734
346435.48617140,4069682.93589734
346435.48617140,4069682.93589734
346435.48617140,4069682.93589734
346435.48617140,4069682.93589734
346435.48617140,4069682.93589734
346435.48617140,4069682.93589734
346435.48617140,4069682.93589734
346435.53551719,4069682.88266523
346435.53551719,4069682.88266523
346435.53551719,4069682.88266523
346435.53551719,4069682.88266523
346435.53551719,4069682.88266523
346435.53551719,4069682.88266523
346435.53551719,4069682.88266523
346435.53551719,4069682.88266523
346435.53551719,4069682.88266523
346435.53551719,4069682.88266523
346435.58280339,4069682.83076490
346435.58280339,4069682.83076490
346435.58280339,4069682.83076490
346435.58280339,4069682.83076490
346435.58280339,4069682.83076490
346435.58280339,4069682.83076490
346435.58280339,4069682.83076490
346435.58280339,4069682.83076490
346435.58280339,4069682.83076490
346435.58280339,4069682.83076490
346435.63140942,4069682.78605447
346435.63140942,4069682.78605447
346435.63140942,4069682.78605447
346435.63140942,4069682.78605447
346435.63140942,4069682.78605447
346435.63140942,4069682.78605447
346435.63140942,4069682.78605447
346435.63140942,4069682.78605447
346435.63140942,4069682.78605447
346435.63140942,4069682.78605447
346435.68460759,4069682.74015171
346435.68460759,4069682.74015171
346435.68460759,4069682.74015171
346435.68460759,4069682.74015171
346435.68460759,4069682.74015171
346435.68460759,4069682.74015171
346435.68460759,4069682.74015171
346435.68460759,4069682.74015171
346435.68460759,4069682.74015171
346435.68460759,4069682.74015171
346435.68460759,4069682.74015171
346435.73470471,4069682.69559945
346435.73470471,4069682.69559945
346435.73470471,4069682.69559945
346435.73470471,4069682.69559945
346435.73470471,4069682.69559945
346435.73470471,4069682.69559945
346435.73470471,4069682.69559945
346435.73470471,4069682.69559945
346435.73470471,4069682.69559945
346435.78717482,4069682.64231118
346435.78717482,4069682.64231118
346435.78717482,4069682.64231118
346435.78717482,4069682.64231118
346435.78717482,4069682.64231118
346435.78717482,4069682.64231118
346435.78717482,4069682.64231118
346435.78717482,4069682.64231118
346435.78717482,4069682.64231118
346435.78717482,4069682.64231118
346435.83941717,4069682.59291126
346435.83941717,4069682.59291126
346435.83941717,4069682.59291126
346435.83941717,4069682.59291126
346435.83941717,4069682.59291126
346435.83941717,4069682.59291126
346435.83941717,4069682.59291126
346435.83941717,4069682.59291126
346435.83941717,4069682.59291126
346435.83941717,4069682.59291126
346435.90075816,4069682.54464255
346435.90075816,4069682.54464255
346435.90075816,4069682.54464255
346435.90075816,4069682.54464255
346435.90075816,4069682.54464255
346435.90075816,4069682.54464255
346435.90075816,4069682.54464255
346435.90075816,4069682.54464255
346435.90075816,4069682.54464255
346435.90075816,4069682.54464255
346435.96554427,4069682.49760666
346435.96554427,4069682.49760666
346435.96554427,4069682.49760666
346435.96554427,4069682.49760666
346435.96554427,4069682.49760666
346435.96554427,4069682.49760666
346435.96554427,4069682.49760666
346435.96554427,4069682.49760666
346435.96554427,4069682.49760666
346435.96554427,4069682.49760666
346436.03271161,4069682.45885138
346436.03271161,4069682.45885138
346436.03271161,4069682.45885138
346436.03271161,4069682.45885138
346436.03271161,4069682.45885138
346436.03271161,4069682.45885138
346436.03271161,4069682.45885138
346436.03271161,4069682.45885138
346436.03271161,4069682.45885138
346436.03271161,4069682.45885138
346436.11126161,4069682.41582227
346436.11126161,4069682.41582227
346436.11126161,4069682.41582227
346436.11126161,4069682.41582227
346436.11126161,4069682.41582227
346436.11126161,4069682.41582227
346436.11126161,4069682.41582227
346436.11126161,4069682.41582227
346436.11126161,4069682.41582227
346436.11126161,4069682.41582227
346436.18206859,4069682.37256241
346436.18206859,4069682.37256241
346436.18206859,4069682.37256241
346436.18206859,4069682.37256241
346436.18206859,4069682.37256241
346436.18206859,4069682.37256241
346436.18206859,4069682.37256241
346436.18206859,4069682.37256241
346436.18206859,4069682.37256241
346436.18206859,4069682.37256241
346436.25554184,4069682.34516161
346436.25554184,4069682.34516161
346436.25554184,4069682.34516161
346436.25554184,4069682.34516161
346436.25554184,4069682.34516161
346436.25554184,4069682.34516161
346436.25554184,4069682.34516161
346436.25554184,4069682.34516161
346436.25554184,4069682.34516161
346436.25554184,4069682.34516161
346436.33731507,4069682.29930008
346436.33731507,4069682.29930008
346436.33731507,4069682.29930008
346436.33731507,4069682.29930008
346436.33731507,4069682.29930008
346436.33731507,4069682.29930008
346436.33731507,4069682.29930008
346436.33731507,4069682.29930008
346436.33731507,4069682.29930008
346436.33731507,4069682.29930008
346436.33731507,4069682.29930008
346436.41561405,4069682.25886498
346436.41561405,4069682.25886498
346436.41561405,4069682.25886498
346436.41561405,4069682.25886498
346436.41561405,4069682.25886498
346436.41561405,4069682.25886498
346436.41561405,4069682.25886498
346436.41561405,4069682.25886498
346436.41561405,4069682.25886498
346436.50047662,4069682.22756015
346436.50047662,4069682.22756015
346436.50047662,4069682.22756015
346436.50047662,4069682.22756015
346436.50047662,4069682.22756015
346436.50047662,4069682.22756015
346436.50047662,4069682.22756015
346436.50047662,4069682.22756015
346436.50047662,4069682.22756015
346436.50047662,4069682.22756015
346436.58475738,4069682.19700563
346436.58475738,4069682.19700563
346436.58475738,4069682.19700563
346436.58475738,4069682.19700563
346436.58475738,4069682.19700563
346436.58475738,4069682.19700563
346436.58475738,4069682.19700563
346436.58475738,4069682.19700563
346436.58475738,4069682.19700563
346436.58475738,4069682.19700563
346436.67085337,4069682.16808317
346436.67085337,4069682.16808317
346436.67085337,4069682.16808317
346436.67085337,4069682.16808317
346436.67085337,4069682.16808317
346436.67085337,4069682.16808317
346436.67085337,4069682.16808317
346436.67085337,4069682.16808317
346436.67085337,4069682.16808317
346436.67085337,4069682.16808317
346436.75711143,4069682.13989766
346436.75711143,4069682.13989766
346436.75711143,4069682.13989766
346436.75711143,4069682.13989766
346436.75711143,4069682.13989766
346436.75711143,4069682.13989766
346436.75711143,4069682.13989766
346436.75711143,4069682.13989766
346436.75711143,4069682.13989766
346436.75711143,4069682.13989766
346436.84356148,4069682.11411324
346436.84356148,4069682.11411324
346436.84356148,4069682.11411324
346436.84356148,4069682.11411324
346436.84356148,4069682.11411324
346436.84356148,4069682.11411324
346436.84356148,4069682.11411324
346436.84356148,4069682.11411324
346436.84356148,4069682.11411324
346436.84356148,4069682.11411324
346436.92887783,4069682.09149360
346436.92887783,4069682.09149360
346436.92887783,4069682.09149360
346436.92887783,4069682.09149360
346436.92887783,4069682.09149360
346436.92887783,4069682.09149360
346436.92887783,4069682.09149360
346436.92887783,4069682.09149360
346436.92887783,4069682.09149360
346436.92887783,4069682.09149360
346437.01687215,4069682.06882583
346437.01687215,4069682.06882583
346437.01687215,4069682.06882583
346437.01687215,4069682.06882583
346437.01687215,4069682.06882583
346437.01687215,4069682.06882583
346437.01687215,4069682.06882583
346437.01687215,4069682.06882583
346437.01687215,4069682.06882583
346437.01687215,4069682.06882583
346437.10448409,4069682.05800268
346437.10448409,4069682.05800268
346437.10448409,4069682.05800268
346437.10448409,4069682.05800268
346437.10448409,4069682.05800268
346437.10448409,4069682.05800268
346437.10448409,4069682.05800268
346437.10448409,4069682.05800268
346437.10448409,4069682.05800268
346437.10448409,4069682.05800268
346437.17471830,4069682.04083318
346437.17471830,4069682.04083318
346437.17471830,4069682.04083318
346437.17471830,4069682.04083318
346437.17471830,4069682.04083318
346437.17471830,4069682.04083318
346437.17471830,4069682.04083318
346437.17471830,4069682.04083318
346437.17471830,4069682.04083318
346437.17471830,4069682.04083318
346437.17471830,4069682.04083318
346437.26177755,4069682.02410109
346437.26177755,4069682.02410109
346437.26177755,4069682.02410109
346437.26177755,4069682.02410109
346437.26177755,4069682.02410109
346437.26177755,4069682.02410109
346437.26177755,4069682.02410109
346437.26177755,4069682.02410109
346437.26177755,4069682.02410109
346437.34681787,4069682.01924305
346437.34681787,4069682.01924305
346437.34681787,4069682.01924305
346437.34681787,4069682.01924305
346437.34681787,4069682.01924305
346437.34681787,4069682.01924305
346437.34681787,4069682.01924305
346437.34681787,4069682.01924305
346437.34681787,4069682.01924305
346437.34681787,4069682.01924305
346437.42288761,4069682.00381830
346437.42288761,4069682.00381830
346437.42288761,4069682.00381830
346437.42288761,4069682.00381830
346437.42288761,4069682.00381830
346437.42288761,4069682.00381830
346437.42288761,4069682.00381830
346437.42288761,4069682.00381830
346437.42288761,4069682.00381830
346437.42288761,4069682.00381830
346437.42288761,4069682.00381830
346437.50656568,4069681.99768999
346437.50656568,4069681.99768999
346437.50656568,4069681.99768999
346437.50656568,4069681.99768999
346437.50656568,4069681.99768999
346437.50656568,4069681.99768999
346437.50656568,4069681.99768999
346437.50656568,4069681.99768999
346437.50656568,4069681.99768999
346437.58695072,4069681.99051109
346437.58695072,4069681.99051109
346437.58695072,4069681.99051109
346437.58695072,4069681.99051109
346437.58695072,4069681.99051109
346437.58695072,4069681.99051109
346437.58695072,4069681.99051109
346437.58695072,4069681.99051109
346437.58695072,4069681.99051109
346437.58695072,4069681.99051109
346437.66154346,4069681.98399121
346437.66154346,4069681.98399121
346437.66154346,4069681.98399121
346437.66154346,4069681.98399121
346437.66154346,4069681.98399121
346437.66154346,4069681.98399121
346437.66154346,4069681.98399121
346437.66154346,4069681.98399121
346437.66154346,4069681.98399121
346437.66154346,4069681.98399121
346437.66154346,4069681.98399121
346437.74658711,4069681.97931808
346437.74658711,4069681.97931808
346437.74658711,4069681.97931808
346437.74658711,4069681.97931808
346437.74658711,4069681.97931808
346437.74658711,4069681.97931808
346437.74658711,4069681.97931808
346437.74658711,4069681.97931808
346437.74658711,4069681.97931808
346437.82087644,4069681.98075714
346437.82087644,4069681.98075714
346437.82087644,4069681.98075714
346437.82087644,4069681.98075714
346437.82087644,4069681.98075714
346437.82087644,4069681.98075714
346437.82087644,4069681.98075714
346437.82087644,4069681.98075714
346437.82087644,4069681.98075714
346437.82087644,4069681.98075714
346437.82087644,4069681.98075714
346437.89284849,4069681.98575219
346437.89284849,4069681.98575219
346437.89284849,4069681.98575219
346437.89284849,4069681.98575219
346437.89284849,4069681.98575219
346437.89284849,4069681.98575219
346437.89284849,4069681.98575219
346437.89284849,4069681.98575219
346437.89284849,4069681.98575219
346437.97094951,4069681.98397833
346437.97094951,4069681.98397833
346437.97094951,4069681.98397833
346437.97094951,4069681.98397833
346437.97094951,4069681.98397833
346437.97094951,4069681.98397833
346437.97094951,4069681.98397833
346437.97094951,4069681.98397833
346437.97094951,4069681.98397833
346437.97094951,4069681.98397833
346437.97094951,4069681.98397833
346438.04634675,4069681.98909678
346438.04634675,4069681.98909678
346438.04634675,4069681.98909678
346438.04634675,4069681.98909678
346438.04634675,4069681.98909678
346438.04634675,4069681.98909678
346438.04634675,4069681.98909678
346438.04634675,4069681.98909678
346438.04634675,4069681.98909678
346438.11731726,4069681.99632942
346438.11731726,4069681.99632942
346438.11731726,4069681.99632942
346438.11731726,4069681.99632942
346438.11731726,4069681.99632942
346438.11731726,4069681.99632942
346438.11731726,4069681.99632942
346438.11731726,4069681.99632942
346438.11731726,4069681.99632942
346438.11731726,4069681.99632942
346438.19281009,4069681.99848671
346438.19281009,4069681.99848671
346438.19281009,4069681.99848671
346438.19281009,4069681.99848671
346438.19281009,4069681.99848671
346438.19281009,4069681.99848671
346438.19281009,4069681.99848671
346438.19281009,4069681.99848671
346438.19281009,4069681.99848671
346438.19281009,4069681.99848671
346438.26283144,4069682.00259200
346438.26283144,4069682.00259200
346438.26283144,4069682.00259200
346438.26283144,4069682.00259200
346438.26283144,4069682.00259200
346438.26283144,4069682.00259200
346438.26283144,4069682.00259200
346438.26283144,4069682.00259200
346438.26283144,4069682.00259200
346438.26283144,4069682.00259200
346438.34160480,4069682.01338368
346438.34160480,4069682.01338368
346438.34160480,4069682.01338368
346438.34160480,4069682.01338368
346438.34160480,4069682.01338368
346438.34160480,4069682.01338368
346438.34160480,4069682.01338368
346438.34160480,4069682.01338368
346438.34160480,4069682.01338368
346438.34160480,4069682.01338368
346438.40698748,4069682.01609264
346438.40698748,4069682.01609264
346438.40698748,4069682.01609264
346438.40698748,4069682.01609264
346438.40698748,4069682.01609264
346438.40698748,4069682.01609264
346438.40698748,4069682.01609264
346438.40698748,4069682.01609264
346438.40698748,4069682.01609264
346438.40698748,4069682.01609264
346438.40698748,4069682.01609264
346438.47617599,4069682.02354227
346438.47617599,4069682.02354227
346438.47617599,4069682.02354227
346438.47617599,4069682.02354227
346438.47617599,4069682.02354227
346438.47617599,4069682.02354227
346438.47617599,4069682.02354227
346438.47617599,4069682.02354227
346438.47617599,4069682.02354227
346438.53953975,4069682.03812528
346438.53953975,4069682.03812528
346438.53953975,4069682.03812528
346438.53953975,4069682.03812528
346438.53953975,4069682.03812528
346438.53953975,4069682.03812528
346438.53953975,4069682.03812528
346438.53953975,4069682.03812528
346438.53953975,4069682.03812528
346438.53953975,4069682.03812528
346438.60825946,4069682.05261201
346438.60825946,4069682.05261201
346438.60825946,4069682.05261201
346438.60825946,4069682.05261201
346438.60825946,4069682.05261201
346438.60825946,4069682.05261201
346438.60825946,4069682.05261201
346438.60825946,4069682.05261201
346438.60825946,4069682.05261201
346438.60825946,4069682.05261201
346438.67391802,4069682.07066810
346438.67391802,4069682.07066810
346438.67391802,4069682.07066810
346438.67391802,4069682.07066810
346438.67391802,4069682.07066810
346438.67391802,4069682.07066810
346438.67391802,4069682.07066810
346438.67391802,4069682.07066810
346438.67391802,4069682.07066810
346438.67391802,4069682.07066810
346438.67391802,4069682.07066810
346438.73924990,4069682.09538880
346438.73924990,4069682.09538880
346438.73924990,4069682.09538880
346438.73924990,4069682.09538880
346438.73924990,4069682.09538880
346438.73924990,4069682.09538880
346438.73924990,4069682.09538880
346438.73924990,4069682.09538880
346438.73924990,4069682.09538880
346438.80551100,4069682.12212741
346438.80551100,4069682.12212741
346438.80551100,4069682.12212741
346438.80551100,4069682.12212741
346438.80551100,4069682.12212741
346438.80551100,4069682.12212741
346438.80551100,4069682.12212741
346438.80551100,4069682.12212741
346438.80551100,4069682.12212741
346438.80551100,4069682.12212741
346438.86607792,4069682.13842538
346438.86607792,4069682.13842538
346438.86607792,4069682.13842538
346438.86607792,4069682.13842538
346438.86607792,4069682.13842538
346438.86607792,4069682.13842538
346438.86607792,4069682.13842538
346438.86607792,4069682.13842538
346438.86607792,4069682.13842538
346438.86607792,4069682.13842538
346438.92893046,4069682.16596512
346438.92893046,4069682.16596512
346438.92893046,4069682.16596512
346438.92893046,4069682.16596512
346438.92893046,4069682.16596512
346438.92893046,4069682.16596512
346438.92893046,4069682.16596512
346438.92893046,4069682.16596512
346438.92893046,4069682.16596512
346438.92893046,4069682.16596512
346438.98327203,4069682.18366974
346438.98327203,4069682.18366974
346438.98327203,4069682.18366974
346438.98327203,4069682.18366974
346438.98327203,4069682.18366974
346438.98327203,4069682.18366974
346438.98327203,4069682.18366974
346438.98327203,4069682.18366974
346438.98327203,4069682.18366974
346438.98327203,4069682.18366974
346439.04123489,4069682.21240717
346439.04123489,4069682.21240717
346439.04123489,4069682.21240717
346439.04123489,4069682.21240717
346439.04123489,4069682.21240717
346439.04123489,4069682.21240717
346439.04123489,4069682.21240717
346439.04123489,4069682.21240717
346439.04123489,4069682.21240717
346439.04123489,4069682.21240717
346439.09281365,4069682.24199922
346439.09281365,4069682.24199922
346439.09281365,4069682.24199922
346439.09281365,4069682.24199922
346439.09281365,4069682.24199922
346439.09281365,4069682.24199922
346439.09281365,4069682.24199922
346439.09281365,4069682.24199922
346439.09281365,4069682.24199922
346439.09281365,4069682.24199922
346439.15208811,4069682.26090993
346439.15208811,4069682.26090993
346439.15208811,4069682.26090993
346439.15208811,4069682.26090993
346439.15208811,4069682.26090993
346439.15208811,4069682.26090993
346439.15208811,4069682.26090993
346439.15208811,4069682.26090993
346439.15208811,4069682.26090993
346439.15208811,4069682.26090993
346439.19924425,4069682.30112447
346439.19924425,4069682.30112447
346439.19924425,4069682.30112447
346439.19924425,4069682.30112447
346439.19924425,4069682.30112447
346439.19924425,4069682.30112447
346439.19924425,4069682.30112447
346439.19924425,4069682.30112447
346439.19924425,4069682.30112447
346439.19924425,4069682.30112447
346439.24897787,4069682.32742032
346439.24897787,4069682.32742032
346439.24897787,4069682.32742032
346439.24897787,4069682.32742032
346439.24897787,4069682.32742032
346439.24897787,4069682.32742032
346439.24897787,4069682.32742032
346439.24897787,4069682.32742032
346439.24897787,4069682.32742032
346439.24897787,4069682.32742032
346439.24897787,4069682.32742032
346439.30037129,4069682.35498108
346439.30037129,4069682.35498108
346439.30037129,4069682.35498108
346439.30037129,4069682.35498108
346439.30037129,4069682.35498108
346439.30037129,4069682.35498108
346439.30037129,4069682.35498108
346439.30037129,4069682.35498108
346439.30037129,4069682.35498108
346439.34851490,4069682.38389502
346439.34851490,4069682.38389502
346439.34851490,4069682.38389502
346439.34851490,4069682.38389502
346439.34851490,4069682.38389502
346439.34851490,4069682.38389502
346439.34851490,4069682.38389502
346439.34851490,4069682.38389502
346439.34851490,4069682.38389502
346439.34851490,4069682.38389502
346439.39965398,4069682.41386490
346439.39965398,4069682.41386490
346439.39965398,4069682.41386490
346439.39965398,4069682.41386490
346439.39965398,4069682.41386490
346439.39965398,4069682.41386490
346439.39965398,4069682.41386490
346439.39965398,4069682.41386490
346439.39965398,4069682.41386490
346439.39965398,4069682.41386490
346439.44543045,4069682.44356124
346439.44543045,4069682.44356124
346439.44543045,4069682.44356124
346439.44543045,4069682.44356124
346439.44543045,4069682.44356124
346439.44543045,4069682.44356124
346439.44543045,4069682.44356124
346439.44543045,4069682.44356124
346439.44543045,4069682.44356124
346439.44543045,4069682.44356124
346439.49060185,4069682.47271357
346439.49060185,4069682.47271357
346439.49060185,4069682.47271357
346439.49060185,4069682.47271357
346439.49060185,4069682.47271357
346439.49060185,4069682.47271357
346439.49060185,4069682.47271357
346439.49060185,4069682.47271357
346439.49060185,4069682.47271357
346439.49060185,4069682.47271357
346439.53531030,4069682.50094940
346439.53531030,4069682.50094940
346439.53531030,4069682.50094940
346439.53531030,4069682.50094940
346439.53531030,4069682.50094940
346439.53531030,4069682.50094940
346439.53531030,4069682.50094940
346439.53531030,4069682.50094940
346439.53531030,4069682.50094940
346439.53531030,4069682.50094940
346439.57360807,4069682.52856060
346439.57360807,4069682.52856060
346439.57360807,4069682.52856060
346439.57360807,4069682.52856060
346439.57360807,4069682.52856060
346439.57360807,4069682.52856060
346439.57360807,4069682.52856060
346439.57360807,4069682.52856060
346439.57360807,4069682.52856060
346439.57360807,4069682.52856060
346439.61403191,4069682.55853813
346439.61403191,4069682.55853813
346439.61403191,4069682.55853813
346439.61403191,4069682.55853813
346439.61403191,4069682.55853813
346439.61403191,4069682.55853813
346439.61403191,4069682.55853813
346439.61403191,4069682.55853813
346439.61403191,4069682.55853813
346439.61403191,4069682.55853813
346439.64877566,4069682.58713804
346439.64877566,4069682.58713804
346439.64877566,4069682.58713804
346439.64877566,4069682.58713804
346439.64877566,4069682.58713804
346439.64877566,4069682.58713804
346439.64877566,4069682.58713804
346439.64877566,4069682.58713804
346439.64877566,4069682.58713804
346439.64877566,4069682.58713804
346439.68376378,4069682.61277413
346439.68376378,4069682.61277413
346439.68376378,4069682.61277413
346439.68376378,4069682.61277413
346439.68376378,4069682.61277413
346439.68376378,4069682.61277413
346439.68376378,4069682.61277413
346439.68376378,4069682.61277413
346439.68376378,4069682.61277413
346439.68376378,4069682.61277413
346439.68376378,4069682.61277413
346439.71766806,4069682.64434857
346439.71766806,4069682.64434857
346439.71766806,4069682.64434857
346439.71766806,4069682.64434857
346439.71766806,4069682.64434857
346439.71766806,4069682.64434857
346439.71766806,4069682.64434857
346439.71766806,4069682.64434857
346439.71766806,4069682.64434857
346439.74967067,4069682.66948342
346439.74967067,4069682.66948342
346439.74967067,4069682.66948342
346439.74967067,4069682.66948342
346439.74967067,4069682.66948342
346439.74967067,4069682.66948342
346439.74967067,4069682.66948342
346439.74967067,4069682.66948342
346439.74967067,4069682.66948342
346439.74967067,4069682.66948342
346439.78003675,4069682.69464769
346439.78003675,4069682.69464769
346439.78003675,4069682.69464769
346439.78003675,4069682.69464769
346439.78003675,4069682.69464769
346439.78003675,4069682.69464769
346439.78003675,4069682.69464769
346439.78003675,4069682.69464769
346439.78003675,4069682.69464769
346439.78003675,4069682.69464769
346439.81279069,4069682.72846239
346439.81279069,4069682.72846239
346439.81279069,4069682.72846239
346439.81279069,4069682.72846239
346439.81279069,4069682.72846239
346439.81279069,4069682.72846239
346439.81279069,4069682.72846239
346439.81279069,4069682.72846239
346439.81279069,4069682.72846239
346439.81279069,4069682.72846239
346439.84666505,4069682.75837269
346439.84666505,4069682.75837269
346439.84666505,4069682.75837269
346439.84666505,4069682.75837269
346439.84666505,4069682.75837269
346439.84666505,4069682.75837269
346439.84666505,4069682.75837269
346439.84666505,4069682.75837269
346439.84666505,4069682.75837269
346439.84666505,4069682.75837269
346439.87874744,4069682.78794527
346439.87874744,4069682.78794527
346439.87874744,4069682.78794527
346439.87874744,4069682.78794527
346439.87874744,4069682.78794527
346439.87874744,4069682.78794527
346439.87874744,4069682.78794527
346439.87874744,4069682.78794527
346439.87874744,4069682.78794527
346439.87874744,4069682.78794527
346439.91551170,4069682.82131795
346439.91551170,4069682.82131795
346439.91551170,4069682.82131795
346439.91551170,4069682.82131795
346439.91551170,4069682.82131795
346439.91551170,4069682.82131795
346439.91551170,4069682.82131795
346439.91551170,4069682.82131795
346439.91551170,4069682.82131795
346439.91551170,4069682.82131795
346439.95150549,4069682.85322476
346439.95150549,4069682.85322476
346439.95150549,4069682.85322476
346439.95150549,4069682.85322476
346439.95150549,4069682.85322476
346439.95150549,4069682.85322476
346439.95150549,4069682.85322476
346439.95150549,4069682.85322476
346439.95150549,4069682.85322476
346439.95150549,4069682.85322476
346439.98595580,4069682.89033834
346439.98595580,4069682.89033834
346439.98595580,4069682.89033834
346439.98595580,4069682.89033834
346439.98595580,4069682.89033834
346439.98595580,4069682.89033834
346439.98595580,4069682.89033834
346439.98595580,4069682.89033834
346439.98595580,4069682.89033834
346439.98595580,4069682.89033834
346440.02651259,4069682.92771207
346440.02651259,4069682.92771207
346440.02651259,4069682.92771207
346440.02651259,4069682.92771207
346440.02651259,4069682.92771207
346440.02651259,4069682.92771207
346440.02651259,4069682.92771207
346440.02651259,4069682.92771207
346440.02651259,4069682.92771207
346440.02651259,4069682.92771207
346440.02651259,4069682.92771207
346440.06553176,4069682.96233898
346440.06553176,4069682.96233898
346440.06553176,4069682.96233898
346440.06553176,4069682.96233898
346440.06553176,4069682.96233898
346440.06553176,4069682.96233898
346440.06553176,4069682.96233898
346440.06553176,4069682.96233898
346440.06553176,4069682.96233898
346440.10806586,4069683.00208171
346440.10806586,4069683.00208171
346440.10806586,4069683.00208171
346440.10806586,4069683.00208171
346440.10806586,4069683.00208171
346440.10806586,4069683.00208171
346440.10806586,4069683.00208171
346440.10806586,4069683.00208171
346440.10806586,4069683.00208171
346440.10806586,4069683.00208171
346440.14798513,4069683.04538578
346440.14798513,4069683.04538578
346440.14798513,4069683.04538578
346440.14798513,4069683.04538578
346440.14798513,4069683.04538578
346440.14798513,4069683.04538578
346440.14798513,4069683.04538578
346440.14798513,4069683.04538578
346440.14798513,4069683.04538578
346440.14798513,4069683.04538578
346440.19112763,4069683.08585745
346440.19112763,4069683.08585745
346440.19112763,4069683.08585745
346440.19112763,4069683.08585745
346440.19112763,4069683.08585745
346440.19112763,4069683.08585745
346440.19112763,4069683.08585745
346440.19112763,4069683.08585745
346440.19112763,4069683.08585745
346440.19112763,4069683.08585745
346440.23377805,4069683.13207186
346440.23377805,4069683.13207186
346440.23377805,4069683.13207186
346440.23377805,4069683.13207186
346440.23377805,4069683.13207186
346440.23377805,4069683.13207186
346440.23377805,4069683.13207186
346440.23377805,4069683.13207186
346440.23377805,4069683.13207186
346440.23377805,4069683.13207186
346440.27568127,4069683.17811475
346440.27568127,4069683.17811475
346440.27568127,4069683.17811475
346440.27568127,4069683.17811475
346440.27568127,4069683.17811475
346440.27568127,4069683.17811475
346440.27568127,4069683.17811475
346440.27568127,4069683.17811475
346440.27568127,4069683.17811475
346440.27568127,4069683.17811475
346440.31542264,4069683.22808076
346440.31542264,4069683.22808076
346440.31542264,4069683.22808076
346440.31542264,4069683.22808076
346440.31542264,4069683.22808076
346440.31542264,4069683.22808076
346440.31542264,4069683.22808076
346440.31542264,4069683.22808076
346440.31542264,4069683.22808076
346440.31542264,4069683.22808076
346440.35198985,4069683.27532935
346440.35198985,4069683.27532935
346440.35198985,4069683.27532935
346440.35198985,4069683.27532935
346440.35198985,4069683.27532935
346440.35198985,4069683.27532935
346440.35198985,4069683.27532935
346440.35198985,4069683.27532935
346440.35198985,4069683.27532935
346440.35198985,4069683.27532935
346440.38838249,4069683.32942478
346440.38838249,4069683.32942478
346440.38838249,4069683.32942478
346440.38838249,4069683.32942478
346440.38838249,4069683.32942478
346440.38838249,4069683.32942478
346440.38838249,4069683.32942478
346440.38838249,4069683.32942478
346440.38838249,4069683.32942478
346440.38838249,4069683.32942478
346440.42204396,4069683.38060987
346440.42204396,4069683.38060987
346440.42204396,4069683.38060987
346440.42204396,4069683.38060987
346440.42204396,4069683.38060987
346440.42204396,4069683.38060987
346440.42204396,4069683.38060987
346440.42204396,4069683.38060987
346440.42204396,4069683.38060987
346440.42204396,4069683.38060987
346440.42204396,4069683.38060987
346440.45718988,4069683.43158331
346440.45718988,4069683.43158331
346440.45718988,4069683.43158331
346440.45718988,4069683.43158331
346440.45718988,4069683.43158331
346440.45718988,4069683.43158331
346440.45718988,4069683.43158331
346440.45718988,4069683.43158331
346440.45718988,4069683.43158331
346440.49057042,4069683.48369827
346440.49057042,4069683.48369827
346440.49057042,4069683.48369827
346440.49057042,4069683.48369827
346440.49057042,4069683.48369827
346440.49057042,4069683.48369827
346440.49057042,4069683.48369827
346440.49057042,4069683.48369827
346440.49057042,4069683.48369827
346440.49057042,4069683.48369827
346440.52506394,4069683.52321561
346440.52506394,4069683.52321561
346440.52506394,4069683.52321561
346440.52506394,4069683.52321561
346440.52506394,4069683.52321561
346440.52506394,4069683.52321561
346440.52506394,4069683.52321561
346440.52506394,4069683.52321561
346440.52506394,4069683.52321561
346440.52506394,4069683.52321561
346440.56240083,4069683.56360667
346440.56240083,4069683.56360667
346440.56240083,4069683.56360667
346440.56240083,4069683.56360667
346440.56240083,4069683.56360667
346440.56240083,4069683.56360667
346440.56240083,4069683.56360667
346440.56240083,4069683.56360667
346440.56240083,4069683.56360667
346440.56240083,4069683.56360667
346440.59918581,4069683.60641219
346440.59918581,4069683.60641219
346440.59918581,4069683.60641219
346440.59918581,4069683.60641219
346440.59918581,4069683.60641219
346440.59918581,4069683.60641219
346440.59918581,4069683.60641219
346440.59918581,4069683.60641219
346440.59918581,4069683.60641219
346440.59918581,4069683.60641219
346440.63514636,4069683.63646995
346440.63514636,4069683.63646995
346440.63514636,4069683.63646995
346440.63514636,4069683.63646995
346440.63514636,4069683.63646995
346440.63514636,4069683.63646995
346440.63514636,4069683.63646995
346440.63514636,4069683.63646995
346440.63514636,4069683.63646995
346440.63514636,4069683.63646995
346440.67030984,4069683.66358261
346440.67030984,4069683.66358261
346440.67030984,4069683.66358261
346440.67030984,4069683.66358261
346440.67030984,4069683.66358261
346440.67030984,4069683.66358261
346440.67030984,4069683.66358261
346440.67030984,4069683.66358261
346440.67030984,4069683.66358261
346440.67030984,4069683.66358261
346440.70391575,4069683.68683900
346440.70391575,4069683.68683900
346440.70391575,4069683.68683900
346440.70391575,4069683.68683900
346440.70391575,4069683.68683900
346440.70391575,4069683.68683900
346440.70391575,4069683.68683900
346440.70391575,4069683.68683900
346440.70391575,4069683.68683900
346440.70391575,4069683.68683900
346440.73792812,4069683.70786850
346440.73792812,4069683.70786850
346440.73792812,4069683.70786850
346440.73792812,4069683.70786850
346440.73792812,4069683.70786850
346440.73792812,4069683.70786850
346440.73792812,4069683.70786850
346440.73792812,4069683.70786850
346440.73792812,4069683.70786850
346440.73792812,4069683.70786850
346440.76703417,4069683.72917116
346440.76703417,4069683.72917116
346440.76703417,4069683.72917116
346440.76703417,4069683.72917116
346440.76703417,4069683.72917116
346440.76703417,4069683.72917116
346440.76703417,4069683.72917116
346440.76703417,4069683.72917116
346440.76703417,4069683.72917116
346440.76703417,4069683.72917116
346440.79240421,4069683.74961615
346440.79240421,4069683.74961615
346440.79240421,4069683.74961615
346440.79240421,4069683.74961615
346440.79240421,4069683.74961615
346440.79240421,4069683.74961615
346440.79240421,4069683.74961615
346440.79240421,4069683.74961615
346440.79240421,4069683.74961615
346440.79240421,4069683.74961615
346440.81623662,4069683.76731432
346440.81623662,4069683.76731432
346440.81623662,4069683.76731432
346440.81623662,4069683.76731432
346440.81623662,4069683.76731432
346440.81623662,4069683.76731432
346440.81623662,4069683.76731432
346440.81623662,4069683.76731432
346440.81623662,4069683.76731432
346440.81623662,4069683.76731432
346440.83622410,4069683.78637634
346440.83622410,4069683.78637634
346440.83622410,4069683.78637634
346440.83622410,4069683.78637634
346440.83622410,4069683.78637634
346440.83622410,4069683.78637634
346440.83622410,4069683.78637634
346440.83622410,4069683.78637634
346440.83622410,4069683.78637634
346440.83622410,4069683.78637634
346440.84461621,4069683.79787828
346440.84461621,4069683.79787828
346440.84461621,4069683.79787828
346440.84461621,4069683.79787828
346440.84461621,4069683.79787828
346440.84461621,4069683.79787828
346440.84461621,4069683.79787828
346440.84461621,4069683.79787828
346440.84461621,4069683.79787828
346440.84461621,4069683.79787828
346440.82216852,4069683.77442132
346440.82216852,4069683.77442132
346440.82216852,4069683.77442132
346440.82216852,4069683.77442132
346440.82216852,4069683.77442132
346440.82216852,4069683.77442132
346440.82216852,4069683.77442132
346440.82216852,4069683.77442132
346440.82216852,4069683.77442132
346440.82216852,4069683.77442132
346440.81396097,4069683.75662726
346440.81396097,4069683.75662726
346440.81396097,4069683.75662726
346440.81396097,4069683.75662726
346440.81396097,4069683.75662726
346440.81396097,4069683.75662726
346440.81396097,4069683.75662726
346440.81396097,4069683.75662726
346440.81396097,4069683.75662726
346440.81396097,4069683.75662726
346440.82469693,4069683.76605245
346440.82469693,4069683.76605245
346440.82469693,4069683.76605245
346440.82469693,4069683.76605245
346440.82469693,4069683.76605245
346440.82469693,4069683.76605245
346440.82469693,4069683.76605245
346440.82469693,4069683.76605245
346440.82469693,4069683.76605245
346440.82469693,4069683.76605245
346440.82471767,4069683.77548529
346440.82471767,4069683.77548529
346440.82471767,4069683.77548529
346440.82471767,4069683.77548529
346440.82471767,4069683.77548529
346440.82471767,4069683.77548529
346440.82471767,4069683.77548529
346440.82471767,4069683.77548529
346440.82471767,4069683.77548529
346440.82471767,4069683.77548529
346440.82246608,4069683.77441597
346440.82246608,4069683.77441597
346440.82246608,4069683.77441597
346440.82246608,4069683.77441597
346440.82246608,4069683.77441597
346440.82246608,4069683.77441597
346440.82246608,4069683.77441597
346440.82246608,4069683.77441597
346440.82246608,4069683.77441597
346440.82246608,4069683.77441597
346440.82283596,4069683.77015513
346440.82283596,4069683.77015513
346440.82283596,4069683.77015513
346440.82283596,4069683.77015513
346440.82283596,4069683.77015513
346440.82283596,4069683.77015513
346440.82283596,4069683.77015513
346440.82283596,4069683.77015513
346440.82283596,4069683.77015513
346440.82283596,4069683.77015513
346440.82283596,4069683.77015513
346440.82334544,4069683.77366030
346440.82334544,4069683.77366030
346440.82334544,4069683.77366030
346440.82334544,4069683.77366030
346440.82334544,4069683.77366030
346440.82334544,4069683.77366030
346440.82334544,4069683.77366030
346440.82334544,4069683.77366030
346440.82334544,4069683.77366030
346440.82543163,4069683.77380777
346440.82543163,4069683.77380777
346440.82543163,4069683.77380777
346440.82543163,4069683.77380777
346440.82543163,4069683.77380777
346440.82543163,4069683.77380777
346440.82543163,4069683.77380777
346440.82543163,4069683.77380777
346440.82543163,4069683.77380777
346440.82543163,4069683.77380777
346440.82332218,4069683.77236597
346440.82332218,4069683.77236597
346440.82332218,4069683.77236597
346440.82332218,4069683.77236597
346440.82332218,4069683.77236597
346440.82332218,4069683.77236597
346440.82332218,4069683.77236597
346440.82332218,4069683.77236597
346440.82332218,4069683.77236597
