346312.81070497027,4069636.181946767,-0.852008347818888,0.00000000
346312.8436286192,4069636.1443165485,-0.8520083462930147,0.00000000
346312.87655226846,4069636.1066863304,-0.8520083473264246,0.00000000
346312.90947591764,4069636.0690561123,-0.8520083472393719,0.00000000
346312.9423995669,4069636.031425894,-0.8520083464027621,0.00000000
346312.97532321606,4069635.9937956757,-0.8520083471931887,0.00000000
346313.0082468653,4069635.9561654576,-0.8520083473714334,0.00000000
346313.0411705145,4069635.9185352395,-0.8520083473803456,0.00000000
346313.07409416366,4069635.880905021,-0.8520083476582377,0.00000000
346313.1070178129,4069635.843274803,-0.8520083493367289,0.00000000
346313.1399414621,4069635.805644585,-0.8520083494206534,0.00000000
346313.1728651113,4069635.7680143663,-0.8520083485925926,0.00000000
346313.2057887605,4069635.730384148,-0.8520083495221698,0.00000000
346313.2387124097,4069635.69275393,-0.8520083495686486,0.00000000
346313.27163605875,4069635.6551237116,-0.8520083483225458,0.00000000
346313.3045597077,4069635.617493493,-0.8520083465956441,0.00000000
346313.3374833569,4069635.579863275,-0.8520083474802793,0.00000000
346313.37040700606,4069635.542233057,-0.8520083473857879,0.00000000
346313.40333065524,4069635.5046028383,-0.8520083462713597,0.00000000
346313.4362543044,4069635.46697262,-0.8520083473253419,0.00000000
346313.4691779536,4069635.429342402,-0.8520083477942106,0.00000000
346313.50210160285,4069635.391712184,-0.8520083487886345,0.00000000
346313.53502525203,4069635.3540819655,-0.8520083475899288,0.00000000
346313.56794890127,4069635.3164517474,-0.8520083472525471,0.00000000
346313.6008725505,4069635.2788215294,-0.8520083469582315,0.00000000
346313.63379619963,4069635.241191311,-0.8520083454176424,0.00000000
346313.66671984864,4069635.2035610927,-0.8520083445082736,0.00000000
346313.6996434979,4069635.165930874,-0.8520083429369316,0.00000000
346313.7325671472,4069635.128300656,-0.8520083416099379,0.00000000
346313.76549079653,4069635.090670438,-0.8520083414048648,0.00000000
346313.7984144459,4069635.05304022,-0.8520083409784415,0.00000000
346313.83133809525,4069635.015410002,-0.8520083408183969,0.00000000
346313.8642617446,4069634.977779784,-0.8520083405329484,0.00000000
346313.8971853941,4069634.9401495657,-0.8520083391315257,0.00000000
346313.9301090435,4069634.902519348,-0.852008338090392,0.00000000
346313.9630326929,4069634.86488913,-0.8520083358188457,0.00000000
346313.99595634243,4069634.827258912,-0.8520083336245021,0.00000000
346314.02887999185,4069634.789628694,-0.8520083308791258,0.00000000
346314.0618036413,4069634.7519984758,-0.8520083272739405,0.00000000
346314.09472729097,4069634.714368258,-0.852008325845172,0.00000000
346314.1276509408,4069634.6767380405,-0.8520083236929674,0.00000000
346314.1605745907,4069634.639107823,-0.8520083219207606,0.00000000
346314.1934982407,4069634.6014776053,-0.8520083198901072,0.00000000
346314.22642189084,4069634.5638473877,-0.8520083177078082,0.00000000
346314.25934554095,4069634.5262171705,-0.852008316350184,0.00000000
346314.2922691911,4069634.488586953,-0.8520083126756631,0.00000000
346314.3251928414,4069634.4509567358,-0.8520083083304045,0.00000000
346314.35811649164,4069634.4133265186,-0.8520083035354393,0.00000000
346314.39104014204,4069634.3756963015,-0.852008298301819,0.00000000
346314.4239637926,4069634.3380660843,-0.8520082915203926,0.00000000
346314.45688744326,4069634.300435867,-0.8520082829969792,0.00000000
346314.4898110941,4069634.2628056505,-0.852008275357447,0.00000000
346314.52273474535,4069634.2251754343,-0.8520082692879822,0.00000000
346314.5556583967,4069634.187545218,-0.8520082620485939,0.00000000
346314.58858204837,4069634.149915002,-0.8520082536410057,0.00000000
346314.62150570046,4069634.112284786,-0.852008244897561,0.00000000
346314.6544293529,4069634.074654571,-0.8520082365534112,0.00000000
346314.6873530056,4069634.0370243555,-0.8520082254549257,0.00000000
346314.72027665837,4069633.99939414,-0.8520082124154034,0.00000000
346314.7532003114,4069633.9617639254,-0.8520081983077669,0.00000000
346314.7861239648,4069633.924133711,-0.8520081815110654,0.00000979
346314.8190476188,4069633.886503497,-0.8520081622216978,0.00001092
346314.8519712733,4069633.8488732832,-0.8520081411431002,0.00001217
346314.88489492843,4069633.8112430703,-0.8520081178942749,0.00001356
346314.917818584,4069633.773612858,-0.8520080920400022,0.00001511
346314.95074224024,4069633.735982646,-0.8520080632810747,0.00001682
346314.98366589757,4069633.6983524347,-0.8520080324348714,0.00001872
346315.016589556,4069633.6607222245,-0.8520079985712806,0.00002082
346315.0495132153,4069633.623092015,-0.8520079606726522,0.00002314
346315.0824368757,4069633.5854618065,-0.8520079157750802,0.00002571
346315.11536053714,4069633.547831599,-0.852007864285262,0.00002855
346315.1482842,4069633.5102013927,-0.8520078062235323,0.00003169
346315.18120786437,4069633.4725711877,-0.8520077406198457,0.00003514
346315.21413153026,4069633.4349409845,-0.8520076667320843,0.00003895
346315.24705519824,4069633.397310782,-0.8520075814714753,0.00004314
346315.2799788689,4069633.359680583,-0.8520074877352468,0.00004774
346315.31290254206,4069633.3220503856,-0.8520073822003433,0.00005279
346315.345826218,4069633.284420191,-0.8520072606778024,0.00005833
346315.3787498973,4069633.246789999,-0.852007125038942,0.00006439
346315.4116735802,4069633.20915981,-0.8520069745449899,0.00007101
346315.4445972673,4069633.171529625,-0.8520068043039384,0.00007824
346315.4775209592,4069633.1338994442,-0.8520066161518743,0.00008611
346315.51044465636,4069633.096269268,-0.8520064062965158,0.00009466
346315.5433683599,4069633.0586390975,-0.8520061719126683,0.00010393
346315.5762920699,4069633.0210089325,-0.8520059074490318,0.00011397
346315.60921578703,4069632.9833787736,-0.8520056084665076,0.00012480
346315.6421395127,4069632.9457486225,-0.8520052764076623,0.00013645
346315.6750632474,4069632.908118479,-0.8520049013570361,0.00014895
346315.7079869924,4069632.870488344,-0.8520044782411531,0.00016231
346315.7409107491,4069632.83285822,-0.8520040045867748,0.00017653
346315.77383451915,4069632.795228108,-0.8520034748602755,0.00019161
346315.806758304,4069632.7575980085,-0.8520028832362136,0.00020753
346315.8396821053,4069632.719967923,-0.8520022183259409,0.00022430
346315.8726059252,4069632.682337854,-0.8520014737338186,0.00024188
346315.9055297661,4069632.6447078036,-0.8520006433138622,0.00026028
346315.9384536304,4069632.6070777737,-0.8519997152452254,0.00027948
346315.9713775207,4069632.5694477665,-0.8519986781167965,0.00029947
346316.00430144,4069632.5318177845,-0.851997517902424,0.00032025
346316.0372253922,4069632.4941878314,-0.8519962215548523,0.00034182
346316.070149381,4069632.4565579104,-0.8519947734401772,0.00036418
346316.1030734105,4069632.418928025,-0.8519931555756153,0.00038735
346316.1359974855,4069632.3812981793,-0.8519913497222765,0.00041134
346316.1689216114,4069632.343668378,-0.8519893337443659,0.00043617
346316.2018457941,4069632.3060386265,-0.8519870839240282,0.00046187
346316.23477004055,4069632.268408931,-0.8519845777127538,0.00048849
346316.267694358,4069632.2307792976,-0.8519817866556408,0.00051607
346316.3006187549,4069632.1931497334,-0.8519786785345552,0.00054467
346316.3335432399,4069632.1555202464,-0.8519752196946623,0.00057438
346316.36646782345,4069632.1178908455,-0.8519713704444706,0.00060526
346316.39939251676,4069632.080261541,-0.8519670905131854,0.00063741
346316.4323173321,4069632.0426323432,-0.8519623328038801,0.00067093
346316.46524228324,4069632.005003264,-0.8519570458554779,0.00070593
346316.49816738546,4069631.9673743173,-0.8519511757692299,0.00074256
346316.53109265567,4069631.929745517,-0.8519446602013611,0.00078097
346316.5640181128,4069631.892116881,-0.8519374374956618,0.00082132
346316.59694377764,4069631.8544884264,-0.851929436319975,0.00086381
346316.6298696728,4069631.8168601734,-0.8519205780612181,0.00090865
346316.6627958238,4069631.7792321444,-0.8519107773611413,0.00095607
346316.6957222584,4069631.741604363,-0.8518999431142342,0.00100635
346316.72864900716,4069631.703976857,-0.851887977269281,0.00105975
346316.76157610334,4069631.666349655,-0.8518747704689216,0.00111660
346316.7945035838,4069631.628722789,-0.8518602086288808,0.00117726
346316.8274314892,4069631.591096295,-0.8518441703541332,0.00124210
346316.8603598641,4069631.553470212,-0.8518265263932429,0.00131154
346316.8932887568,4069631.515844582,-0.8518071357267878,0.00138604
346316.9262182204,4069631.478219452,-0.8517858536954932,0.00146611
346316.95914831286,4069631.440594872,-0.8517625292157673,0.00155230
346316.9920790967,4069631.4029708975,-0.8517370018661932,0.00164518
346317.0250106402,4069631.3653475875,-0.8517091060411646,0.00174542
346317.05794301734,4069631.327725007,-0.851678676986676,0.00185370
346317.090876308,4069631.290103227,-0.8516455459679375,0.00197078
346317.1238105981,4069631.2524823216,-0.8516095448838075,0.00209746
346317.15674597997,4069631.214862372,-0.8515705077449959,0.00223461
346317.1896825525,4069631.177243464,-0.8515282783776301,0.00238315
346317.2226204208,4069631.1396256913,-0.8514827184402225,0.00254407
346317.25555969635,4069631.1020091507,-0.851433707127049,0.00271839
346317.28850049706,4069631.064393946,-0.8513811573865093,0.00290721
346317.32144294697,4069631.0267801853,-0.8513250197815254,0.00311168
346317.3543871755,4069630.9891679822,-0.851265300718018,0.00333297
346317.3873333164,4069630.9515574547,-0.8512020727878478,0.00357231
346317.42028150626,4069630.9139487217,-0.8511354933190334,0.00383094
346317.4532318832,4069630.876341905,-0.8510658259751168,0.00411012
346317.4861845844,4069630.838737125,-0.8509934663834973,0.00441108
346317.5191397443,4069630.8011344997,-0.8509189475816448,0.00473502
346317.55209749023,4069630.763534141,-0.8508428820282014,0.00508309
346317.5850579386,4069630.725936151,-0.8507659054356943,0.00545631
346317.6180211893,4069630.6883406183,-0.8506886198577727,0.00585557
346317.6509873199,4069630.6507476103,-0.8506115464602036,0.00628155
346317.6839563764,4069630.6131571685,-0.8505350610084792,0.00673466
346317.71692837117,4069630.575569304,-0.8504593692865421,0.00721496
346317.7499032925,4069630.537984007,-0.8503845245823942,0.00772261
346317.7828811133,4069630.500401254,-0.8503104539577757,0.00825756
346317.81586179766,4069630.4628210138,-0.8502369806495425,0.00881862
346317.8488453067,4069630.4252432524,-0.8501638322508038,0.00940520
346317.88183160336,4069630.3876679386,-0.8500906588927412,0.01001671
346317.91482065606,4069630.350095044,-0.8500170263623382,0.01065254
346317.94781244243,4069630.3125245497,-0.8499424425599023,0.01131211
346317.9808069532,4069630.2749564485,-0.8498663520072678,0.01199488
346318.0138041942,4069630.237390745,-0.8497881333487767,0.01270035
346318.0468041887,4069630.19982746,-0.8497071075580646,0.01342809
346318.07980697986,4069630.162266632,-0.8496224670516064,0.01417776
346318.1128126341,4069630.1247083205,-0.8495331958415355,0.01494904
346318.1458212412,4069630.087152604,-0.849438623469709,0.01574171
346318.1788329181,4069630.0495995856,-0.8493377985020448,0.01655558
346318.21184781095,4069630.012049394,-0.8492296820769939,0.01739054
346318.24486609624,4069629.9745021863,-0.8491131464862645,0.01824648
346318.2778880009,4069629.936958161,-0.8489870327953486,0.01912335
346318.31091382256,4069629.899417582,-0.8488502260046533,0.02002105
346318.3439437978,4069629.861880657,-0.8487010840986627,0.02093954
346318.37697826046,4069629.824347681,-0.848538046209207,0.02187869
346318.41001759126,4069629.7868189905,-0.848359432204261,0.02283832
346318.44306222175,4069629.7492949665,-0.848163413223218,0.02381811
346318.47611263936,4069629.711776039,-0.8479480121652133,0.02481801
346318.50916939136,4069629.674262693,-0.8477110872019351,0.02583806
346318.5422330894,4069629.636755469,-0.8474503070557848,0.02687615
346318.5753044164,4069629.5992549714,-0.8471631600785383,0.02793111
346318.6083841316,4069629.561761873,-0.8468469260636496,0.02900158
346318.64147307765,4069629.524276921,-0.8464986730602492,0.03008610
346318.67457218637,4069629.4868009426,-0.8461152403980439,0.03118311
346318.7076824866,4069629.4493348515,-0.8456932325486138,0.03229096
346318.7408051126,4069629.4118796573,-0.8452290142409669,0.03340798
346318.7739413109,4069629.3744364697,-0.8447186965446266,0.03453241
346318.8070924494,4069629.3370065093,-0.8441581414530671,0.03566249
346318.8402600264,4069629.299591115,-0.8435429638668165,0.03679639
346318.8734456794,4069629.262191753,-0.8428685343626271,0.03793228
346318.9066511937,4069629.2248100243,-0.8421299938689494,0.03906826
346318.93987851246,4069629.187447676,-0.8413222755015998,0.04020244
346318.973129745,4069629.1501066093,-0.8404401366307199,0.04133284
346319.0064071753,4069629.1127888886,-0.8394781983305529,0.04245799
346319.03971327003,4069629.0754967495,-0.8384310074348299,0.04357550
346319.07305068517,4069629.0382326078,-0.8372931056824289,0.04468308
346319.1064222715,4069629.000999066,-0.8360591308152148,0.04577866
346319.13983107836,4069628.963798919,-0.8347239359365087,0.04686008
346319.17328035395,4069628.9266351582,-0.8332827309995541,0.04792518
346319.20677354396,4069628.889510972,-0.8317312702287318,0.04897176
346319.24031428515,4069628.852429743,-0.8300660759527768,0.04999757
346319.2739063942,4069628.8153950446,-0.8282847036257815,0.05100039
346319.30755385075,4069628.778410627,-0.8263860617656397,0.05197797
346319.34126077284,4069628.7414803994,-0.8243708002952786,0.05292805
346319.3750313849,4069628.704608406,-0.8222417602164775,0.05384842
346319.4088699737,4069628.6677987897,-0.8200045228784033,0.05473688
346319.442780832,4069628.6310557425,-0.8176680214583267,0.05559130
346319.4767681893,4069628.594383447,-0.8152453022933013,0.05640967
346319.5108361242,4069628.5577859953,-0.8127543107939407,0.05719009
346319.54498845676,4069628.521267289,-0.8102110984728378,0.05793161
346319.5792286196,4069628.4848309183,-0.807633018100087,0.05863232
346319.61355949944,4069628.448480006,-0.8050517605239335,0.05929114
346319.6479832512,4069628.4122170242,-0.802487806933411,0.05990757
346319.6825010728,4069628.376043567,-0.7999573689376185,0.06048169
346319.7171129573,4069628.3399600936,-0.7974711515363992,0.06101435
346319.7518191503,4069628.3039673143,-0.7950403000817801,0.06150629
346319.7866192185,4069628.2680652943,-0.7926723399353239,0.06195865
346319.82150898856,4069628.2322504483,-0.7903571894434857,0.06237488
346319.856486311,4069628.1965211094,-0.788091701955447,0.06275722
346319.8915489593,4069628.1608755062,-0.7858715795766048,0.06310787
346319.92669473327,4069628.125311865,-0.7836913986435045,0.06342902
346319.96192153846,4069628.08982849,-0.7815449777728815,0.06372267
346319.9972274453,4069628.0544238226,-0.7794257259845229,0.06399062
346320.0326107314,4069628.01909649,-0.7773269513630066,0.06423436
346320.0680699102,4069627.983845336,-0.7752421607663074,0.06445517
346320.1036037468,4069627.948669441,-0.7731653407638651,0.06465408
346320.1392112623,4069627.9135681316,-0.7710912297492971,0.06483276
346320.1748917288,4069627.87854098,-0.7690156194309409,0.06499201
346320.21064465464,4069627.843587792,-0.7669356410027817,0.06513162
346320.2464697607,4069627.808708588,-0.7648500995100073,0.06525210
346320.28236694745,4069627.773903572,-0.7627598244624102,0.06535393
346320.3183362523,4069627.7391730887,-0.7606626739333614,0.06543759
346320.35437779705,4069627.7045175754,-0.7585543814273595,0.06550356
346320.39049172425,4069627.6699374923,-0.7564608765675547,0.06555240
346320.42667812237,4069627.635433248,-0.7543957299695444,0.06558479
346320.46293693763,4069627.601005103,-0.7523728540612938,0.06560156
346320.49926787015,4069627.5666530607,-0.7504060843438247,0.06560378
346320.5356714199,4069627.532377974,-0.7485135297983766,0.06559206
346320.5721485901,4069627.498181251,-0.7467161030359165,0.06556671
346320.60869386856,4069627.4640573324,-0.745004590625072,0.06553228
346320.64530471386,4069627.4300037757,-0.7433816186367265,0.06549139
346320.6819782548,4069627.3960177517,-0.7418483390676359,0.06544684
346320.7187114139,4069627.362096176,-0.7404042084356871,0.06540158
346320.75550100696,4069627.328235814,-0.7390473204739615,0.06536085
346320.79234381905,4069627.294433365,-0.7377747113013308,0.06532485
346320.8292366648,4069627.260685529,-0.7365825931634187,0.06529626
346320.86617643473,4069627.226989059,-0.7354665377498438,0.06527775
346320.9031601303,4069627.193340802,-0.7344145595489665,0.06527197
346320.9401848907,4069627.1597377323,-0.7334260513961792,0.06528162
346320.97724801337,4069627.1261769766,-0.7324985162525024,0.06530940
346321.01434696984,4069627.092655834,-0.7316258743900231,0.06535805
346321.0514794166,4069627.0591717903,-0.730801590007211,0.06543035
346321.08864320535,4069627.0257225335,-0.7300188315128301,0.06552911
346321.12583787803,4069626.992307622,-0.7292775027717419,0.06565619
346321.1630606238,4069626.9589239866,-0.7285653641178055,0.06581516
346321.20030930534,4069626.9255692936,-0.7278713183815414,0.06600932
346321.23758268775,4069626.8922422067,-0.7271871829775713,0.06624146
346321.27487977286,4069626.858941649,-0.7265047129260539,0.06651438
346321.31219980895,4069626.8256668146,-0.7258155829869481,0.06683321
346321.34954230476,4069626.7924171872,-0.7251115193564881,0.06719925
346321.3869070449,4069626.75919256,-0.7243844338162934,0.06761370
346321.4242941102,4069626.725993057,-0.7236265766078483,0.06807854
346321.4617038754,4069626.692819134,-0.7228305855362528,0.06859530
346321.4991369895,4069626.6596715604,-0.7219794873251514,0.06916498
346321.5365943597,4069626.626551399,-0.7210734102936714,0.06978814
346321.5740771371,4069626.5934599936,-0.7201071904640471,0.07046498
346321.61158670514,4069626.560398958,-0.7190746709627217,0.07119540
346321.6491246687,4069626.5273701656,-0.7179700105223247,0.07197908
346321.686692843,4069626.494375738,-0.7167878168982467,0.07281548
346321.7242953155,4069626.4614204033,-0.7155331993578349,0.07370253
346321.7619327605,4069626.4285050184,-0.7141951489976728,0.07464035
346321.7996073719,4069626.3956321836,-0.7127690878890485,0.07562802
346321.83732172044,4069626.3628049493,-0.7112527831539314,0.07666423
346321.87507851265,4069626.3300265456,-0.7096453271718908,0.07774744
346321.9128805672,4069626.297300356,-0.7079473541547404,0.07887743
346321.95073078584,4069626.2646298883,-0.7061613946859056,0.08005254
346321.9886321167,4069626.232018735,-0.7042922946529252,0.08126944
346322.02658750984,4069626.199470523,-0.7023473998734211,0.08252539
346322.0645998628,4069626.166988855,-0.7003355794763176,0.08381839
346322.1026719543,4069626.1345772306,-0.6982662399070487,0.08514662
346322.14080636506,4069626.102238952,-0.6961371087900345,0.08650844
346322.17900538223,4069626.0699770134,-0.6939538229082968,0.08790249
346322.2172708855,4069626.0377939567,-0.6917334526621107,0.08932772
346322.25560427364,4069626.0056917816,-0.6894787938441642,0.09078340
346322.29400661704,4069625.9736721176,-0.6871895629539209,0.09226897
346322.33247878315,4069625.9417363694,-0.6848634320167691,0.09378386
346322.37102380604,4069625.9098885874,-0.6825077949476819,0.09532585
346322.4096427142,4069625.8781304467,-0.6801196665975042,0.09689403
346322.4483339368,4069625.8464604598,-0.6776815898609735,0.09848927
346322.4870984206,4069625.8148802,-0.6751870265578517,0.10011079
346322.52593726176,4069625.783391445,-0.6726300218931762,0.10175779
346322.56485172996,4069625.7519962094,-0.6700050197900295,0.10343200
346322.6038432797,4069625.720696767,-0.6673072058210029,0.10513143
346322.6429135516,4069625.689495655,-0.6645328878209462,0.10685405
346322.6820643631,4069625.6583956694,-0.6616799242392044,0.10859909
346322.7212976889,4069625.627399848,-0.6587482040624961,0.11036577
346322.7606156303,4069625.596511433,-0.6557385537468309,0.11215325
346322.80002037267,4069625.565733827,-0.6526217314945042,0.11396100
346322.83951413,4069625.535070523,-0.649439565493413,0.11578871
346322.87909907545,4069625.504525019,-0.6462026736221661,0.11763405
346322.91877725633,4069625.4741007076,-0.6429196486880179,0.11949572
346322.95855049137,4069625.443800741,-0.6395974863322617,0.12137241
346322.99842055695,4069625.413628272,-0.6362421919933186,0.12326263
346323.0383950035,4069625.383594232,-0.6328892643003968,0.12516044
346323.07846762124,4069625.3536913353,-0.6295020334866837,0.12706945
346323.1186388173,4069625.323921028,-0.6260734304783101,0.12898808
346323.1589089797,4069625.2942847544,-0.6225962675541515,0.13091416
346323.1992785679,4069625.264784081,-0.6190622584209703,0.13284534
346323.2397481837,4069625.235420795,-0.6154624341668028,0.13478246
346323.2803186227,4069625.2061969857,-0.6117876395908057,0.13671794
346323.32099091006,4069625.1771151,-0.6080290273561084,0.13864826
346323.36176632077,4069625.1481779837,-0.6041785935214008,0.14056978
346323.4026463856,4069625.119388903,-0.6001944777745176,0.14247871
346323.4436328834,4069625.090751543,-0.5960884331569468,0.14437172
346323.48472781805,4069625.0622699936,-0.5918753310828833,0.14624464
346323.5259333818,4069625.0339487055,-0.5875590201479961,0.14809348
346323.56725190283,4069625.0057924306,-0.5831477926029979,0.14991455
346323.6086857745,4069624.9778061262,-0.5786563876932923,0.15170436
346323.650243538,4069624.950004107,-0.5741398287303259,0.15345488
346323.6919241595,4069624.9223866607,-0.5696045215625475,0.15516557
346323.7337268053,4069624.8949543266,-0.5650574489355268,0.15683602
346323.7756527962,4069624.867710934,-0.560519095261899,0.15846436
346323.8177027306,4069624.840659286,-0.5560068665884401,0.16004949
346323.8598762323,4069624.8138007186,-0.5515319963647802,0.16159307
346323.9021721535,4069624.787135369,-0.5470999149317606,0.16309595
346323.94458882645,4069624.7606625287,-0.5427112101966904,0.16455712
346323.9871242688,4069624.734380942,-0.5383624969324822,0.16597794
346324.02977635345,4069624.7082890645,-0.5340471956371592,0.16735983
346324.0725429447,4069624.6823852765,-0.5297332277234184,0.16870413
346324.11542200623,4069624.656668062,-0.5254080589725499,0.17001273
346324.1584116863,4069624.6311361543,-0.5210815969496247,0.17128619
346324.2015103814,4069624.6057886584,-0.5167414412591279,0.17252535
346324.2447167818,4069624.5806251424,-0.5123739554066002,0.17373100
346324.28802990145,4069624.5556457094,-0.5079658679243575,0.17490373
346324.3314526789,4069624.530857357,-0.5035278988027815,0.17604097
346324.3749847841,4069624.5062615406,-0.4990509556830112,0.17714298
346324.4186227329,4069624.4818540653,-0.49450448813288583,0.17821284
346324.4623669157,4069624.457637558,-0.4898825357450183,0.17925435
346324.5062179761,4069624.4336151765,-0.48518402987352444,0.18026397
346324.5501767551,4069624.4097905275,-0.480412690175363,0.18124102
346324.59424422315,4069624.3861675607,-0.4755769450311793,0.18218513
346324.6384213972,4069624.3627504283,-0.47068810094702057,0.18309582
346324.6827092411,4069624.3395433035,-0.46575851861345546,0.18397258
346324.72710854706,4069624.316550155,-0.460799833405375,0.18481485
346324.7716197985,4069624.293774469,-0.45582118503719365,0.18562223
346324.81624300923,4069624.271218907,-0.4507911197703705,0.18639457
346324.86097769195,4069624.2488852087,-0.4457245663714065,0.18713281
346324.9058230602,4069624.2267745524,-0.44063538461569585,0.18783731
346324.9507781885,4069624.2048878563,-0.4355162566305622,0.18850740
346324.99584213854,4069624.183226027,-0.4303566709379024,0.18914620
346325.04101405514,4069624.1617901586,-0.42514463182997486,0.18975240
346325.0862980635,4069624.140592079,-0.4199038055782549,0.19031923
346325.1316912453,4069624.1196288713,-0.41460653450638757,0.19084867
346325.1771909463,4069624.098897973,-0.40922312032580005,0.19134263
346325.2227971879,4069624.078402609,-0.40374377472155365,0.19180055
346325.26851021626,4069624.058146624,-0.3981624848317576,0.19222178
346325.3143304741,4069624.038134455,-0.3924771640072235,0.19260560
346325.36025855906,4069624.0183710693,-0.38669074676964904,0.19295120
346325.4062951649,4069623.9988618596,-0.3808124812072339,0.19325778
346325.45244100987,4069623.9796124985,-0.37485940098573445,0.19352456
346325.49869674735,4069623.960628744,-0.36885762294701024,0.19375081
346325.5450628603,4069623.9419161836,-0.3628355056103686,0.19393847
346325.5915395391,4069623.923479917,-0.3567728100370494,0.19408723
346325.63812653953,4069623.905324163,-0.3507634915993066,0.19419699
346325.68482302217,4069623.887451776,-0.34484219062474103,0.19426569
346325.73162736924,4069623.869863665,-0.33903416807859105,0.19429443
346325.7785370231,4069623.8525582156,-0.3333551331196622,0.19428526
346325.82554919156,4069623.8355330573,-0.32781666113948,0.19424049
346325.87266603933,4069623.8187997886,-0.32247543472620094,0.19415631
346325.9198770968,4069623.8023343664,-0.31726870173301164,0.19404464
346325.9671785529,4069623.7861305987,-0.31218586897577316,0.19390966
346326.01456668525,4069623.7701821923,-0.3072164145079062,0.19375577
346326.0620379356,4069623.7544829855,-0.3023480177199023,0.19358754
346326.1095889626,4069623.7390271337,-0.29756712365105276,0.19340963
346326.15721667645,4069623.723809252,-0.2928595530706757,0.19322779
346326.2049182599,4069623.7088245223,-0.28821108143468616,0.19305015
346326.25269117585,4069623.694068766,-0.28360800425214716,0.19287725
346326.3005331661,4069623.6795384903,-0.2790108242008295,0.19271372
346326.3484422407,4069623.6652309024,-0.2744030055506061,0.19256647
346326.39641666,4069623.6511439006,-0.26980554513052574,0.19243854
346326.4444549103,4069623.6372760404,-0.2652142410457769,0.19233283
346326.4925556738,4069623.623626475,-0.26062734330661247,0.19225290
346326.5407177919,4069623.610194865,-0.25604771177906827,0.19220178
346326.5889424432,4069623.596989449,-0.25150858481465865,0.19217837
346326.6372288744,4069623.5840118313,-0.24702386978315166,0.19218396
346326.6855735929,4069623.571253212,-0.24257267873734112,0.19222386
346326.7339755729,4069623.5587137025,-0.23816126287157086,0.19229901
346326.7824336575,4069623.546392886,-0.2337946332052136,0.19241007
346326.8309464857,4069623.534289484,-0.22947367065736035,0.19256177
346326.879512567,4069623.5224016015,-0.22519553313977025,0.19275474
346326.9281303635,4069623.5107270223,-0.22095446563728144,0.19298612
346326.9767983522,4069623.4992634505,-0.21668665593128747,0.19325697
346327.0255150702,4069623.4880087054,-0.21242835486653117,0.19356849
346327.07427914685,4069623.47696087,-0.20817690479994325,0.19392201
346327.12308932486,4069623.4661184107,-0.20392143434298743,0.19432056
346327.17194447166,4069623.4554802603,-0.199650934974466,0.19476571
346327.2208435837,4069623.445045874,-0.19535517658332263,0.19525752
346327.26978934865,4069623.434832545,-0.19108117670466707,0.19579032
346327.318777744,4069623.4248258774,-0.18677632135912473,0.19637204
346327.36780774925,4069623.4150252985,-0.18242853427432174,0.19700485
346327.41687881376,4069623.4054325675,-0.17803681893345805,0.19768995
346327.4659904415,4069623.396049836,-0.17360444817106055,0.19843413
346327.5151421647,4069623.386879546,-0.169139265851907,0.19923465
346327.5643335139,4069623.3779242905,-0.16460777433219914,0.20008832
346327.6135639848,4069623.3691866454,-0.16003796654333607,0.20099385
346327.66283300315,4069623.360668965,-0.155469241513626,0.20194930
346327.7121398865,4069623.3523731353,-0.1509125700063853,0.20295224
346327.76148380403,4069623.344300277,-0.14637398938300902,0.20400012
346327.81086373964,4069623.336450441,-0.1418544340595455,0.20509060
346327.8602806652,4069623.328836804,-0.13739493000598263,0.20621576
346327.9097323765,4069623.321452699,-0.13297299006043378,0.20737595
346327.9592163963,4069623.3142886055,-0.12855188675078427,0.20857530
346328.00873160345,4069623.3073435724,-0.1241196164262699,0.20981088
346328.0582769352,4069623.3006169754,-0.11966446512669164,0.21107983
346328.1078513961,4069623.294108632,-0.11517427593219536,0.21238268
346328.1574540617,4069623.28781889,-0.11059983464138304,0.21371980
346328.2070840769,4069623.2817486892,-0.10592844248798895,0.21508553
346328.2567406498,4069623.2758995984,-0.10118409322655846,0.21647844
346328.3064230423,4069623.270273829,-0.09636041325256973,0.21789703
346328.35613055696,4069623.2648742213,-0.09145249639876289,0.21933971
346328.4058625214,4069623.259704208,-0.08645946032643319,0.22080466
346328.455619393,4069623.2547794003,-0.08142084154875585,0.22228507
346328.50540028646,4069623.2501039635,-0.07634230959008491,0.22377864
346328.5552033701,4069623.2456717244,-0.07119478936501246,0.22528692
346328.6050278401,4069623.241487273,-0.06598088482346752,0.22680661
346328.65487280244,4069623.237554891,-0.060702426606447264,0.22833401
346328.7047372527,4069623.233878209,-0.055357336129680246,0.22986510
346328.75462009996,4069623.2304603895,-0.04993972918392507,0.23139876
346328.8045201938,4069623.2273044107,-0.04442530119899003,0.23293313
346328.854436341,4069623.2244133083,-0.038752140436154506,0.23445766
346328.9043673152,4069623.221790379,-0.032964687004926135,0.23596787
346328.95431185886,4069623.219439349,-0.027050574713836394,0.23745924
346329.0042686793,4069623.2173645105,-0.020994250254370884,0.23892722
346329.0542364394,4069623.2155708233,-0.014780355193368455,0.24036725
346329.10421387403,4069623.2140688146,-0.008409899155999876,0.24177282
346329.1541997396,4069623.2128806557,-0.0019209485674085082,0.24313308
346329.2041917984,4069623.211994603,0.004753832043199008,0.24445096
346329.2541883247,4069623.211418949,0.011622436738152607,0.24572169
346329.3041874432,4069623.2111626575,0.018685464000329416,0.24694048
346329.35418710794,4069623.211235242,0.025937717253179064,0.24810466
346329.40418508434,4069623.211646611,0.03336714910239729,0.24920862
346329.4541789367,4069623.2124068607,0.040953843609737604,0.25024628
346329.50416602317,4069623.2135260254,0.04493706182069145,0.25121301
346329.55414350034,4069623.2150137667,0.052614287666222705,0.25210615
346329.6041083423,4069623.2168790027,0.05672800735816945,0.25292185
346329.65405737626,4069623.219129475,0.06464172198372871,0.25365445
346329.7039873391,4069623.2217712332,0.06890017724674898,0.25430092
346329.7538949539,4069623.22480813,0.07694942192553529,0.25485901
346329.8037755701,4069623.2282612626,0.08510262467832956,0.25531957
346329.85362548893,4069623.2321313727,0.09318107895486537,0.25568131
346329.90344253904,4069623.236402231,0.10129262797232774,0.25594957
346329.95322338236,4069623.2410750566,0.10555799226717998,0.25612293
346330.0029646085,4069623.2461514217,0.11355070354793753,0.25620215
346330.05266270484,4069623.251633407,0.12179424680743313,0.25618322
346330.1023140284,4069623.257523694,0.13012683851482862,0.25606442
346330.15191478294,4069623.263825578,0.1385508756706147,0.25584392
346330.20146100357,4069623.2705429234,0.14707399197675292,0.25551978
346330.25094855385,4069623.2776800375,0.15569965914340764,0.25509372
346330.3003731374,4069623.285241479,0.1644249923724985,0.25456049
346330.3497303306,4069623.293231782,0.17349880486407346,0.25391777
346330.3990156413,4069623.301655086,0.1827718412729036,0.25316381
346330.4482196059,4069623.3105415856,0.1918093101725054,0.25228646
346330.4973399714,4069623.3198784566,0.20066533022457766,0.25129062
346330.5463752514,4069623.329651544,0.20529010043162504,0.25018178
346330.5953224772,4069623.339855937,0.21375433835869428,0.24896174
346330.64417936257,4069623.3504841183,0.22224238483424355,0.24763562
346330.6929442323,4069623.3615266657,0.23053749537277965,0.24620474
346330.74161594565,4069623.372972845,0.23861231649074013,0.24467314
346330.7901938151,4069623.3848111066,0.24645682792045415,0.24304508
346330.83867752494,4069623.397029495,0.25406832361633286,0.24132791
346330.88706705277,4069623.4096159833,0.2614496066255726,0.23952489
346330.93536259484,4069623.4225587384,0.2686076795051382,0.23763871
346330.983564499,4069623.43584632,0.2755526780039617,0.23567387
346331.0316732062,4069623.4494678276,0.2824799406805772,0.23363487
346331.0796864786,4069623.4634222416,0.289391922884112,0.23152229
346331.12760213175,4069623.4777081385,0.29576823267061186,0.22933706
346331.17542605294,4069623.4922978957,0.30196895843088833,0.22709127
346331.22315866966,4069623.507183455,0.308021693613542,0.22478958
346331.27080039517,4069623.5223572697,0.31393480884447383,0.22243834
346331.318351657,4069623.5378121724,0.3197123043959585,0.22003918
346331.3658129425,4069623.5535412026,0.325353668117214,0.21759627
346331.4131848636,4069623.569537391,0.3308530726985399,0.21511651
346331.4604682426,4069623.5857935078,0.3361982962491031,0.21260450
346331.5076642215,4069623.60230176,0.341374663933142,0.21006292
346331.55477430666,4069623.61905369,0.3463741420177425,0.20749721
346331.60180025833,4069623.6360405153,0.35119446549944583,0.20491299
346331.6487439951,4069623.6532533984,0.3560888163455802,0.20231587
346331.695602877,4069623.670696024,0.36071581884999226,0.19970595
346331.74238077056,4069623.688354609,0.3650057235455869,0.19709105
346331.78908276214,4069623.706212862,0.3691383455263465,0.19448021
346331.83571068104,4069623.724263569,0.3731342966010351,0.19188174
346331.88226621784,4069623.7425001147,0.37700661638046784,0.18929929
346331.9287509046,4069623.7609164976,0.3807680318721986,0.18673620
346331.9751661028,4069623.7795073283,0.38443094197120586,0.18419707
346332.02151299955,4069623.798267812,0.3880069669590234,0.18168723
346332.06779261224,4069623.817193707,0.3915066681576656,0.17921412
346332.1140058008,4069623.836281272,0.39493912272352627,0.17677721
346332.1601532894,4069623.8555271947,0.39831145827961834,0.17437984
346332.2062356977,4069623.874928497,0.4018135667584462,0.17202514
346332.2522497548,4069623.894491384,0.4051931903889119,0.16971200
346332.298197546,4069623.9142093663,0.4083900378825506,0.16744509
346332.3440822389,4069623.934073686,0.41151380435064167,0.16523112
346332.3899047204,4069623.95408106,0.4145651334960187,0.16307615
346332.43566600914,4069623.974227982,0.41754194973511505,0.16097925
346332.4813671984,4069623.9945108574,0.4204443835699759,0.15894342
346332.5270094068,4069624.0149261137,0.423274558007095,0.15697134
346332.57259373623,4069624.035470292,0.4260362885267031,0.15506523
346332.6181212356,4069624.0561401225,0.42873470064347335,0.15322660
346332.66359287174,4069624.076932582,0.4313758737248465,0.15146053
346332.7090095064,4069624.0978449355,0.43396662372057887,0.14976744
346332.7543718777,4069624.118874767,0.436517797970085,0.14814385
346332.7996805081,4069624.140020169,0.43924024617266033,0.14658984
346332.8449312113,4069624.1612892505,0.4417299830522268,0.14510086
346332.8901290691,4069624.182670369,0.4441900918015052,0.14368182
346332.93527421413,4069624.204162539,0.44663620023927025,0.14233476
346332.98036666034,4069624.225765038,0.4490735742063178,0.14105834
346333.02540632413,4069624.2474773563,0.45150556430926775,0.13985212
346333.07039305364,4069624.2692991323,0.4539337996813424,0.13871648
346333.1153266654,4069624.2912300727,0.4563577877859344,0.13765190
346333.1602069911,4069624.313269858,0.4587744731410427,0.13665894
346333.2050339347,4069624.3354180246,0.4611800978405524,0.13573817
346333.24980748707,4069624.3576739407,0.4635736270738446,0.13489611
346333.29452766303,4069624.380036935,0.46595643053082186,0.13412975
346333.33919444756,4069624.402506405,0.46833313997366083,0.13343569
346333.38380772126,4069624.4250819627,0.47091220371118414,0.13281242
346333.4283623812,4069624.44777298,0.4733027684050974,0.13225299
346333.47286288417,4069624.470569996,0.47569760200205774,0.13175900
346333.5173086495,4069624.493473523,0.4781142333873014,0.13132679
346333.5616989015,4069624.5164844384,0.48056164681393954,0.13095230
346333.60603265936,4069624.5396039947,0.48304860336288324,0.13063109
346333.65030872973,4069624.562833825,0.485583658145229,0.13035852
346333.69452570705,4069624.5861759335,0.4881750032232408,0.13012976
346333.738681978,4069624.609632675,0.49083024746619947,0.12993992
346333.7827757327,4069624.633206729,0.4935560297626326,0.12978408
346333.82680498256,4069624.656901051,0.49635779934105934,0.12965945
346333.8707675873,4069624.68071882,0.499239354764737,0.12956310
346333.9146612898,4069624.7046633624,0.5022428048860685,0.12948604
346333.9584827393,4069624.7287399187,0.5055263941823729,0.12942285
346334.002224535,4069624.75296088,0.5086724306836996,0.12936485
346334.045890071,4069624.777319007,0.5118809186702434,0.12931298
346334.08947713167,4069624.8018172425,0.5151627774957347,0.12926324
346334.1329834471,4069624.8264585515,0.5185212412597379,0.12921177
346334.17640664807,4069624.8512460035,0.5219602911383864,0.12915462
346334.2197442318,4069624.8761828216,0.5254847952825852,0.12908766
346334.26299353846,4069624.9012724194,0.5290999717662108,0.12900657
346334.3061517382,4069624.9265184123,0.5328110135948825,0.12890687
346334.349215829,4069624.951924613,0.5366225908667684,0.12878398
346334.39218264626,4069624.977495006,0.5405384586864684,0.12863622
346334.4350488841,4069625.0032337024,0.5445609052988306,0.12845776
346334.47781112866,4069625.029144876,0.5489654537229653,0.12824214
346334.52045832,4069625.055245012,0.5533685402720268,0.12797884
346334.5629901518,4069625.0815326534,0.557734479368909,0.12766647
346334.605406823,4069625.108005629,0.5621786055407398,0.12730423
346334.6477052853,4069625.1346670017,0.5666903881610851,0.12688879
346334.6898829079,4069625.161519079,0.5712471424037592,0.12641736
346334.7319376569,4069625.1885631606,0.5758187888013949,0.12588780
346334.7738683079,4069625.21579925,0.5803772573949796,0.12529874
346334.815674398,4069625.2432261733,0.5849022353430922,0.12464957
346334.85735602345,4069625.270841927,0.5893798265636591,0.12394015
346334.89891367836,4069625.2986439522,0.5938010409519195,0.12317286
346334.94034812925,4069625.326629343,0.5982450238246229,0.12234726
346334.9816578057,4069625.354798664,0.6028819094948128,0.12146055
346335.022836124,4069625.3831596416,0.6071050772950491,0.12050746
346335.06389488705,4069625.4116933495,0.6112398251287728,0.11949665
346335.10483542795,4069625.440396372,0.6152988550909861,0.11842871
346335.1456592252,4069625.4692651634,0.6192765703919851,0.11730430
346335.1863679859,4069625.4982959325,0.623162643952462,0.11612426
346335.226963766,4069625.5274844845,0.6269475948974685,0.11488970
346335.26744894224,4069625.55682627,0.630625337761774,0.11360201
346335.3078261116,4069625.586316532,0.6341929011292476,0.11226280
346335.34809800243,4069625.615950431,0.6376499444675745,0.11087379
346335.3882673969,4069625.6457231534,0.6409982632278968,0.10943687
346335.42833706574,4069625.6756299916,0.6442414932134689,0.10795631
346335.4683097124,4069625.705666419,0.6475528643403599,0.10643152
346335.5081825745,4069625.7358351923,0.6506491663695232,0.10486053
346335.5479621658,4069625.7661268204,0.653592383767224,0.10324813
346335.58765266446,4069625.796535069,0.6564542779055665,0.10159743
346335.62725609896,4069625.827056608,0.6592445453081727,0.09991003
346335.6667743271,4069625.85768838,0.6619691114455907,0.09818737
346335.7062090541,4069625.8884275695,0.6646326221302803,0.09643081
346335.74556186533,4069625.9192715576,0.6672380904615042,0.09464156
346335.7848342751,4069625.9502178538,0.6697863021405476,0.09282074
346335.8240277947,4069625.981264007,0.672275088450261,0.09096943
346335.8631440253,4069626.0124074873,0.6746985680741686,0.08908881
346335.9021847758,4069626.0436455416,0.6770461321482916,0.08718023
346335.94115221413,4069626.0749750077,0.6793050538180415,0.08524774
346335.98004893266,4069626.1063922397,0.6814656860322904,0.08329096
346336.0188778459,4069626.137893242,0.683521268081888,0.08131224
346336.0576421021,4069626.1694737817,0.6854675311740159,0.07931415
346336.09634500643,4069626.2011294873,0.6873022442267656,0.07729946
346336.1349899554,4069626.2328559235,0.6890249686117562,0.07527110
346336.1735803807,4069626.2646486615,0.690636712131131,0.07323209
346336.212119702,4069626.2965033324,0.6921396226868617,0.07118553
346336.25061128964,4069626.3284156695,0.6935367775545555,0.06913458
346336.28905843204,4069626.360381541,0.694831993730836,0.06708239
346336.32746431243,4069626.3923969776,0.6960295869152939,0.06503209
346336.3658319891,4069626.4244581894,0.6971342772501733,0.06298676
346336.404164382,4069626.456561579,0.6981593954633203,0.06094987
346336.4424639801,4069626.4887040867,0.6990983949752914,0.05892641
346336.480733525,4069626.52088237,0.6999515693437732,0.05691657
346336.5189757475,4069626.553093119,0.7007322158463827,0.05492311
346336.5571929363,4069626.585333566,0.7014456398133194,0.05294848
346336.5953872282,4069626.617601135,0.7020966381242076,0.05099506
346336.633560612,4069626.6498934356,0.7026898125872646,0.04906517
346336.6717149325,4069626.682208258,0.703229563159472,0.04716107
346336.7098518967,4069626.714543563,0.7037200603264298,0.04528500
346336.74797307956,4069626.7468974707,0.7041653019369818,0.04343913
346336.7860799306,4069626.779268258,0.7045689938035538,0.04162563
346336.8241737815,4069626.8116543423,0.7049346304254408,0.03984660
346336.8622558533,4069626.844054277,0.7052654643117486,0.03810408
346336.9003272633,4069626.876466739,0.705564546616936,0.03640327
346336.938389032,4069626.9088905226,0.7058346692606117,0.03474465
346336.97644209035,4069626.9413245283,0.7060784408825455,0.03312845
346337.014487286,4069626.9737677565,0.7062982781535241,0.03155620
346337.05252538965,4069627.0062193,0.7064963572366578,0.03002918
346337.09055710153,4069627.0386783336,0.7066747365614232,0.02854838
346337.1285830565,4069627.0711441115,0.7068352711528695,0.02711439
346337.16660382977,4069627.103615958,0.7069796160783802,0.02572744
346337.204619943,4069627.1360932593,0.707109369190419,0.02438753
346337.242631867,4069627.1685754643,0.707225910938255,0.02309443
346337.2806400278,4069627.2010620725,0.7073305591108736,0.02184782
346337.31864480895,4069627.2335526343,0.7074244606516202,0.02064827
346337.3566465573,4069627.266046743,0.7075086940004338,0.01949825
346337.3946455853,4069627.2985440334,0.7075841944949728,0.01839303
346337.43264217436,4069627.331044175,0.7076518550975673,0.01733202
346337.47063657775,4069627.363546872,0.7077124560283777,0.01631456
346337.5086290234,4069627.396051857,0.70776672797604,0.01533991
346337.54661971587,4069627.4285588916,0.7078153084505309,0.01440717
346337.5846088389,4069627.4610677604,0.7078587568942618,0.01351534
346337.62259655795,4069627.493578269,0.7078976293460321,0.01266335
346337.66058302135,4069627.5260902457,0.7079323712778959,0.01185008
346337.6985683621,4069627.5586035335,0.707963425540748,0.01107438
346337.7365526993,4069627.5911179935,0.7079911789513341,0.01033512
346337.7745361399,4069627.623633501,0.7080159725684307,0.00963123
346337.8125187796,4069627.6561499448,0.7080381106160275,0.00896362
346337.8505007038,4069627.688667224,0.7080578686168693,0.00832979
346337.8884819894,4069627.7211852483,0.7080755067443865,0.00772814
346337.9264627053,4069627.753703939,0.7080912412027842,0.00715785
346337.9644429127,4069627.786223223,0.7081052800189758,0.00661816
346338.00242266664,4069627.818743037,0.7081177957691043,0.00610841
346338.040402016,4069627.8512633233,0.7081289523106813,0.00562793
346338.07838100486,4069627.8837840306,0.7081388981854632,0.00517612
346338.11635967233,4069627.916305113,0.7081477686944293,0.00475236
346338.15433805325,4069627.9488265305,0.7081556593665428,0.00435603
346338.19231617905,4069627.9813482454,0.7081627016597067,0.00398641
346338.2302940774,4069628.013870226,0.7081689798743729,0.00364267
346338.26827177306,4069628.046392444,0.7081745613202224,0.00332384
346338.30624928826,4069628.0789148724,0.7081795266171552,0.00302884
346338.34422664286,4069628.111437488,0.7081839498567876,0.00275650
346338.38220385485,4069628.1439602706,0.7081878716772629,0.00250562
346338.4201809398,4069628.176483201,0.7081913910514873,0.00227498
346338.4581579113,4069628.2090062643,0.7081944982771078,0.00206333
346338.49613478215,4069628.2415294447,0.708197280212203,0.00186946
346338.53411156335,4069628.2740527303,0.708199740708371,0.00169217
346338.5720882649,4069628.3065761086,0.7082019236297072,0.00153028
346338.61006489606,4069628.3390995692,0.7082038522770844,0.00138267
346338.6480414648,4069628.3716231026,0.7082055676445027,0.00124827
346338.6860179781,4069628.4041467006,0.7082070981705972,0.00112605
346338.72399444197,4069628.4366703564,0.7082084659111455,0.00101514
346338.7619708617,4069628.469194064,0.7082096784434372,0.00091458
346338.79994724214,4069628.501717817,0.7082107591838074,0.00082343
346338.8379235879,4069628.534241611,0.7082117030570483,0.00074089
346338.87589990295,4069628.5667654406,0.7082125410055962,0.00066621
346338.913876191,4069628.599289302,0.7082132906486136,0.00059871
346338.951852455,4069628.6318131913,0.7082139408659534,0.00053775
346338.98982869764,4069628.664337105,0.7082145364570374,0.00048274
346339.0278049214,4069628.6968610417,0.708215049659087,0.00043314
346339.0657811283,4069628.7293849974,0.7082155162806418,0.00038844
346339.1037573202,4069628.761908971,0.7082159328309737,0.00034820
346339.1417334988,4069628.79443296,0.7082162945737999,0.00031199
346339.17970966554,4069628.8269569627,0.7082166161509647,0.00027943
346339.2176858219,4069628.8594809775,0.7082169093308618,0.00025017
346339.25566196884,4069628.8920050035,0.7082171687013774,0.00022388
346339.2936381074,4069628.9245290393,0.7082174021506266,0.00020028
346339.3316142385,4069628.957053084,0.7082176011949004,0.00017911
346339.3695903631,4069628.989577136,0.7082177764463184,0.00016012
346339.40756648197,4069629.0221011946,0.7082179337166156,0.00014309
346339.4455425959,4069629.0546252592,0.7082180634535181,0.00012783
346339.48351870535,4069629.0871493286,0.7082182016566085,0.00011417
346339.5214948107,4069629.1196734034,0.7082183076481479,0.00010194
346339.5594709124,4069629.152197482,0.70821840699333,0.00009099
346339.5974470108,4069629.1847215644,0.7082185024092077,0.00008119
346339.63542310626,4069629.2172456505,0.708218584434124,0.00007243
346339.67339919927,4069629.24976974,0.7082186427521471,0.00006460
346339.71137529006,4069629.282293831,0.7082187104470722,0.00005760
346339.7493513789,4069629.314817925,0.7082187622934161,0.00005135
346339.78732746595,4069629.347342021,0.7082188111891383,0.00004576
346339.82530355145,4069629.3798661185,0.7082188503398219,0.00004078
346339.8632796356,4069629.4123902177,0.708218887564458,0.00003632
346339.90125571855,4069629.444914318,0.7082189218152012,0.00003235
346339.9392318005,4069629.47743842,0.7082189551978516,0.00002881
346339.9772078815,4069629.5099625234,0.7082189736584691,0.00002565
346340.0151839617,4069629.542486627,0.7082189973735037,0.00002283
346340.05316004116,4069629.575010732,0.708219021351259,0.00002031
346340.09113611985,4069629.6075348374,0.7082190371834387,0.00001807
346340.1291121979,4069629.6400589435,0.7082190667675694,0.00001608
346340.16708827525,4069629.672583051,0.7082190718437651,0.00001430
346340.2050643523,4069629.7051071585,0.7082190845726735,0.00001272
346340.2430404289,4069629.7376312665,0.7082190962454218,0.00001131
346340.28101650515,4069629.770155375,0.708219107865362,0.00001005
346340.31899258104,4069629.802679484,0.7082191187632639,0.00000893
346340.35696865665,4069629.835203593,0.7082191303444618,0.00000794
346340.3949447319,4069629.867727703,0.7082191352399092,0.00000705
346340.4329208068,4069629.900251813,0.7082191429239948,0.00000627
346340.47089688166,4069629.932775923,0.7082191454663929,0.00000557
346340.5088729563,4069629.9653000333,0.7082191551910197,0.00000494
346340.54684903077,4069629.997824144,0.7082191571160468,0.00000439
346340.5848251051,4069630.030348255,0.708219158651094,0.00000390
346340.6228011793,4069630.0628723656,0.7082191676059554,0.00000346
346340.66077725333,4069630.095396477,0.7082191702118923,0.00000307
346340.6987533272,4069630.127920588,0.7082191689033933,0.00000273
346340.73672940116,4069630.160444699,0.7082191702767642,0.00000242
346340.774705475,4069630.1929688104,0.7082191710648307,0.00000215
346340.8126815488,4069630.2254929217,0.7082191718236319,0.00000191
346340.85065762256,4069630.258017033,0.7082191785814872,0.00000169
346340.8886336963,4069630.2905411446,0.7082191810775738,0.00000150
346340.9266097699,4069630.3230652562,0.7082191833605719,0.00000133
346340.96458584326,4069630.355589368,0.7082191820359259,0.00000118
346341.0025619168,4069630.3881134796,0.7082191812502957,0.00000105
346341.04053799034,4069630.4206375913,0.7082191819304121,0.00000093
346341.07851406385,4069630.453161703,0.7082191819644179,0.00000083
346341.11649013736,4069630.4856858146,0.7082191819661182,0.00000073
346341.15446621086,4069630.5182099263,0.7082191834049991,0.00000065
346341.19244228426,4069630.550734038,0.7082191909162562,0.00000058
346341.2304183576,4069630.58325815,0.708219183852506,0.00000051
346341.268394431,4069630.615782262,0.7082191827799206,0.00000045
346341.30637050443,4069630.6483063735,0.7082191827262914,0.00000040
346341.3443465779,4069630.680830485,0.7082191901629229,0.00000036
346341.3823226513,4069630.7133545973,0.7082191838148393,0.00000032
346341.42029872467,4069630.745878709,0.7082191842168332,0.00000028
346341.458274798,4069630.7784028207,0.7082191923956439,0.00000025
346341.4962508712,4069630.810926933,0.7082191839264754,0.00000022
346341.5342269446,4069630.8434510445,0.7082191902229321,0.00000020
346341.572203018,4069630.8759751567,0.7082191838178398,0.00000017
346341.6101790914,4069630.9084992683,0.7082191834975852,0.00000015
346341.6481551648,4069630.94102338,0.7082191902014876,0.00000014
346341.6861312382,4069630.973547492,0.7082191845361655,0.00000012
346341.7241073115,4069631.006071604,0.7082191924116105,0.00000011
346341.76208338473,4069631.038595716,0.7082191846466717,0.00000009
346341.80005945807,4069631.0711198277,0.7082191835390268,0.00000008
346341.83803553146,4069631.1036439394,0.7082191902035597,0.00000007
346341.87601160485,4069631.1361680515,0.7082191838168712,0.00000006
346341.91398767824,4069631.168692163,0.7082191834975368,0.00000006
346341.95196375164,4069631.201216275,0.7082191902014852,0.00000005
346341.989939825,4069631.233740387,0.7082191934142743,0.00000005
346342.0279158982,4069631.266264499,0.7082191839774069,0.00000004
346342.0658919716,4069631.298788611,0.7082191835055636,0.00000003
346342.103868045,4069631.3313127225,0.7082191834819713,0.00000003
346342.14184411836,4069631.363836834,0.7082191902007069,0.00000003
346342.17982019176,4069631.3963609464,0.7082191838167285,0.00000002
346342.21779626515,4069631.428885058,0.7082191842169276,0.00000002
346342.2557723385,4069631.4614091697,0.7082191931150464,0.00000002
346342.29374841164,4069631.493933282,0.7082191906823607,0.00000001
346342.33172448503,4069631.526457394,0.7082191838408112,0.00000001
346342.3697005584,4069631.5589815057,0.7082191834987337,0.00000001
346342.4076766318,4069631.5915056174,0.708219190201545,0.00000000
346342.4456527052,4069631.6240297295,0.7082191838167704,0.00000001
346342.4836287786,4069631.656553841,0.7082191834975317,0.00000001
346342.521604852,4069631.689077953,0.7082191930790767,0.00000000
346342.55958092515,4069631.721602065,0.708219183960647,0.00000000
346342.59755699855,4069631.7541261767,0.7082191902246407,0.00000000
346342.63553307194,4069631.786650289,0.7082191838179253,0.00000001
346342.67350914533,4069631.8191744005,0.7082191842169874,0.00000001
346342.71148521866,4069631.851698512,0.7082191895180597,0.00000000
346342.7494612921,4069631.8842226244,0.7082191845019942,0.00000000
346342.78743736545,4069631.916746736,0.7082191931292998,0.00000000
346342.8254134386,4069631.949270848,0.7082191832437603,0.00000001
346342.86338951206,4069631.98179496,0.7082191841882792,0.00000000
346342.9013655854,4069632.0143190715,0.7082191902360223,0.00000000
346342.9393416588,4069632.0468431837,0.7082191838184942,0.00000000
346342.9773177322,4069632.0793672954,0.7082191834976179,0.00000000
346343.01529380557,4069632.111891407,0.7082191902014893,0.00000000
346343.05326987896,4069632.144415519,0.7082191934142745,0.00000000
346343.0912459521,4069632.1769396313,0.7082191839774069,0.00000000
346343.1292220255,4069632.209463743,0.7082191835055636,0.00000001
346343.1671980989,4069632.2419878547,0.7082191902018865,0.00000000
346343.2051741723,4069632.274511967,0.7082191845361855,0.00000001
346343.24315024563,4069632.3070360785,0.7082191828141046,0.00000000
346343.2811263191,4069632.33956019,0.7082191841667964,0.00000000
346343.3191023924,4069632.372084302,0.7082191931125399,0.00000000
346343.3570784656,4069632.404608414,0.7082191906822354,0.00000000
346343.39505453897,4069632.437132526,0.708219183840805,0.00000000
346343.43303061236,4069632.469656638,0.7082191834987335,0.00000001
346343.47100668575,4069632.5021807496,0.708219190201545,0.00000000
346343.50898275914,4069632.5347048617,0.7082191838167704,0.00000000
346343.54695883254,4069632.5672289734,0.7082191834975317,0.00000000
346343.5849349059,4069632.599753085,0.7082191930790767,0.00000000
346343.6229109791,4069632.632277197,0.708219184680045,0.00000000
346343.6608870524,4069632.664801309,0.7082191895412127,0.00000000
346343.6988631259,4069632.697325421,0.7082191845031518,0.00000000
346343.7368391992,4069632.7298495327,0.7082191835318508,0.00000000
346343.7748152726,4069632.7623736444,0.7082191902032009,0.00000000
346343.812791346,4069632.7948977565,0.7082191838168532,0.00000000
346343.8507674194,4069632.827421868,0.7082191834975359,0.00000000
346343.8887434928,4069632.85994598,0.7082191902014852,0.00000000
346343.92671956617,4069632.892470092,0.7082191859749613,0.00000000
346343.9646956394,4069632.9249942037,0.7082191910447543,0.00000000
346344.0026717127,4069632.957518316,0.7082191838589309,0.00000000
346344.0406477861,4069632.9900424276,0.7082191834996397,0.00000000
346344.0786238595,4069633.0225665392,0.7082191902015903,0.00000000
346344.1165999329,4069633.0550906514,0.7082191926948818,0.00000000
346344.1545760061,4069633.0876147635,0.7082191846608352,0.00000000
346344.19255207945,4069633.120138875,0.7082191835397349,0.00000000
346344.23052815284,4069633.152662987,0.708219190922993,0.00000000
346344.2685042262,4069633.185187099,0.7082191838528429,0.00000000
346344.30648029957,4069633.2177112107,0.7082191834993353,0.00000000
346344.34445637296,4069633.2502353224,0.7082191902015751,0.00000000
346344.38243244635,4069633.2827594345,0.7082191859749658,0.00000000
346344.42040851957,4069633.315283546,0.7082191910447545,0.00000000
346344.4583845929,4069633.3478076584,0.7082191838589309,0.00000000
346344.4963606663,4069633.38033177,0.7082191834996397,0.00000000
346344.5343367397,4069633.4128558817,0.7082191902015903,0.00000000
346344.5723128131,4069633.445379994,0.7082191838167727,0.00000000
346344.61028888647,4069633.4779041056,0.7082191834975318,0.00000000
346344.64826495986,4069633.5104282172,0.7082191923596788,0.00000000
346344.6862410331,4069633.5429523294,0.7082191846440751,0.00000000
346344.7242171064,4069633.575476441,0.70821919097821,0.00000000
346344.76219317975,4069633.608000553,0.7082191831362058,0.00000000
346344.8001692532,4069633.640524665,0.7082191841829014,0.00000000
346344.83814532653,4069633.6730487766,0.7082191902357534,0.00000000
346344.8761213999,4069633.7055728887,0.7082191838184808,0.00000000
346344.9140974733,4069633.7380970004,0.7082191923757263,0.00000000
346344.95207354653,4069633.7706211125,0.7082191846448774,0.00000000
346344.99004961987,4069633.803145224,0.7082191902588523,0.00000000
346345.02802569326,4069633.8356693364,0.7082191838196358,0.00000000
346345.06600176665,4069633.868193448,0.708219183497675,0.00000000
346345.10397784004,4069633.9007175597,0.7082191902014922,0.00000000
346345.14195391344,4069633.933241672,0.7082191845361657,0.00000000
346345.17992998677,4069633.9657657836,0.7082191828141036,0.00000000
346345.2179060602,4069633.9982898952,0.7082191841667963,0.00000000
346345.25588213356,4069634.030814007,0.708219191673744,0.00000000
346345.29385820683,4069634.063338119,0.7082191920490915,0.00000000
346345.3318342801,4069634.095862231,0.7082191839091477,0.00000000
346345.3698103535,4069634.128386343,0.7082191835021505,0.00000000
346345.4077864269,4069634.1609104546,0.7082191902017159,0.00000000
346345.4457625003,4069634.1934345667,0.708219183816779,0.00000000
346345.4837385737,4069634.2259586784,0.7082191834975321,0.00000000
346345.52171464707,4069634.25848279,0.7082191923596788,0.00000000
346345.5596907203,4069634.291006902,0.7082191846440751,0.00000000
346345.5976667936,4069634.323531014,0.7082191902588121,0.00000000
346345.635642867,4069634.356055126,0.7082191838196338,0.00000000
346345.6736189404,4069634.3885792377,0.7082191842170729,0.00000000
346345.71159501374,4069634.4211033494,0.708219190237462,0.00000000
346345.74957108713,4069634.4536274616,0.7082191838185663,0.00000000
346345.7875471605,4069634.4861515732,0.7082191916563325,0.00000000
346345.8255232338,4069634.5186756854,0.7082191853283057,0.00000000
346345.8634993071,4069634.551199797,0.7082191835731084,0.00000000
346345.90147538047,4069634.5837239088,0.7082191902052638,0.00000000
346345.93945145386,4069634.616248021,0.7082191902052638,0.00000000
