346328.61320775806,4069623.2063856493,-0.014975190695753557,0.00000000
346328.6632006711,4069623.2055438384,-0.013916038784326946,0.00000000
346328.71319385816,4069623.2047184706,-0.012499493787011852,0.00000000
346328.76318756066,4069623.20392501,-0.010755303628593229,0.00000000
346328.81318199186,4069623.2031790665,-0.008678789783403886,0.00000000
346328.86317732296,4069623.202496458,-0.006262905180258982,0.00000000
346328.9131736677,4069623.2018932668,-0.00350010641930012,0.00000000
346328.9631710665,4069623.2013858943,-0.00038275274174826495,0.00000000
346329.0131694685,4069623.2009911,0.0030964781793055654,0.00000000
346329.0631687122,4069623.2007260383,0.006944077194797091,0.00000000
346329.1131685044,4069623.2006082693,0.011165106944501598,0.00000000
346329.1631683974,4069623.2006557635,0.015762452519425593,0.00000000
346329.2131677653,4069623.200886874,0.020737922243768754,0.00000000
346329.2631657792,4069623.201320291,0.02614623755984658,0.00000000
346329.3131613824,4069623.201974956,0.031924714366545426,0.00000000
346329.3631532671,4069623.202869939,0.038052161004711274,0.00000000
346329.4131398546,4069623.2040242706,0.041262875668989195,0.00000000
346329.46311928023,4069623.2054567127,0.04773634305483935,0.00000000
346329.5130893638,4069623.2071860903,0.05126214441099472,0.00000000
346329.56304681825,4069623.2092482587,0.058063112302135886,0.00000000
346329.61298944557,4069623.211641415,0.06521318340441672,0.00000000
346329.6629143194,4069623.214378817,0.06899510783288092,0.00000000
346329.71281842404,4069623.2174707693,0.07621484596407291,0.00000000
346329.7626986729,4069623.220925419,0.08372205720767724,0.00000000
346329.8125519136,4069623.2247494203,0.09134950151211584,0.00000000
346329.86237492133,4069623.2289484786,0.09908567058417822,0.00000000
346329.9121643837,4069623.23352779,0.10316673056422436,0.00000000
346329.9619168793,4069623.2384923827,0.11088265570821373,0.00000000
346330.0116288534,4069623.2438473688,0.1188929064889732,0.00000000
346330.0612965932,4069623.2495981143,0.1270379100588827,0.00000000
346330.1109162061,4069623.2557503264,0.13531665830813708,0.00000000
346330.16048360406,4069623.2623100663,0.14373404576805568,0.00000000
346330.20999449835,4069623.269283677,0.15229164243734328,0.00000000
346330.2594444085,4069623.276677636,0.16098550273058193,0.00000000
346330.3088286905,4069623.2844983176,0.16980416279473318,0.00000000
346330.3581425901,4069623.2927516676,0.17874392916754694,0.00000000
346330.4073813284,4069623.3014427726,0.187997590533889,0.00000000
346330.4565398829,4069623.310577132,0.19726518831770024,0.00000000
346330.50560913427,4069623.3201796156,0.20200609264539557,0.00000000
346330.5545898043,4069623.330223563,0.21069713953740754,0.00000000
346330.6034790551,4069623.340702962,0.21942846021940543,0.00000000
346330.65227484406,4069623.35160891,0.22796506308132913,0.00000000
346330.7009758187,4069623.3629304944,0.23626944960729346,0.00000000
346330.7495812078,4069623.3746555136,0.2443251498732233,0.00000000
346330.7980907139,4069623.3867710605,0.2521256297269519,0.00000000
346330.8465044096,4069623.399263983,0.2596718348118622,0.00000000
346330.89482264314,4069623.4121212442,0.26697033639551543,0.00000000
346330.94304595224,4069623.4253301895,0.2740318459217833,0.00000000
346330.99117499054,4069623.438878742,0.28086984878301857,0.00000000
346331.03921046667,4069623.4527555294,0.2874994143495152,0.00000000
346331.0871530966,4069623.4669499528,0.2939361584432004,0.00000000
346331.1350035712,4069623.4814522057,0.3001952798876315,0.00000000
346331.18276253704,4069623.496253247,0.3062907590636479,0.00000000
346331.2304305928,4069623.5113447355,0.312471006219728,0.00000000
346331.27800443367,4069623.526730757,0.3184820251285465,0.00000000
346331.325485034,4069623.542402032,0.3241424050679331,0.00000000
346331.37287640816,4069623.558340919,0.32965185529298646,0.00000000
346331.42017933744,4069623.574540274,0.335012394041442,0.00000000
346331.467394853,4069623.5909925853,0.34020925628089105,0.00000000
346331.5145243628,4069623.6076896354,0.3452318407836404,0.00000000
346331.56156957155,4069623.6246227543,0.35007592338150284,0.19946844
346331.6085323748,4069623.641783127,0.35474238001767433,0.19748582
346331.65541476937,4069623.6591620306,0.3592360584421155,0.19544350
346331.70221877977,4069623.6767510157,0.3635647387683934,0.19334933
346331.74894639786,4069623.69454204,0.36773838475627907,0.19121111
346331.79559953447,4069623.712527565,0.3717684255224338,0.18903654
346331.84217998164,4069623.730700619,0.37583130086521976,0.18683317
346331.88868619705,4069623.749062861,0.3797919595897009,0.18460476
346331.93511940533,4069623.7676088973,0.38345918277929447,0.18236082
346331.9814845514,4069623.7863243627,0.387026636255952,0.18011328
346332.02778271685,4069623.8052048637,0.3905143156936242,0.17786547
346332.07401482057,4069623.824246524,0.39393212026969915,0.17562345
346332.12018163904,4069623.843445913,0.39728767554563865,0.17339286
346332.16628383653,4069623.862799958,0.4005862200430494,0.17117905
346332.2123220063,4069623.882305831,0.4038301891847488,0.16898713
346332.2582967233,4069623.90196082,0.40701855890069694,0.16682207
346332.30420861027,4069623.921762164,0.41014631326198536,0.16468879
346332.35005841934,4069623.9417068735,0.4132043065501689,0.16259222
346332.39584711567,4069623.9617915377,0.41626648604989985,0.16054341
346332.4415741043,4069623.982016337,0.4193484089373134,0.15854401
346332.4872385175,4069624.002382012,0.4221672671700133,0.15659207
346332.5328456094,4069624.022875689,0.4249027241752463,0.15469586
346332.5783965508,4069624.0434938404,0.42756810559994446,0.15285861
346332.6238924451,4069624.0642331582,0.4301694440082827,0.15108292
346332.6693343026,4069624.0850906014,0.4327132293743702,0.14937087
346332.7147230193,4069624.1060634335,0.4352065227809243,0.14772417
346332.7600593614,4069624.127149248,0.4376567290279448,0.14614542
346332.8053439549,4069624.1483459817,0.4400713432211705,0.14463896
346332.85057728,4069624.1696519163,0.44245773844015945,0.14320130
346332.895759671,4069624.191065671,0.4448229101598704,0.14183349
346332.94089132146,4069624.2125861836,0.44717329333652345,0.14053656
346332.98597229365,4069624.2342126835,0.4496529083532503,0.13931149
346333.0309993581,4069624.2559512085,0.4520635098269816,0.13815610
346333.0759739604,4069624.2777980454,0.45440164270988176,0.13707287
346333.12089743256,4069624.299749803,0.4567348049908001,0.13606414
346333.1657695636,4069624.3218062986,0.45906401367774186,0.13513166
346333.2105901978,4069624.343967239,0.46138900402350924,0.13427722
346333.25535918836,4069624.366232315,0.46371155803472064,0.13349836
346333.3000763479,4069624.388601303,0.46603524897267995,0.13279984
346333.3447414073,4069624.4110741424,0.4683651607341222,0.13217479
346333.3893539808,4069624.433651002,0.470707555011538,0.13162084
346333.4339135375,4069624.4563323315,0.47306959683065,0.13113479
346333.47841937875,4069624.4791188985,0.4754591260775806,0.13071282
346333.52287061996,4069624.5020118174,0.47788440321670644,0.13035062
346333.56726617774,4069624.5250125653,0.4805775140305999,0.13004353
346333.61159930564,4069624.548133417,0.4831288323082294,0.12978155
346333.65587346075,4069624.571366964,0.4857291929375756,0.12956430
346333.7000869778,4069624.5947156684,0.4883996184825461,0.12938678
346333.7442378887,4069624.6181825153,0.49114706383213114,0.12924441
346333.7883240542,4069624.6417707494,0.493976468926504,0.12913104
346333.8323431929,4069624.6654838123,0.49689107349578715,0.12904161
346333.8762929191,4069624.6893252674,0.4998919570847507,0.12897121
346333.92017079215,4069624.7132987017,0.5029775975462024,0.12891510
346333.96397437906,4069624.7374076103,0.5061432515411213,0.12886878
346334.00770133274,4069624.761655254,0.5093818577784128,0.12883078
346334.05134945014,4069624.7860445604,0.5126893466085873,0.12879673
346334.0949165941,4069624.810578269,0.5162744716013462,0.12876044
346334.1383951506,4069624.835268654,0.519866134038226,0.12871347
346334.1817847217,4069624.8601150448,0.5234102966103605,0.12865368
346334.2250859982,4069624.885114936,0.5270258304853422,0.12857976
346334.2682964878,4069624.910271371,0.5307226564805723,0.12848755
346334.311413557,4069624.9355875487,0.534505084651949,0.12837281
346334.35443443345,4069624.9610668183,0.5383764993227638,0.12823126
346334.39735622006,4069624.9867126453,0.5423391882393435,0.12805864
346334.44017592055,4069625.0125285625,0.5463938775655228,0.12785077
346334.48289047886,4069625.038518101,0.5505393603764329,0.12760360
346334.5254968291,4069625.064684706,0.5547720460441902,0.12731327
346334.5679919597,4069625.0910316333,0.5593089734292003,0.12697803
346334.6103667221,4069625.1175717823,0.5640080764059743,0.12658960
346334.6526160506,4069625.1443111068,0.5684855272474506,0.12614103
346334.6947454991,4069625.1712388103,0.5729750834968478,0.12563630
346334.7367535768,4069625.198355388,0.577460402406435,0.12507377
346334.77863959054,4069625.2256600885,0.5819192128950986,0.12445258
346334.82040347485,4069625.253151217,0.5863352369261032,0.12377244
346334.86204562313,4069625.28082642,0.5906974842773353,0.12303346
346334.90356675367,4069625.308682912,0.5949989531902473,0.12223604
346334.9449678051,4069625.3367176414,0.5992356706145425,0.12138071
346334.98624985816,4069625.364927418,0.6039204430226454,0.12046805
346335.02739863755,4069625.3933312553,0.6080826604030767,0.11948684
346335.0684295776,4069625.4219049555,0.6121032816813731,0.11844943
346335.109345483,4069625.450643066,0.616048197836448,0.11735854
346335.15014779853,4069625.479542187,0.6199175983083414,0.11621253
346335.1908381001,4069625.5085988087,0.6237061963312711,0.11501210
346335.2314181618,4069625.5378092164,0.6274086458299309,0.11375812
346335.27188995166,4069625.5671695024,0.6310222290861882,0.11245166
346335.3122555523,4069625.5966756796,0.6346479612000736,0.11109390
346335.35251391784,4069625.6263280655,0.6384571953117653,0.10968382
346335.39265874267,4069625.656133971,0.6417949254113463,0.10821666
346335.4327045726,4069625.6860726867,0.6450311569206506,0.10670293
346335.4726534476,4069625.716140616,0.6481874535591605,0.10514404
346335.5125073412,4069625.746334314,0.6512674255158951,0.10354139
346335.5522681743,4069625.776650459,0.6542729840989406,0.10189643
346335.59193784004,4069625.807085823,0.6572046958992099,0.10021222
346335.63151824166,4069625.8376372135,0.6600614230042402,0.09848944
346335.67101134505,4069625.868301409,0.6629343678946763,0.09672889
346335.71041617775,4069625.8990789843,0.6658431790365015,0.09493005
346335.7497312537,4069625.9299711203,0.6684116909561304,0.09309203
346335.788967394,4069625.9609634215,0.6708721017649846,0.09122262
346335.8281273307,4069625.9920519367,0.6732348167718861,0.08932388
346335.8672138628,4069626.023232686,0.6754988847681775,0.08739795
346335.906229863,4069626.054501648,0.677662732325984,0.08544705
346335.9451782795,4069626.085854759,0.6797249852714343,0.08347353
346335.98406212765,4069626.1172879203,0.681684683904908,0.08147985
346336.022884477,4069626.1487970166,0.6835413688302269,0.07946859
346336.0616484331,4069626.180377933,0.6852951667865048,0.07744243
346336.1003571188,4069626.2120265793,0.6869468242672849,0.07540677
346336.13901365345,4069626.243738911,0.6885078322241714,0.07336207
346336.177620792,4069626.2755113654,0.6900268213740354,0.07131101
346336.216179694,4069626.307342341,0.6913685972089024,0.06925529
346336.2546961468,4069626.339224665,0.6926155162405664,0.06719986
346336.2931729732,4069626.3711547977,0.6937747044358136,0.06514769
346336.33161290805,4069626.403129333,0.6948497968645918,0.06310169
346336.3700185867,4069626.4351450065,0.6958445323000022,0.06106472
346336.4083925349,4069626.4671987053,0.6967628054409255,0.05903955
346336.4467371625,4069626.4992874744,0.6976086425136933,0.05702878
346336.48505475716,4069626.5314085195,0.698386156154724,0.05503487
346336.52334748174,4069626.56355921,0.699099451559032,0.05306014
346336.5616173729,4069626.5957370773,0.6997526155118118,0.05110925
346336.59986634046,4069626.6279398133,0.7003496952477852,0.04918349
346336.63809616934,4069626.660165269,0.7008945855785756,0.04728357
346336.67630852194,4069626.692411446,0.7013910777928731,0.04541154
346336.7145049421,4069626.724676494,0.7018428268372807,0.04356943
346336.7526868592,4069626.7569587044,0.7022532707254238,0.04175919
346336.7908555931,4069626.7892565005,0.7026257356742124,0.03998278
346336.8290123596,4069626.821568435,0.7029632906195644,0.03824205
346336.8671582762,4069626.8538931776,0.7032688771726857,0.03653884
346336.90529436746,4069626.8862295114,0.7035452411250547,0.03487487
346336.9434215706,4069626.918576325,0.7037949087128552,0.03325177
346336.98154074204,4069626.950932603,0.7040202572922782,0.03167365
346337.01965266274,4069626.9832974216,0.7042234620525365,0.03014278
346337.05775804346,4069627.0156699396,0.7044065728495358,0.02865698
346337.09585753037,4069627.0480493945,0.7045714158890248,0.02721697
346337.1339517101,4069627.0804350926,0.7047197243740104,0.02582310
346337.17204111465,4069627.112826407,0.7048530560892782,0.02447545
346337.21012622566,4069627.1452227696,0.7049728392079273,0.02317386
346337.248207479,4069627.177623667,0.7050803850336947,0.02191804
346337.2862852685,4069627.210028635,0.7051768879250194,0.02070758
346337.32435994927,4069627.242437255,0.7052634383351418,0.01954200
346337.3624318421,4069627.274849151,0.705340998811,0.01842680
346337.400501236,4069627.307263981,0.7054105057148011,0.01735582
346337.4385683908,4069627.3396814414,0.7054727514675576,0.01632789
346337.47663353995,4069627.3721012566,0.705528473403934,0.01534236
346337.5146968938,4069627.40452318,0.7055783122151031,0.01439854
346337.55275864154,4069627.436946988,0.7056228882636939,0.01349566
346337.590818953,4069627.4693724825,0.7056627394811061,0.01263288
346337.6288779804,4069627.5017994842,0.7056983579570625,0.01180931
346337.66693586006,4069627.534227833,0.705730181885547,0.01102524
346337.7049927139,4069627.5666573853,0.7057585974320417,0.01028290
346337.7430486522,4069627.5990880122,0.7057839652489123,0.00957673
346337.781103773,4069627.6315195984,0.7058066107209283,0.00890590
346337.819158164,4069627.663952041,0.705826809452745,0.00826959
346337.8572119041,4069627.696385247,0.705844827386316,0.00766701
346337.89526506345,4069627.7288191346,0.7058608975837017,0.00709737
346337.933317705,4069627.76125363,0.7058752219362032,0.00655992
346337.9713698849,4069627.7936886665,0.7058879839994142,0.00605383
346338.00942165346,4069627.8261241857,0.705899364259729,0.00557940
346338.04747305525,4069627.858560135,0.7059095099361513,0.00513705
346338.0855241302,4069627.8909964683,0.7059185296072389,0.00472282
346338.1235749144,4069627.9234331422,0.7059265625919787,0.00433565
346338.16162543965,4069627.95587012,0.705933725517912,0.00397451
346338.1996757343,4069627.9883073685,0.7059400891748491,0.00363830
346338.23772582354,4069628.0207448574,0.7059457709026693,0.00332594
346338.27577573,4069628.0531825614,0.7059507949473331,0.00303630
346338.3138254743,4069628.085620455,0.7059552741687807,0.00276827
346338.3518750744,4069628.118058518,0.7059592631084548,0.00252070
346338.389924546,4069628.150496732,0.705962802629631,0.00229248
346338.4279739034,4069628.1829350796,0.7059659545453191,0.00208246
346338.46602315933,4069628.2153735464,0.7059687504794413,0.00188967
346338.5040723252,4069628.247812119,0.7059712426223024,0.00171367
346338.54212141054,4069628.2802507854,0.7059734477666086,0.00155242
346338.5801704249,4069628.3126895353,0.7059754137735269,0.00140492
346338.6182193761,4069628.3451283597,0.7059771641191522,0.00127020
346338.6562682708,4069628.3775672503,0.7059787067101143,0.00114734
346338.69431711576,4069628.410006199,0.7059800764904082,0.00103545
346338.7323659165,4069628.4424451995,0.7059812922603704,0.00093369
346338.7704146782,4069628.474884246,0.7059823657227545,0.00084126
346338.8084634053,4069628.507323333,0.7059833284237846,0.00075741
346338.84651210124,4069628.5397624564,0.7059841783531807,0.00068142
346338.88456076983,4069628.572201612,0.7059849492415602,0.00061263
346338.92260941374,4069628.604640797,0.7059856204246274,0.00055043
346338.9606580358,4069628.6370800068,0.7059862103499145,0.00049424
346338.998706639,4069628.669519239,0.7059867352827829,0.00044352
346339.03675522545,4069628.7019584915,0.7059871957614444,0.00039779
346339.0748037969,4069628.734397761,0.7059876045607842,0.00035658
346339.11285235506,4069628.766837046,0.7059879733574144,0.00031948
346339.15090090135,4069628.799276345,0.7059883041702066,0.00028610
346339.18894943706,4069628.8317156564,0.7059885999701939,0.00025609
346339.2269979632,4069628.864154979,0.7059888558832702,0.00022913
346339.2650464813,4069628.8965943116,0.7059890824285716,0.00020492
346339.30309499183,4069628.9290336524,0.705989287139816,0.00018319
346339.341143496,4069628.961473001,0.7059894648209777,0.00016371
346339.3791919942,4069628.9939123564,0.7059896118996632,0.00014624
346339.41724048776,4069629.0263517173,0.7059897464103547,0.00013059
346339.455288977,4069629.0587910833,0.7059898663846821,0.00011658
346339.49333746254,4069629.091230454,0.705989958976294,0.00010404
346339.53138594487,4069629.123669828,0.7059900658167975,0.00009281
346339.5694344238,4069629.156109206,0.7059901505764816,0.00008278
346339.60748290014,4069629.1885485873,0.705990217896576,0.00007380
346339.6455313741,4069629.220987971,0.7059902860547507,0.00006579
346339.68357984605,4069629.2534273574,0.7059903379192811,0.00005862
346339.72162831627,4069629.2858667457,0.7059903764962121,0.00005222
346339.7596767852,4069629.3183061355,0.7059904225765368,0.00004651
346339.79772525275,4069629.350745527,0.7059904541315323,0.00004142
346339.835773719,4069629.3831849196,0.7059904934030433,0.00003687
346339.8738221844,4069629.415624314,0.7059905135797291,0.00003282
346339.91187064885,4069629.448063709,0.7059905373818264,0.00002920
346339.94991911255,4069629.4805031046,0.7059905716855395,0.00002598
346339.9879675752,4069629.512942502,0.7059906043617606,0.00002311
346340.026016037,4069629.5453819004,0.705990611018241,0.00002055
346340.06406449835,4069629.577821299,0.7059906216714101,0.00001827
346340.10211295943,4069629.610260698,0.7059906471499041,0.00001624
346340.1401614196,4069629.642700098,0.7059906683469946,0.00001443
346340.1782098792,4069629.675139499,0.7059906744295189,0.00001282
346340.2162583384,4069629.7075789,0.7059906836189418,0.00001139
346340.25430679746,4069629.740018301,0.7059906936812337,0.00001012
346340.2923552563,4069629.772457703,0.7059906941843482,0.00000898
346340.3304037151,4069629.804897105,0.7059907059648975,0.00000798
346340.3684521735,4069629.837336507,0.7059907101415464,0.00000708
346340.4065006316,4069629.8697759095,0.7059907288384959,0.00000629
346340.4445490893,4069629.9022153127,0.7059907326434405,0.00000558
346340.48259754677,4069629.934654716,0.7059907342687364,0.00000495
346340.5206460041,4069629.967094119,0.7059907446703461,0.00000439
346340.5586944612,4069629.999533523,0.7059907459079509,0.00000389
346340.5967429182,4069630.0319729266,0.7059907534200789,0.00000345
346340.63479137514,4069630.0644123307,0.7059907566657825,0.00000306
346340.67283983185,4069630.096851735,0.7059907493778199,0.00000272
346340.7108882886,4069630.1292911386,0.7059907557461453,0.00000241
346340.7489367454,4069630.161730543,0.70599075749961,0.00000213
346340.78698520205,4069630.194169947,0.7059907561522348,0.00000189
346340.8250336588,4069630.226609351,0.7059907671227352,0.00000168
346340.86308211525,4069630.2590487557,0.7059907683887845,0.00000149
346340.9011305716,4069630.2914881604,0.705990768452087,0.00000132
346340.939179028,4069630.323927565,0.7059907617225287,0.00000117
346340.97722748434,4069630.356366969,0.7059907688362985,0.00000103
346341.01527594065,4069630.388806374,0.7059907766422346,0.00000092
346341.0533243969,4069630.421245779,0.7059907717348568,0.00000081
346341.091372853,4069630.4536851835,0.7059907810923085,0.00000072
346341.1294213089,4069630.4861245886,0.7059907829952298,0.00000064
346341.1674697647,4069630.5185639937,0.7059907802202785,0.00000056
346341.2055182207,4069630.551003399,0.7059907793640066,0.00000050
346341.2435666768,4069630.583442804,0.7059907740235184,0.00000044
346341.28161513276,4069630.6158822086,0.705990779771693,0.00000039
346341.3196635888,4069630.6483216137,0.7059907903794466,0.00000035
346341.3577120445,4069630.6807610192,0.7059907834595867,0.00000031
346341.3957605003,4069630.7132004243,0.705990781678545,0.00000027
346341.4338089562,4069630.7456398294,0.7059907808719686,0.00000024
346341.47185741214,4069630.7780792345,0.7059907815491641,0.00000021
346341.50990586804,4069630.8105186396,0.7059907815830239,0.00000019
346341.54795432393,4069630.8429580447,0.7059907815847168,0.00000017
346341.58600277983,4069630.87539745,0.7059907815848016,0.00000015
346341.62405123573,4069630.907836855,0.7059907911876263,0.00000013
346341.6620996914,4069630.9402762605,0.7059907856525687,0.00000012
346341.700148147,4069630.9727156656,0.7059907825057183,0.00000011
346341.73819660285,4069631.0051550707,0.7059907890810991,0.00000010
346341.7762450587,4069631.0375944762,0.7059907819596206,0.00000008
346341.8142935146,4069631.0700338813,0.7059907823210709,0.00000008
346341.8523419704,4069631.1024732864,0.7059907816216192,0.00000007
346341.8903904263,4069631.1349126915,0.7059907919069915,0.00000006
346341.92843888194,4069631.167352097,0.7059907849710125,0.00000006
346341.9664873376,4069631.199791502,0.7059907824716406,0.00000005
346342.00453579344,4069631.2322309073,0.7059907890793953,0.00000004
346342.0425842493,4069631.264670313,0.7059907826770597,0.00000004
346342.0806327051,4069631.297109718,0.7059907816394186,0.00000004
346342.118681161,4069631.329549123,0.7059907823050608,0.00000003
346342.15672961687,4069631.361988528,0.705990784490916,0.00000003
346342.19477807253,4069631.3944279333,0.705990791332932,0.00000003
346342.2328265282,4069631.426867339,0.7059907835072609,0.00000002
346342.270874984,4069631.459306744,0.7059907816809287,0.00000002
346342.3089234399,4069631.491746149,0.7059907890398597,0.00000002
346342.3469718957,4069631.5241855546,0.7059907826750829,0.00000001
346342.38502035156,4069631.5566249597,0.7059907816393198,0.00000001
346342.42306880746,4069631.589064365,0.705990784457629,0.00000001
346342.4611172631,4069631.62150377,0.7059907913312676,0.00000001
346342.4991657188,4069631.6539431754,0.7059907835071777,0.00000001
346342.5372141746,4069631.6863825805,0.7059907823984488,0.00000000
346342.5752626304,4069631.7188219856,0.7059907816254881,0.00000000
346342.6133110863,4069631.7512613907,0.7059907890370876,0.00000000
346342.65135954216,4069631.7837007963,0.7059907826749443,0.00000001
346342.689407998,4069631.8161402014,0.7059907845094101,0.00000000
346342.72745645366,4069631.8485796065,0.7059907913338567,0.00000001
346342.76550490933,4069631.881019012,0.7059907827897828,0.00000000
346342.8035533652,4069631.913458417,0.7059907823625791,0.00000000
346342.841601821,4069631.9458978223,0.7059907816236947,0.00000000
346342.8796502769,4069631.9783372274,0.705990789036998,0.00000000
346342.91769873275,4069632.010776633,0.7059907826749399,0.00000000
346342.9557471886,4069632.043216038,0.7059907845094099,0.00000000
346342.99379564426,4069632.075655443,0.7059907913338567,0.00000000
346343.0318440999,4069632.1080948487,0.7059907835073072,0.00000000
346343.0698925557,4069632.140534254,0.705990781680931,0.00000000
346343.1079410116,4069632.172973659,0.7059907823071365,0.00000000
346343.14598946745,4069632.205413064,0.7059907816209225,0.00000000
346343.18403792335,4069632.237852469,0.7059907890368593,0.00000000
346343.2220863792,4069632.2702918747,0.7059907848275059,0.00000000
346343.26013483485,4069632.3027312797,0.7059907913497615,0.00000000
346343.2981832905,4069632.3351706853,0.7059907835081024,0.00000000
346343.3362317463,4069632.3676100904,0.705990782398495,0.00000000
346343.37428020214,4069632.4000494955,0.7059907816254904,0.00000000
346343.41232865804,4069632.4324889006,0.7059907823043644,0.00000000
346343.4503771139,4069632.4649283057,0.7059907816207839,0.00000000
346343.4884255698,4069632.497367711,0.7059907911894254,0.00000001
346343.52647402545,4069632.5298071164,0.7059907923853819,0.00000000
346343.56452248106,4069632.562246522,0.705990782842359,0.00000001
346343.6025709369,4069632.594685927,0.7059907823652078,0.00000000
346343.64061939274,4069632.627125332,0.7059907823413503,0.00000000
346343.6786678486,4069632.659564737,0.7059907816226332,0.00000000
346343.7167163045,4069632.6920041423,0.7059907823042216,0.00000000
346343.7547647603,4069632.7244435474,0.7059907883535,0.00000000
346343.7928132162,4069632.756882953,0.705990784793338,0.00000000
346343.8308616719,4069632.789322358,0.7059907913480531,0.00000001
346343.86891012755,4069632.8217617637,0.7059907835080169,0.00000001
346343.90695858333,4069632.8542011688,0.7059907823984908,0.00000000
346343.9450070392,4069632.886640574,0.7059907823430145,0.00000000
346343.983055495,4069632.919079979,0.7059907816227164,0.00000000
346344.0211039509,4069632.951519384,0.7059907823042257,0.00000000
346344.05915240676,4069632.983958789,0.7059907905060733,0.00000000
346344.0972008625,4069633.0163981947,0.7059907916336898,0.00000000
346344.13524931815,4069633.0488376003,0.7059907835222988,0.00000001
346344.17329777393,4069633.0812770054,0.7059907823992049,0.00000000
346344.2113462298,4069633.1137164105,0.7059907823430501,0.00000000
346344.2493946856,4069633.1461558156,0.7059907823402425,0.00000001
346344.28744314145,4069633.1785952207,0.7059907816225778,0.00000001
346344.32549159735,4069633.211034626,0.7059907904719909,0.00000000
346344.3635400531,4069633.2434740313,0.7059907923495101,0.00000001
346344.4015885087,4069633.275913437,0.7059907835580899,0.00000000
346344.43963696447,4069633.308352842,0.7059907816834702,0.00000000
346344.47768542037,4069633.340792247,0.7059907823072634,0.00000001
346344.5157338762,4069633.373231652,0.7059907823384531,0.00000001
346344.55378233205,4069633.4056710573,0.7059907823400126,0.00000000
346344.5918307879,4069633.4381104624,0.7059907905078626,0.00000000
346344.6298792436,4069633.470549868,0.705990784901056,0.00000000
346344.6679276993,4069633.502989273,0.7059907899183905,0.00000000
346344.70597615506,4069633.5354286786,0.7059907827190095,0.00000000
346344.7440246109,4069633.5678680837,0.7059907816415162,0.00000000
346344.7820730668,4069633.600307489,0.7059907823051658,0.00000001
346344.82012152264,4069633.632746894,0.7059907823383482,0.00000000
346344.8581699785,4069633.665186299,0.7059907905077794,0.00000000
346344.8962184342,4069633.6976257046,0.7059907856185763,0.00000000
346344.9342668898,4069633.7300651097,0.7059907899542665,0.00000000
346344.9723153456,4069633.7625045152,0.705990782003279,0.00000000
346345.0103638015,4069633.7949439203,0.7059907823232539,0.00000000
346345.04841225734,4069633.8273833254,0.7059907816217283,0.00000000
346345.08646071324,4069633.8598227305,0.7059907823041763,0.00000000
346345.1245091691,4069633.8922621356,0.7059907905060707,0.00000000
346345.1625576248,4069633.924701541,0.7059907856184908,0.00000000
346345.2006060804,4069633.9571409463,0.7059907899542622,0.00000000
346345.2386545362,4069633.989580352,0.7059907827208031,0.00000000
346345.27670299204,4069634.022019757,0.7059907816416058,0.00000000
346345.31475144794,4069634.054459162,0.7059907815876459,0.00000000
346345.35279990383,4069634.086898567,0.7059907823024723,0.00000000
346345.3908483597,4069634.1193379723,0.7059907905059856,0.00000000
346345.4288968154,4069634.151777378,0.7059907856184866,0.00000000
346345.466945271,4069634.184216783,0.705990789954262,0.00000000
346345.5049937268,4069634.2166561885,0.7059907827208031,0.00000000
346345.54304218263,4069634.2490955936,0.70599078235913,0.00000000
346345.5810906385,4069634.2815349987,0.7059907816235221,0.00000000
346345.6191390944,4069634.313974404,0.7059907815867418,0.00000000
346345.65718755027,4069634.346413809,0.7059907823024271,0.00000000
346345.6952360061,4069634.378853214,0.7059907905059833,0.00000000
346345.73328446184,4069634.4112926195,0.7059907856184865,0.00000000
346345.77133291744,4069634.4437320246,0.705990789954262,0.00000000
346345.8093813732,4069634.47617143,0.7059907827208031,0.00000000
346345.84742982907,4069634.5086108353,0.70599078235913,0.00000000
346345.8854782849,4069634.5410502404,0.7059907816235221,0.00000001
346345.9235267408,4069634.5734896455,0.7059907815867418,0.00000000
346345.9615751967,4069634.6059290506,0.7059907837374758,0.00000000
346345.99962365243,4069634.6383684557,0.7059907920127844,0.00000001
346346.03767210804,4069634.6708078613,0.7059907902739769,0.00000001
346346.0757205638,4069634.703247267,0.7059907827367887,0.00000000
346346.11376901966,4069634.735686672,0.7059907823599294,0.00000000
346346.1518174755,4069634.768126077,0.7059907823410864,0.00000001
346346.18986593134,4069634.800565482,0.70599078162262,0.00000001
346346.22791438724,4069634.833004887,0.7059907830217453,0.00000000
346346.265962843,4069634.8654442923,0.7059907919769979,0.00000000
346346.30401129863,4069634.897883698,0.7059907909897118,0.00000001
346346.34205975436,4069634.9303231034,0.7059907820550513,0.00000000
346346.38010821026,4069634.9627625085,0.7059907823258424,0.00000001
346346.4181566661,4069634.9952019136,0.7059907823393821,0.00000001
346346.45620512194,4069635.0276413187,0.7059907816225348,0.00000001
346346.49425357784,4069635.060080724,0.7059907837392654,0.00000000
346346.53230203356,4069635.092520129,0.7059907912953495,0.00000001
346346.57035048923,4069635.1249595345,0.7059907842229062,0.00000001
346346.60839894495,4069635.1573989396,0.7059907884494342,0.00000000
346346.64644740085,4069635.189838345,0.7059907826455616,0.00000000
346346.6844958567,4069635.2222777503,0.705990782355368,0.00000000
346346.72254431254,4069635.2547171554,0.7059907823408583,0.00000000
346346.7605927684,4069635.2871565605,0.7059907830576572,0.00000000
346346.79864122416,4069635.3195959656,0.7059907919787934,0.00000001
346346.83668967977,4069635.352035371,0.705990783539554,0.00000000
346346.87473813555,4069635.384474776,0.7059907824000676,0.00000000
346346.9127865914,4069635.4169141813,0.7059907883582923,0.00000000
346346.9508350473,4069635.449353587,0.7059907826410046,0.00000001
346346.98888350313,4069635.481792992,0.7059907823551401,0.00000000
346347.026931959,4069635.514232397,0.7059907830583713,0.00000000
346347.06498041475,4069635.546671802,0.7059907919788292,0.00000000
346347.10302887036,4069635.5791112077,0.7059907842570802,0.00000001
346347.1410773261,4069635.611550613,0.7059907824359439,0.00000000
346347.1791257819,4069635.643990018,0.7059907883600861,0.00000000
346347.2171742378,4069635.6764294235,0.70599078192357,0.00000001
346347.2552226937,4069635.7088688286,0.7059907823192684,0.00000000
346347.29327114957,4069635.7413082337,0.7059907830565777,0.00000000
346347.33131960535,4069635.773747639,0.7059907919787395,0.00000000
346347.36936806096,4069635.8061870444,0.7059907842570756,0.00000000
346347.4074165167,4069635.8386264495,0.7059907824359437,0.00000000
346347.4454649725,4069635.8710658546,0.7059907883600861,0.00000000
346347.4835134284,4069635.90350526,0.7059907826410943,0.00000000
346347.52156188426,4069635.935944665,0.7059907816376204,0.00000000
346347.55961034016,4069635.9683840703,0.7059907830224953,0.00000000
346347.59765879594,4069636.0008234754,0.7059907919770353,0.00000000
346347.63570725155,4069636.033262881,0.7059907842569905,0.00000000
346347.6737557073,4069636.065702286,0.7059907824359395,0.00000000
346347.7118041631,4069636.098141691,0.7059907823448869,0.00000000
346347.74985261896,4069636.1305810963,0.7059907883555333,0.00000000
346347.78790107486,4069636.163020502,0.7059907826408666,0.00000000
346347.8259495307,4069636.195459907,0.7059907823551332,0.00000000
346347.86399798654,4069636.227899312,0.7059907919436672,0.00000000
346347.90204644215,4069636.2603387176,0.7059907849728463,0.00000000
346347.9400948978,4069636.2927781227,0.7059907817542079,0.00000000
346347.9781433537,4069636.325217528,0.7059907823108004,0.00000000
346348.01619180955,4069636.357656933,0.70599078233863,0.00000000
346348.0542402654,4069636.390096338,0.7059907883552204,0.00000001
346348.0922887213,4069636.4225357436,0.7059907833583753,0.00000000
346348.1303371771,4069636.4549751487,0.7059907845435817,0.00000000
346348.16838563274,4069636.4874145538,0.7059907913355653,0.00000000
346348.2064340884,4069636.5198539593,0.7059907820723439,0.00000000
346348.2444825443,4069636.5522933644,0.7059907823267071,0.00000000
346348.28253100015,4069636.5847327695,0.7059907823394252,0.00000000
346348.320579456,4069636.6171721746,0.7059907890727845,0.00000000
346348.35862791183,4069636.64961158,0.7059907819592048,0.00000001
346348.39667636773,4069636.6820509853,0.7059907830385745,0.00000000
346348.4347248235,4069636.7144903904,0.7059907912603149,0.00000000
346348.4727732792,4069636.746929796,0.7059907849386787,0.00000000
346348.51082173485,4069636.779369201,0.7059907817524996,0.00000000
346348.54887019075,4069636.811808606,0.7059907823107149,0.00000000
346348.5869186466,4069636.8442480112,0.7059907823386257,0.00000001
346348.6249671024,4069636.8766874163,0.7059907890727445,0.00000000
346348.66301555827,4069636.909126822,0.7059907826767271,0.00000000
346348.7010640141,4069636.941566227,0.7059907919597469,0.00000000
346348.7391124697,4069636.9740056326,0.705990784256126,0.00000001
346348.77716092544,4069637.0064450377,0.7059907824358962,0.00000000
346348.8152093813,4069637.0388844428,0.7059907816273605,0.00000000
346348.8532578372,4069637.071323848,0.705990782304458,0.00000001
346348.891306293,4069637.103763253,0.7059907823383128,0.00000000
346348.92935474886,4069637.136202658,0.7059907890727288,0.00000000
346348.9674032047,4069637.1686420636,0.7059907855468237,0.00000000
346349.0054516603,4069637.2010814687,0.7059907913857274,0.00000000
346349.043500116,4069637.2335208743,0.705990782074852,0.00000000
346349.0815485719,4069637.2659602794,0.7059907816093083,0.00000000
346349.1195970278,4069637.2983996845,0.7059907823035554,0.00000000
346349.1576454836,4069637.3308390896,0.7059907823382677,0.00000000
346349.19569393946,4069637.3632784947,0.7059907890727266,0.00000000
346349.2337423953,4069637.3957179002,0.7059907855468236,0.00000000
346349.2717908509,4069637.4281573053,0.7059907913857274,0.00000000
346349.3098393066,4069637.460596711,0.7059907827923763,0.00000000
346349.3478877624,4069637.493036116,0.7059907816451845,0.00000000
346349.3859362183,4069637.525475521,0.7059907823053492,0.00000000
346349.42398467415,4069637.557914926,0.7059907816208332,0.00000000
346349.46203313005,4069637.5903543313,0.7059907897543793,0.00000000
346349.50008158584,4069637.622793737,0.705990784863382,0.00000000
346349.5381300415,4069637.655233142,0.7059907913515553,0.00000000
346349.57617849717,4069637.6876725475,0.7059907827906677,0.00000000
346349.614226953,4069637.7201119526,0.7059907823626234,0.00000000
346349.65227540885,4069637.7525513577,0.7059907816236969,0.00000000
346349.69032386475,4069637.784990763,0.7059907823042748,0.00000000
346349.7283723206,4069637.817430168,0.7059907823383037,0.00000000
346349.76642077643,4069637.849869573,0.7059907912253014,0.00000000
346349.8044692321,4069637.8823089786,0.7059907916696513,0.00000001
346349.84251768776,4069637.914748384,0.7059907828065725,0.00000000
346349.8805661436,4069637.9471877893,0.7059907823634185,0.00000000
346349.91861459945,4069637.9796271943,0.7059907823412609,0.00000000
346349.9566630553,4069638.0120665994,0.7059907816226287,0.00000000
346349.9947115112,4069638.0445060045,0.7059907823042214,0.00000000
346350.032759967,4069638.0769454096,0.7059907912235973,0.00000000
346350.0708084227,4069638.109384815,0.7059907923870904,0.00000001
346350.1088568783,4069638.141824221,0.7059907821249202,0.00000000
346350.1469053342,4069638.174263626,0.705990782329336,0.00000000
346350.18495379004,4069638.206703031,0.7059907823395567,0.00000000
346350.2230022459,4069638.239142436,0.7059907816225435,0.00000000
346350.2610507018,4069638.271581841,0.7059907830217415,0.00000000
346350.29909915756,4069638.3040212463,0.7059907912594733,0.00000000
346350.33714761323,4069638.336460652,0.7059907916713599,0.00000001
346350.3751960689,4069638.3689000574,0.7059907820891337,0.00000000
346350.4132445248,4069638.4013394625,0.7059907823275466,0.00000000
346350.45129298064,4069638.4337788676,0.7059907823394672,0.00000000
346350.4893414365,4069638.4662182727,0.7059907823400633,0.00000000
346350.5273898923,4069638.498657678,0.7059907816225688,0.00000000
346350.5654383482,4069638.531097083,0.7059907823042184,0.00000000
346350.60348680406,4069638.563536488,0.7059907919411215,0.00000000
346350.64153525967,4069638.5959758935,0.7059907917054423,0.00000000
346350.67958371533,4069638.628415299,0.7059907820908378,0.00000000
346350.71763217123,4069638.660854704,0.7059907823276318,0.00000000
346350.7556806271,4069638.6932941093,0.7059907823394715,0.00000000
346350.7937290829,4069638.7257335144,0.7059907823400635,0.00000000
346350.83177753875,4069638.7581729195,0.705990782340093,0.00000000
346350.8698259946,4069638.7906123246,0.7059907912253909,0.00000000
346350.90787445026,4069638.82305173,0.7059907923871801,0.00000001
346350.94592290587,4069638.8554911357,0.7059907821249247,0.00000000
346350.98397136177,4069638.887930541,0.705990781611812,0.00000000
346351.02201981767,4069638.920369946,0.7059907823036805,0.00000001
346351.0600682735,4069638.952809351,0.705990782338274,0.00000000
346351.09811672935,4069638.985248756,0.7059907823400037,0.00000000
346351.1361651852,4069639.017688161,0.7059907912253864,0.00000002
346351.17421364086,4069639.050127567,0.7059907923871799,0.00000002
346351.21226209647,4069639.0825669724,0.7059907828424489,0.00000002
346351.2503105523,4069639.1150063775,0.7059907816476881,0.00000002
346351.2883590082,4069639.1474457826,0.70599078158795,0.00000002
346351.3264074641,4069639.1798851877,0.7059907823024875,0.00000003
346351.36445591995,4069639.2123245928,0.7059907823382143,0.00000003
346351.4025043758,4069639.244763998,0.705990791225297,0.00000004
346351.44055283145,4069639.2772034034,0.7059907856544522,0.00000004
346351.47860128706,4069639.3096428085,0.7059907892385358,0.00000005
346351.5166497429,4069639.342082214,0.7059907826850167,0.00000006
346351.55469819874,4069639.374521619,0.7059907816398165,0.00000007
346351.59274665464,4069639.4069610243,0.7059907823050807,0.00000008
346351.6307951105,4069639.4394004294,0.7059907816208197,0.00000009
346351.6688435664,4069639.4718398345,0.7059907911894272,0.00000010
346351.70689202205,4069639.50427924,0.7059907856526587,0.00000011
346351.74494047766,4069639.536718645,0.7059907892384462,0.00000013
346351.7829889335,4069639.5691580507,0.7059907826850123,0.00000015
346351.82103738934,4069639.601597456,0.7059907816398163,0.00000017
346351.85908584524,4069639.634036861,0.7059907823050807,0.00000019
346351.8971343011,4069639.666476266,0.705990782338344,0.00000022
346351.9351827569,4069639.698915671,0.7059907912253034,0.00000025
346351.9732312126,4069639.7313550767,0.7059907849369281,0.00000028
346352.01127966825,4069639.7637944818,0.7059907824699363,0.00000032
346352.0493281241,4069639.796233887,0.70599078907931,0.00000036
346352.08737657993,4069639.8286732924,0.7059907826770554,0.00000041
346352.1254250358,4069639.8611126975,0.7059907816394184,0.00000046
346352.1634734917,4069639.8935521026,0.7059907823050608,0.00000052
346352.2015219475,4069639.9259915077,0.7059907912236393,0.00000059
346352.2395704032,4069639.9584309133,0.7059907849368449,0.00000066
346352.27761885885,4069639.9908703184,0.7059907824699322,0.00000075
346352.3156673147,4069640.0233097235,0.7059907890793098,0.00000085
346352.3537157705,4069640.055749129,0.7059907833945798,0.00000095
346352.3917642263,4069640.088188534,0.7059907823928189,0.00000108
346352.42981268215,4069640.1206279392,0.7059907830602552,0.00000121
346352.46786113793,4069640.1530673443,0.7059907926964476,0.00000137
346352.5059095935,4069640.18550675,0.7059907931782572,0.00000154
346352.54395804903,4069640.2179461555,0.7059907910497748,0.00000174
346352.58200650476,4069640.250385561,0.7059907842106274,0.00000196
346352.6200549605,4069640.282824966,0.7059907838686701,0.00000220
346352.6581034162,4069640.315264371,0.7059907905842955,0.00000248
346352.69615187193,4069640.347703777,0.7059907849048777,0.00000279
346352.7342003276,4069640.380143182,0.7059907935062031,0.00000314
346352.7722487831,4069640.4125825875,0.7059908013865169,0.00000354
346352.8102972385,4069640.4450219935,0.7059907964828581,0.00000398
346352.84834569384,4069640.477461399,0.7059908029703983,0.00000447
346352.88639414916,4069640.509900805,0.705990806882397,0.00000503
346352.9244426042,4069640.542340211,0.7059908173983418,0.00000565
346352.9624910589,4069640.5747796176,0.7059908193591878,0.00000635
346353.00053951354,4069640.607219024,0.7059908290600506,0.00000714
346353.0385879679,4069640.639658431,0.7059908405829629,0.00000802
346353.07663642196,4069640.6720978385,0.7059908433116817,0.00000900
346353.1146848758,4069640.704537246,0.705990853050938,0.00001011
346353.15273332945,4069640.736976654,0.7059908592780959,0.00001135
346353.1907817826,4069640.7694160617,0.7059908752074727,0.00001273
346353.2288302356,4069640.8018554705,0.7059908810266122,0.00001428
346353.2668786882,4069640.8342948793,0.7059908998056855,0.00001602
346353.30492714036,4069640.866734289,0.705990916087655,0.00001796
346353.34297559183,4069640.8991736993,0.7059909396950161,0.00002013
346353.38102404255,4069640.9316131105,0.7059909658212202,0.00002255
346353.41907249234,4069640.9640525226,0.7059909973710398,0.00002526
346353.4571209413,4069640.996491936,0.705991015726596,0.00002829
346353.49516938947,4069641.02893135,0.7059910497579811,0.00003168
346353.5332178366,4069641.0613707653,0.7059910860082066,0.00003545
346353.5712662825,4069641.093810182,0.7059911415750135,0.00003966
346353.60931472684,4069641.126249601,0.7059911832071578,0.00004436
346353.64736316964,4069641.1586890216,0.7059912323103396,0.00004960
346353.6854116108,4069641.191128444,0.7059912949775163,0.00005543
346353.72346004983,4069641.2235678686,0.7059913760934821,0.00006193
346353.76150848635,4069641.2560072965,0.705991452116692,0.00006917
346353.7995569203,4069641.288446727,0.7059915470909022,0.00007722
346353.83760535123,4069641.3208861616,0.7059916650883992,0.00008617
346353.87565377844,4069641.3533256007,0.7059917789393924,0.00009611
346353.9137022018,4069641.385765044,0.7059919132237478,0.00010716
346353.95175062073,4069641.4182044924,0.7059920506823476,0.00011941
346353.9897990351,4069641.450643946,0.7059922142380103,0.00013301
346354.02784744435,4069641.483083406,0.7059923898614088,0.00014808
346354.0658958477,4069641.5155228726,0.7059926030644097,0.00016477
346354.10394424427,4069641.5479623475,0.7059928392296205,0.00018324
346354.14199263294,4069641.5804018313,0.7059931060689163,0.00020366
346354.18004101294,4069641.6128413253,0.7059933979527037,0.00022621
346354.21808938344,4069641.6452808306,0.7059937263548973,0.00025111
346354.25613774324,4069641.6777203484,0.7059941103372914,0.00027855
346354.2941860907,4069641.710159881,0.7059945292198094,0.00030878
346354.3322344243,4069641.7425994296,0.7059950064717255,0.00034202
346354.3702827422,4069641.7750389962,0.7059955471290839,0.00037855
346354.40833104274,4069641.807478584,0.7059961480236872,0.00041862
346354.4463793235,4069641.8399181943,0.7059968291952142,0.00046253
346354.484427582,4069641.872357831,0.7059975923631693,0.00051055
346354.5224758158,4069641.9047974967,0.7059984498115409,0.00056300
346354.56052402133,4069641.937237195,0.7059994194824513,0.00062017
346354.5985721954,4069641.969676931,0.7060005034331659,0.00068236
346354.63662033406,4069642.002116708,0.70600172240722,0.00074986
346354.67466843285,4069642.034556532,0.7060031026624976,0.00082296
346354.7127164869,4069642.0669964086,0.7060046289015992,0.00090190
346354.750764491,4069642.0994363436,0.7060063476560916,0.00098691
346354.78881243884,4069642.1318763443,0.7060082982285872,0.00107814
346354.8268603234,4069642.16431642,0.7060104621115698,0.00117569
346354.86490813695,4069642.196756578,0.7060129022861599,0.00127954
346354.90295587113,4069642.2291968297,0.7060156376872895,0.00138962
346354.9410035162,4069642.261637186,0.706018697077809,0.00150574
346354.97905106127,4069642.2940776595,0.7060221402299663,0.00162768
346355.017098494,4069642.3265182646,0.7060259986659956,0.00175517
346355.0551458008,4069642.3589590173,0.706030319548502,0.00188793
346355.09319296665,4069642.3913999354,0.7060351604248066,0.00202565
346355.1312399747,4069642.4238410387,0.7060405872546206,0.00216802
346355.1692868057,4069642.45628235,0.7060466532278573,0.00231471
346355.2073334387,4069642.4887238927,0.7060534553215246,0.00246542
346355.24537984974,4069642.521165696,0.70606107035194,0.00261984
346355.28342601255,4069642.5536077907,0.7060695731359026,0.00277765
346355.3214718977,4069642.5860502105,0.7060790972716919,0.00293858
346355.3595174724,4069642.618492995,0.706089729026492,0.00310233
346355.39756270003,4069642.650936186,0.706101615043642,0.00326865
346355.4356075402,4069642.6833798317,0.7061148782270177,0.00343727
346355.4736519474,4069642.7158239847,0.7061297112024072,0.00360794
346355.5116958709,4069642.7482687053,0.7061462590960702,0.00378044
346355.5497392544,4069642.780714059,0.7061647264089574,0.00395453
346355.58778203547,4069642.8131601186,0.706185310017254,0.00413000
346355.6258241452,4069642.845606966,0.7062082495769753,0.00430663
346355.66386550653,4069642.8780546905,0.7062338085135473,0.00448424
346355.7019060339,4069642.9105033926,0.7062622845534121,0.00466263
346355.7399456324,4069642.942953184,0.7062939790195442,0.00484160
346355.77798419696,4069642.975404187,0.7063292339772884,0.00502098
346355.8160216113,4069643.0078565385,0.7063684362441086,0.00520057
346355.85405774653,4069643.040310389,0.7064119983855257,0.00538019
346355.8920924606,4069643.072765905,0.706460384147446,0.00555966
346355.9301255961,4069643.105223271,0.706514066296616,0.00573879
346355.96815698006,4069643.1376826894,0.7065736102097535,0.00591739
346356.0061864211,4069643.170144384,0.7066396041107599,0.00609526
346356.04421370866,4069643.2026086007,0.7067126882442404,0.00627220
346356.08223861165,4069643.235075611,0.7067935409096232,0.00644800
346356.12026087596,4069643.2675457112,0.7068829357127532,0.00662244
346356.158280223,4069643.3000192274,0.7069816708696693,0.00679527
346356.1962963476,4069643.332496516,0.7070906197610505,0.00696626
346356.23430891614,4069643.3649779665,0.7072107091606963,0.00713514
346356.27231756446,4069643.397464004,0.7073429513201286,0.00730163
346356.3103218959,4069643.429955092,0.707488397257713,0.00746542
346356.3483214784,4069643.462451733,0.7076481815543304,0.00762619
346356.3863158437,4069643.4949544747,0.7078234429249622,0.00778361
346356.4243044852,4069643.5274639055,0.7080154311676102,0.00793731
346356.462286856,4069643.5599806625,0.7082253915371457,0.00808688
346356.50026236783,4069643.5925054294,0.7084546422520147,0.00823193
346356.5382303894,4069643.62503894,0.7087044766237189,0.00837199
346356.57619024627,4069643.657581976,0.7089762102403255,0.00850660
346356.6141412214,4069643.69013537,0.7092710744076736,0.00863526
346356.6520825562,4069643.722699999,0.7095902674318014,0.00875745
346356.69001345296,4069643.755276785,0.7099348643554172,0.00887260
346356.7279330779,4069643.787866691,0.7103057798094746,0.00898015
346356.76584056683,4069643.820470712,0.710703681480822,0.00907950
346356.80373503297,4069643.8530898676,0.7111289317623617,0.00917005
346356.8416155776,4069643.8857251895,0.7115814347826923,0.00925118
346356.87948130356,4069643.918377703,0.7120605896891439,0.00932228
346356.9173313338,4069643.9510484096,0.7125650879529531,0.00938277
346356.95516483317,4069643.9837382575,0.7130927533858349,0.00943206
346356.9929810379,4069644.0164481103,0.7136403268370438,0.00946966
346357.0307792917,4069644.049178705,0.714203157379533,0.00949511
346357.06855909113,4069644.0819305987,0.7147750026928121,0.00950809
346357.10632014,4069644.1147041093,0.7153475528736724,0.00950840
346357.14406241686,4069644.147499236,0.7159122527524188,0.00949603
346357.181786182,4069644.1803156547,0.7164625113827144,0.00947117
346357.2194919089,4069644.213152798,0.716993454308576,0.00943414
346357.2571802295,4069644.246009918,0.7175016146635009,0.00938540
346357.2948518881,4069644.2788861403,0.7179846629831079,0.00932544
346357.33250770485,4069644.3117805063,0.7184411849611567,0.00925483
346357.3701485469,4069644.344692007,0.7188704775323883,0.00917417
346357.4077753041,4069644.37761961,0.7192723942015149,0.00908406
346357.44538887165,4069644.410562279,0.7196472373150428,0.00898513
346357.4829901353,4069644.4435189916,0.7199956372064464,0.00887797
346357.5205799605,4069644.47648875,0.7203184897504478,0.00876319
346357.5581591839,4069644.5094705923,0.7206168435265836,0.00864135
346357.5957286078,4069644.5424635964,0.720891895248573,0.00851301
346357.63328899624,4069644.575466887,0.7211448722993402,0.00837870
346357.6708410726,4069644.608479635,0.7213770780043546,0.00823892
346357.7083855186,4069644.6415010607,0.7215898185288909,0.00809413
346357.7459229724,4069644.6745304344,0.7217844091510223,0.00794479
346357.78345402994,4069644.707567076,0.7219621059514911,0.00779132
346357.8209792457,4069644.740610353,0.7221241459716526,0.00763411
346357.8584991341,4069644.7736596796,0.7222717027380667,0.00747352
346357.8960141706,4069644.8067145133,0.7224058922678934,0.00730990
346357.93352479424,4069644.8397743544,0.7225278027808251,0.00714357
346357.97103140876,4069644.872838744,0.7226384262103637,0.00697483
346358.00853438507,4069644.9059072603,0.7227387078269542,0.00680396
346358.0460340629,4069644.9389795167,0.7228295318372673,0.00663124
346358.0835307535,4069644.9720551604,0.7229116969971889,0.00645690
346358.1210247412,4069645.0051338677,0.7229859758426452,0.00628118
346358.1585162854,4069645.0382153443,0.7230530837409842,0.00610431
346358.1960056223,4069645.071299323,0.7231136412508262,0.00592650
346358.23349296674,4069645.1043855585,0.7231682702352294,0.00574795
346358.2709785142,4069645.1374738305,0.7232175035537519,0.00556886
346358.30846244184,4069645.170563937,0.723261857266525,0.00538941
346358.3459449105,4069645.203655697,0.7233017663591061,0.00520981
346358.3834260659,4069645.2367489436,0.7233376817511479,0.00503022
346358.42090603977,4069645.2698435285,0.723369973507174,0.00485084
346358.4583849514,4069645.3029393167,0.7233989877976829,0.00467185
346358.4958629083,4069645.3360361857,0.723425048369018,0.00449343
346358.5333400079,4069645.3691340256,0.7234484388306129,0.00431578
346358.57081633783,4069645.402232737,0.7234694254112559,0.00413909
346358.60829197743,4069645.43533223,0.7234882602075061,0.00396355
346358.64576699754,4069645.4684324246,0.7235051446142593,0.00378939
346358.68324146187,4069645.501533248,0.7235202812776789,0.00361681
346358.72071542835,4069645.5346346353,0.7235338250238964,0.00344604
346358.7581889492,4069645.567736527,0.7235459621757232,0.00327731
346358.79566207086,4069645.6008388707,0.7235568298621787,0.00311088
346358.8331348349,4069645.633941619,0.7235665503055799,0.00294699
346358.87060727895,4069645.6670447295,0.7235752575120487,0.00278592
346358.90807943686,4069645.7001481643,0.7235830293697005,0.00262794
346358.9455513389,4069645.7332518883,0.7235899903457338,0.00247336
346358.98302301206,4069645.7663558717,0.7235962039394394,0.00232247
346359.0204944809,4069645.7994600865,0.7236017497210593,0.00217557
346359.0579657671,4069645.8325645076,0.7236067096098225,0.00203299
346359.0954368903,4069645.8656691136,0.7236111295200331,0.00189504
346359.13290786796,4069645.898773884,0.723615079396231,0.00176204
346359.17037871573,4069645.9318788014,0.7236186053267223,0.00163429
346359.20784944756,4069645.9649838503,0.7236217559085947,0.00151209
346359.2453200758,4069645.9980890164,0.7236245563519063,0.00139569
346359.28279061196,4069646.031194287,0.7236270505083814,0.00128532
346359.3202610659,4069646.06429965,0.7236292839744065,0.00118116
346359.35773144657,4069646.0974050965,0.7236312641154434,0.00108331
346359.395201762,4069646.1305106166,0.7236330405615747,0.00099178
346359.4326720189,4069646.163616203,0.7236346025735432,0.00090648
346359.47014222457,4069646.196721847,0.7236360046941569,0.00082725
346359.50761238404,4069646.2298275437,0.7236372636436104,0.00075388
346359.54508250224,4069646.2629332873,0.7236383721229813,0.00068611
346359.5825525837,4069646.296039072,0.7236393665805504,0.00062367
346359.6200226327,4069646.3291448937,0.7236402546568377,0.00056627
346359.6574926525,4069646.3622507486,0.7236410433642493,0.00051360
346359.6949626463,4069646.395356633,0.723641744809633,0.00046536
346359.732432617,4069646.428462543,0.7236423720868254,0.00042126
346359.769902567,4069646.4615684766,0.7236429199923787,0.00038100
346359.8073724991,4069646.4946744307,0.7236434110063595,0.00034430
346359.8448424149,4069646.527780403,0.7236438367332914,0.00031089
346359.88231231674,4069646.560886391,0.7236442312898054,0.00028051
346359.9197822058,4069646.593992394,0.7236445706325465,0.00025292
346359.95725208364,4069646.6270984095,0.7236448660478487,0.00022789
346359.9947219515,4069646.6602044357,0.7236451446213936,0.00020521
346360.0321918105,4069646.6933104726,0.7236453966036737,0.00018467
346360.0696616611,4069646.726416519,0.7236456222793991,0.00016609
346360.1071315043,4069646.7595225736,0.7236457988826223,0.00014930
346360.1446013417,4069646.7926286347,0.7236459605437239,0.00013413
346360.1820711738,4069646.825734702,0.723646103071159,0.00012045
346360.219541001,4069646.8588407743,0.7236462490754343,0.00010811
346360.2570108235,4069646.891946852,0.723646372473369,0.00009698
346360.2944806421,4069646.925052935,0.7236464859138424,0.00008697
346360.33195045684,4069646.9581590216,0.7236465856356754,0.00007795
346360.36942026834,4069646.991265112,0.7236466633559362,0.00006984
346360.4068900772,4069647.0243712054,0.7236467458741784,0.00006255
346360.44435988355,4069647.057477302,0.723646813907117,0.00005600
346360.48182968743,4069647.090583401,0.7236468738930821,0.00005012
346360.51929948945,4069647.123689502,0.7236469224527431,0.00004484
346360.55676928995,4069647.156795605,0.7236469733701726,0.00004010
346360.5942390887,4069647.18990171,0.7236470008930384,0.00003585
346360.63170888653,4069647.223007816,0.723647034608776,0.00003204
346360.66917868337,4069647.256113923,0.7236470627360992,0.00002862
346360.70664847916,4069647.2892200314,0.7236470905840021,0.00002557
346360.7441182739,4069647.3223261405,0.7236471206546359,0.00002283
346360.78158806794,4069647.355432251,0.7236471485997041,0.00002038
346360.81905786094,4069647.3885383625,0.7236471757062233,0.00001819
346360.85652765294,4069647.421644475,0.7236471858886908,0.00001622
346360.8939974448,4069647.4547505877,0.72364719005917,0.00001447
346360.9314672363,4069647.4878567006,0.7236472079219767,0.00001290
346360.9689370275,4069647.5209628143,0.7236472139410153,0.00001150
346361.0064068183,4069647.554068928,0.7236472230691087,0.00001025
346361.0438766089,4069647.5871750424,0.7236472271868694,0.00000913
346361.0813463992,4069647.6202811566,0.7236472391489835,0.00000814
346361.1188161891,4069647.6533872713,0.7236472471096881,0.00000725
346361.15628597897,4069647.6864933865,0.7236472511690794,0.00000645
346361.19375576853,4069647.7195995017,0.7236472587346477,0.00000574
346361.23122555803,4069647.7527056173,0.7236472627742823,0.00000511
346361.26869534724,4069647.785811733,0.7236472637085353,0.00000455
346361.3061651364,4069647.8189178486,0.7236472740469315,0.00000405
346361.34363492526,4069647.8520239647,0.723647276028394,0.00000360
346361.381104714,4069647.885130081,0.723647276127467,0.00000320
346361.41857450275,4069647.918236197,0.723647282762748,0.00000284
346361.4560442915,4069647.9513423136,0.7236472764641847,0.00000253
346361.49351408024,4069647.9844484297,0.7236472761492566,0.00000225
346361.530983869,4069648.017554546,0.7236472768657813,0.00000200
346361.5684536577,4069648.050660662,0.723647283531935,0.00000177
346361.60592344636,4069648.0837667785,0.7236472779671864,0.00000157
346361.643393235,4069648.1168728946,0.7236472835870051,0.00000140
346361.6808630237,4069648.149979011,0.72364727796994,0.00000124
346361.7183328123,4069648.1830851273,0.7236472872484991,0.00000110
346361.7558026007,4069648.216191244,0.723647287712427,0.00000097
346361.7932723891,4069648.2492973604,0.7236472855388099,0.00000086
346361.83074217767,4069648.282403477,0.723647285430129,0.00000077
346361.86821196624,4069648.3155095936,0.7236472787943675,0.00000068
346361.9056817548,4069648.3486157097,0.7236472850929069,0.00000060
346361.9431515434,4069648.3817218263,0.7236472854078339,0.00000053
346361.98062133195,4069648.414827943,0.7236472780609814,0.00000047
346362.0180911206,4069648.447934059,0.7236472850562375,0.00000042
346362.05556090915,4069648.4810401755,0.7236472854060003,0.00000037
346362.0930306977,4069648.514146292,0.723647278793161,0.00000033
346362.1305004863,4069648.547252408,0.7236472850928465,0.00000029
346362.16797027487,4069648.580358525,0.7236472876046444,0.00000025
346362.20544006326,4069648.6134646414,0.7236472877302343,0.00000022
346362.24290985166,4069648.646570758,0.7236472862719714,0.00000020
346362.2803796402,4069648.6796768745,0.723647285466787,0.00000017
346362.31784942874,4069648.712782991,0.7236472787962004,0.00000015
346362.3553192173,4069648.745889107,0.7236472850929985,0.00000013
346362.3927890059,4069648.778995224,0.7236472854078384,0.00000012
346362.43025879445,4069648.8121013404,0.723647278793253,0.00000010
346362.467728583,4069648.8452074565,0.7236472850928511,0.00000009
346362.5051983716,4069648.878313573,0.7236472780452323,0.00000008
346362.5426681602,4069648.911419689,0.7236472850554501,0.00000007
346362.5801379488,4069648.944525806,0.7236472876027746,0.00000006
346362.6176077372,4069648.9776319223,0.7236472884624122,0.00000005
346362.65507752553,4069649.010738039,0.7236472855763091,0.00000004
346362.6925473141,4069649.0438441555,0.723647285432004,0.00000004
346362.7300171027,4069649.076950272,0.7236472787944612,0.00000003
346362.76748689124,4069649.110056388,0.7236472850929115,0.00000003
346362.8049566798,4069649.143162505,0.7236472854078341,0.00000003
346362.8424264684,4069649.1762686213,0.7236472787932527,0.00000002
346362.87989625696,4069649.2093747375,0.7236472850928511,0.00000002
346362.9173660455,4069649.242480854,0.7236472846755598,0.00000001
346362.95483583416,4069649.2755869706,0.723647278756639,0.00000001
346362.9923056227,4069649.3086930867,0.723647287287834,0.00000001
346363.0297754111,4069649.3417992033,0.7236472877143938,0.00000000
346363.0672451995,4069649.37490532,0.7236472870034505,0.00000001
346363.104714988,4069649.4080114365,0.723647285503361,0.00000001
346363.14218477655,4069649.441117553,0.7236472846960853,0.00000001
346363.1796545652,4069649.4742236696,0.7236472787576653,0.00000001
346363.21712435375,4069649.5073297857,0.7236472850910718,0.00000000
346363.2545941423,4069649.5404359023,0.7236472787774146,0.00000000
346363.2920639309,4069649.5735420184,0.7236472850920592,0.00000000
346363.32953371946,4069649.606648135,0.7236472854077914,0.00000000
346363.367003508,4069649.6397542516,0.7236472787932506,0.00000000
346363.4044732966,4069649.6728603677,0.7236472865573934,0.00000000
346363.44194308505,4069649.7059664843,0.7236472950404704,0.00000000
346363.4794128734,4069649.7390726013,0.7236472800071558,0.00000000
346363.5168826619,4069649.7721787174,0.7236472851535463,0.00000001
346363.5543524505,4069649.805284834,0.7236472854108658,0.00000000
346363.59182223905,4069649.8383909506,0.723647278061133,0.00000000
346363.6292920277,4069649.8714970667,0.7236472850562451,0.00000000
346363.66676181625,4069649.9046031833,0.7236472854060008,0.00000000
346363.7042316048,4069649.9377093,0.7236472787931612,0.00000001
346363.7417013934,4069649.970815416,0.7236472850928465,0.00000000
346363.77917118196,4069650.0039215325,0.7236472868723731,0.00000000
346363.8166409704,4069650.037027649,0.7236472884258921,0.00000000
346363.85411075875,4069650.0701337657,0.7236472863067543,0.00000001
346363.89158054726,4069650.1032398823,0.7236472854685262,0.00000001
346363.92905033584,4069650.136345999,0.7236472787962874,0.00000000
346363.9665201244,4069650.169452115,0.7236472850930028,0.00000001
346364.003989913,4069650.2025582315,0.7236472854078386,0.00000001
346364.04145970155,4069650.235664348,0.723647278793253,0.00000001
346364.0789294901,4069650.268770464,0.7236472843605799,0.00000000
346364.11639927875,4069650.301876581,0.7236472787408901,0.00000001
346364.1538690673,4069650.334982697,0.723647285090233,0.00000001
346364.1913388559,4069650.3680888135,0.7236472868722424,0.00000000
346364.22880864434,4069650.40119493,0.7236472876936142,0.00000000
346364.26627843274,4069650.4343010467,0.7236472870024115,0.00000001
346364.3037482212,4069650.467407163,0.723647285503309,0.00000000
346364.34121800977,4069650.50051328,0.7236472787980265,0.00000000
346364.37868779834,4069650.533619396,0.7236472850930898,0.00000000
346364.4161575869,4069650.5667255125,0.723647285407843,0.00000000
346364.4536273755,4069650.599831629,0.7236472787932532,0.00000001
346364.49109716405,4069650.632937745,0.7236472850928511,0.00000001
346364.5285669526,4069650.666043862,0.7236472846755598,0.00000000
346364.56603674125,4069650.6991499783,0.723647278756639,0.00000000
346364.6035065298,4069650.7322560945,0.7236472865555628,0.00000000
346364.6409763183,4069650.765362211,0.7236472876777802,0.00000000
346364.67844610667,4069650.7984683276,0.7236472877338911,0.00000000
346364.71591589507,4069650.831574444,0.723647285539883,0.00000000
346364.75338568364,4069650.864680561,0.7236472846979114,0.00000000
346364.79085547227,4069650.8977866773,0.7236472787577566,0.00000000
346364.82832526084,4069650.9308927935,0.7236472850910763,0.00000000
346364.8657950494,4069650.96399891,0.7236472787774149,0.00000001
346364.903264838,4069650.997105026,0.7236472850920592,0.00000000
346364.94073462655,4069651.0302111427,0.7236472854077914,0.00000000
346364.9782044151,4069651.0633172593,0.7236472787932506,0.00000000
346365.0156742037,4069651.0964233754,0.7236472843605798,0.00000000
346365.0531439923,4069651.129529492,0.7236472861034887,0.00000000
346365.09061378083,4069651.1626356086,0.7236472883874479,0.00000000
346365.1280835692,4069651.195741725,0.7236472877693745,0.00000000
346365.16555335757,4069651.2288478417,0.723647284809386,0.00000000
346365.2030231462,4069651.2619539583,0.7236472787633303,0.00000000
346365.24049293477,4069651.2950600744,0.723647285091355,0.00000000
346365.27796272334,4069651.328166191,0.7236472854077562,0.00000001
346365.3154325119,4069651.3612723076,0.7236472787932489,0.00000001
346365.3529023005,4069651.3943784237,0.7236472850928509,0.00000001
346365.39037208905,4069651.4274845403,0.7236472846755597,0.00000000
346365.4278418777,4069651.460590657,0.723647278756639,0.00000000
346365.46531166625,4069651.493696773,0.7236472858232916,0.00000000
346365.50278145476,4069651.5268028895,0.7236472883734381,0.00000000
346365.5402512431,4069651.559909006,0.723647287768674,0.00000000
346365.5777210315,4069651.5930151227,0.7236472855416222,0.00000000
346365.61519082007,4069651.6261212393,0.7236472787999422,0.00000000
346365.65266060864,4069651.6592273554,0.7236472850931855,0.00000000
346365.6901303972,4069651.692333472,0.7236472846755765,0.00000000
346365.72760018584,4069651.7254395885,0.7236472787566399,0.00000000
346365.7650699744,4069651.7585457047,0.7236472850910205,0.00000001
346365.802539763,4069651.791651821,0.7236472854077395,0.00000000
346365.84000955155,4069651.824757938,0.7236472787932481,0.00000000
346365.8774793401,4069651.857864054,0.7236472850928509,0.00000000
346365.9149491287,4069651.8909701705,0.7236472883369159,0.00000000
346365.95241891703,4069651.924076287,0.7236472877668478,0.00000001
346365.98988870543,4069651.9571824037,0.7236472855415309,0.00000000
346366.027358494,4069651.99028852,0.723647285430265,0.00000000
346366.0648282826,4069652.023394637,0.7236472787943743,0.00000000
346366.10229807114,4069652.056500753,0.723647284360636,0.00000001
346366.1397678598,4069652.0896068695,0.7236472853712203,0.00000001
346366.17723764834,4069652.122712986,0.7236472787914221,0.00000000
346366.2147074369,4069652.155819102,0.7236472850927596,0.00000000
346366.2521772255,4069652.188925219,0.723647278777499,0.00000000
346366.28964701405,4069652.222031335,0.7236472850920634,0.00000000
346366.3271168026,4069652.2551374515,0.7236472883368766,0.00000000
346366.36458659096,4069652.288243568,0.7236472943971733,0.00000000
346366.40205637936,4069652.321349685,0.7236472792427198,0.00000001
346366.43952616793,4069652.354455801,0.7236472851153245,0.00000000
346366.4769959565,4069652.387561918,0.7236472787786273,0.00000000
346366.5144657451,4069652.420668034,0.7236472850921198,0.00000001
346366.55193553364,4069652.4537741505,0.7236472846755232,0.00000000
346366.5894053223,4069652.486880267,0.7236472787566373,0.00000000
346366.62687511084,4069652.519986383,0.7236472850910203,0.00000001
346366.6643448994,4069652.5530924997,0.7236472854077395,0.00000000
346366.701814688,4069652.5861986163,0.7236472787932481,0.00000000
346366.73928447656,4069652.6193047324,0.7236472946522632,0.00000000
346366.7767542649,4069652.6524108495,0.7236472880826152,0.00000000
346366.8142240533,4069652.685516966,0.7236472789269919,0.00000000
346366.85169384186,4069652.718623082,0.723647285099538,0.00000000
346366.88916363043,4069652.7517291987,0.7236472854081654,0.00000000
346366.926633419,4069652.7848353153,0.7236472787932693,0.00000000
346366.9641032076,4069652.8179414314,0.7236472850928519,0.00000001
346367.00157299615,4069652.851047548,0.7236472854078311,0.00000001
346367.0390427847,4069652.8841536646,0.7236472780609813,0.00000000
346367.07651257335,4069652.9172597807,0.7236472850562375,0.00000001
346367.1139823619,4069652.9503658973,0.7236472787756729,0.00000000
346367.1514521505,4069652.9834720134,0.7236472946513843,0.00000001
346367.1889219388,4069653.0165781304,0.7236472888148426,0.00000000
346367.22639172716,4069653.049684247,0.7236472855939307,0.00000000
346367.26386151573,4069653.0827903636,0.7236472780702863,0.00000000
346367.30133130436,4069653.1158964797,0.7236472850567028,0.00000000
346367.33880109293,4069653.1490025963,0.7236472787756962,0.00000001
346367.3762708815,4069653.1821087124,0.7236472850919733,0.00000001
346367.4137406701,4069653.215214829,0.7236472854077871,0.00000001
346367.45121045865,4069653.2483209455,0.7236472787932504,0.00000000
346367.4886802472,4069653.2814270617,0.7236472843605798,0.00000000
346367.52615003585,4069653.314533178,0.7236472853712175,0.00000001
346367.5636198244,4069653.347639295,0.7236472883508344,0.00000000
346367.60108961276,4069653.3807454114,0.7236472884998152,0.00000000
346367.6385594011,4069653.413851528,0.723647284845908,0.00000000
346367.6760291897,4069653.4469576445,0.7236472787651564,0.00000000
346367.7134989783,4069653.4800637607,0.7236472850914463,0.00000000
346367.75096876686,4069653.513169877,0.7236472854077608,0.00000000
346367.78843855544,4069653.546275994,0.7236472787932491,0.00000000
346367.825908344,4069653.57938211,0.7236472850928509,0.00000000
346367.8633781326,4069653.6124882265,0.7236472787775036,0.00000000
346367.90084792115,4069653.6455943426,0.7236472850920637,0.00000000
346367.9383177097,4069653.678700459,0.7236472854077917,0.00000000
346367.9757874983,4069653.711806576,0.7236472876203917,0.00000000
346368.0132572867,4069653.7449126923,0.7236472884632931,0.00000000
346368.050727075,4069653.778018809,0.7236472855763532,0.00000000
346368.0881968636,4069653.8111249255,0.7236472788016788,0.00000000
346368.12566665217,4069653.8442310416,0.7236472850932724,0.00000000
346368.16313644074,4069653.877337158,0.7236472854078521,0.00000000
346368.2006062293,4069653.910443275,0.7236472780609823,0.00000000
346368.23807601794,4069653.943549391,0.7236472850562375,0.00000000
346368.2755458065,4069653.9766555075,0.7236472854060003,0.00000000
346368.3130155951,4069654.009761624,0.723647278793161,0.00000000
346368.35048538365,4069654.04286774,0.7236472843605752,0.00000000
346368.3879551723,4069654.0759738567,0.7236472883003022,0.00000000
346368.4254249606,4069654.1090799733,0.7236472884972885,0.00000000
346368.46289474895,4069654.14218609,0.7236472855780529,0.00000000
346368.5003645375,4069654.1752922065,0.7236472854320911,0.00000000
346368.5378343261,4069654.208398323,0.7236472787944657,0.00000000
346368.57530411467,4069654.241504439,0.7236472843606405,0.00000000
346368.6127739033,4069654.2746105557,0.7236472853712205,0.00000000
346368.65024369187,4069654.3077166723,0.7236472787914221,0.00000000
346368.68771348044,4069654.3408227884,0.7236472850927596,0.00000000
346368.725183269,4069654.373928905,0.723647278777499,0.00000000
346368.7626530576,4069654.407035021,0.7236472850920634,0.00000000
346368.80012284615,4069654.4401411377,0.7236472854077917,0.00000000
346368.8375926347,4069654.4732472543,0.7236472876203917,0.00000000
346368.8750624231,4069654.506353371,0.7236472884632931,0.00000000
346368.91253221146,4069654.5394594874,0.7236472855763532,0.00000000
346368.950002,4069654.572565604,0.7236472788016788,0.00000000
346368.9874717886,4069654.60567172,0.7236472850932724,0.00000000
346369.02494157717,4069654.6387778367,0.7236472854078521,0.00000000
346369.06241136574,4069654.6718839533,0.7236472787932536,0.00000000
346369.0998811543,4069654.7049900694,0.7236472850928511,0.00000000
346369.1373509429,4069654.738096186,0.7236472846755598,0.00000000
346369.1748207315,4069654.7712023025,0.723647278756639,0.00000000
346369.2122905201,4069654.8043084187,0.7236472850910204,0.00000000
346369.24976030865,4069654.837414535,0.7236472876045531,0.00000000
346369.28723009705,4069654.870520652,0.7236472877302298,0.00000000
346369.32469988544,4069654.9036267684,0.7236472862719712,0.00000000
346369.36216967396,4069654.936732885,0.723647285466787,0.00000000
346369.3996394625,4069654.9698390015,0.7236472787962004,0.00000000
346369.4371092511,4069655.0029451177,0.7236472850929985,0.00000000
346369.47457903967,4069655.036051234,0.723647278777511,0.00000000
346369.51204882824,4069655.0691573503,0.7236472843597928,0.00000000
346369.54951861687,4069655.102263467,0.7236472853711781,0.00000000
346369.58698840544,4069655.1353695835,0.72364727879142,0.00000000
346369.624458194,4069655.1684756996,0.7236472850927594,0.00000000
346369.6619279826,4069655.201581816,0.72364728760464,0.00000000
346369.699397771,4069655.2346879328,0.7236472884625055,0.00000000
346369.7368675593,4069655.2677940493,0.723647286308585,0.00000000
346369.77433734783,4069655.300900166,0.7236472847363464,0.00000000
346369.81180713646,4069655.3340062825,0.7236472847363464,0.00000000
