346357.0921731596,4069644.100986473,0.7235705725052485,0.00000000
346357.1296454877,4069644.134089715,0.7235705629456411,0.00000000
346357.16711781605,4069644.1671929564,0.7235705624676608,0.00000000
346357.2045901444,4069644.200296198,0.7235705624437618,0.00000000
346357.24206247274,4069644.2333994396,0.7235705617103592,0.00000000
346357.27953480114,4069644.266502681,0.723570571965504,0.00000000
346357.31700712926,4069644.2996059232,0.7235705724782613,0.00000000
346357.35447945737,4069644.3327091653,0.7235705629442918,0.00000000
346357.3919517857,4069644.365812407,0.7235705624675933,0.00000000
346357.42942411406,4069644.3989156485,0.7235705624437584,0.00000000
346357.4668964424,4069644.43201889,0.7235705712699664,0.00000000
346357.5043687706,4069644.465122132,0.7235705658127077,0.00000000
346357.5418410987,4069644.4982253737,0.7235705692417909,0.00000000
346357.57931342704,4069644.5313286157,0.7235705627824683,0.00000000
346357.6167857554,4069644.5644318573,0.7235705624595021,0.00000000
346357.6542580837,4069644.597535099,0.7235705712707535,0.00000000
346357.6917304119,4069644.630638341,0.723570565812747,0.00000000
346357.72920274,4069644.6637415825,0.7235705633432238,0.00000000
346357.7666750683,4069644.696844824,0.723570568386109,0.00000000
346357.8041473967,4069644.729948066,0.7235705627396842,0.00000000
346357.84161972505,4069644.7630513078,0.7235705653861936,0.00000000
346357.87909205316,4069644.7961545493,0.7235705721492958,0.00000000
346357.9165643813,4069644.8292577914,0.7235705629278435,0.00000000
346357.9540367096,4069644.862361033,0.723570562466771,0.00000000
346357.99150903797,4069644.8954642746,0.723570569074494,0.00000000
346358.0289813663,4069644.9285675166,0.7235705649707265,0.00000000
346358.0664536945,4069644.961670758,0.7235705721285224,0.00000000
346358.1039260226,4069644.9947740003,0.7235705636590125,0.00000000
346358.1413983509,4069645.027877242,0.7235705617711217,0.00000000
346358.1788706793,4069645.0609804834,0.7235705624089348,0.00000000
346358.21634300763,4069645.094083725,0.7235705712682252,0.00000000
346358.2538153358,4069645.127186967,0.7235705724433974,0.00000000
346358.2912876639,4069645.160290209,0.7235705636747563,0.00000000
346358.3287599922,4069645.1933934507,0.7235705625041166,0.00000000
346358.36623232055,4069645.2264966923,0.7235705624455846,0.00000000
346358.4037046489,4069645.259599934,0.723570562442658,0.00000000
346358.44117697724,4069645.2927031755,0.7235705712699114,0.00000000
346358.4786493054,4069645.3258064175,0.7235705724434817,0.00000000
346358.5161216335,4069645.3589096596,0.7235705629425528,0.00000000
346358.5535939619,4069645.392012901,0.7235705624675064,0.00000000
346358.5910662902,4069645.4251161427,0.7235705624437541,0.00000000
346358.62853861856,4069645.4582193843,0.7235705712699662,0.00000000
346358.66601094673,4069645.4913226264,0.7235705724434844,0.00000000
346358.70348327485,4069645.5244258684,0.723570562942553,0.00000000
346358.7409556032,4069645.55752911,0.7235705624675064,0.00000000
346358.77842793154,4069645.5906323516,0.7235705624437541,0.00000000
346358.8159002599,4069645.623735593,0.7235705712699662,0.00000000
346358.85337258806,4069645.656838835,0.7235705658127077,0.00000000
346358.89084491617,4069645.689942077,0.7235705699739985,0.00000000
346358.92831724446,4069645.723045319,0.7235705628190787,0.00000000
346358.9657895728,4069645.7561485604,0.7235705617291249,0.00000000
346359.0032619012,4069645.789251802,0.723570564603458,0.00000000
346359.0407342294,4069645.8223550436,0.723570572110159,0.00000000
346359.0782065575,4069645.8554582857,0.7235705636580944,0.00000000
346359.1156788858,4069645.8885615272,0.7235705691340601,0.00000000
346359.1531512141,4069645.9216647693,0.7235705627770818,0.00000000
346359.19062354247,4069645.954768011,0.7235705646558559,0.00000000
346359.22809587064,4069645.9878712525,0.7235705721127789,0.00000000
346359.26556819875,4069646.0209744945,0.7235705636582254,0.00000000
346359.30304052704,4069646.054077736,0.7235705691340667,0.00000000
346359.3405128554,4069646.087180978,0.7235705627770821,0.00000000
346359.37798518373,4069646.1202842197,0.7235705639236482,0.00000001
346359.41545751196,4069646.1533874613,0.7235705720761685,0.00000000
346359.4529298401,4069646.1864907034,0.7235705636563948,0.00000000
346359.49040216836,4069646.219593945,0.7235705625031985,0.00000000
346359.5278744967,4069646.2526971865,0.7235705624455386,0.00000001
346359.56534682505,4069646.285800428,0.7235705705378478,0.00000000
346359.6028191533,4069646.31890367,0.7235705724068785,0.00000000
346359.6402914814,4069646.352006912,0.7235705636729303,0.00000000
346359.6777638097,4069646.385110154,0.7235705625040253,0.00000000
346359.715236138,4069646.4182133954,0.72357056244558,0.00000001
346359.7527084664,4069646.451316637,0.7235705624426577,0.00000000
346359.7901807947,4069646.4844198786,0.7235705705377037,0.00000001
346359.82765312295,4069646.5175231206,0.7235705724068713,0.00000000
346359.86512545106,4069646.5506263627,0.7235705636729299,0.00000000
346359.90259777935,4069646.5837296043,0.7235705625040253,0.00000001
346359.9400701077,4069646.616832846,0.72357056244558,0.00000000
346359.97754243604,4069646.6499360874,0.7235705712700574,0.00000001
346360.0150147642,4069646.6830393295,0.7235705650805047,0.00000000
346360.0524870924,4069646.716142571,0.7235705706695961,0.00000000
346360.0899594206,4069646.749245813,0.7235705628538586,0.00000000
346360.12743174896,4069646.7823490547,0.7235705624630717,0.00000000
346360.1649040773,4069646.8154522963,0.7235705705387244,0.00000001
346360.20237640553,4069646.8485555383,0.7235705657761456,0.00000000
346360.23984873365,4069646.88165878,0.7235705699721704,0.00000000
346360.27732106193,4069646.914762022,0.7235705628189872,0.00000000
346360.3147933903,4069646.9478652636,0.7235705624613281,0.00000000
346360.3522657186,4069646.980968505,0.7235705639078605,0.00000001
346360.38973804686,4069647.0140717467,0.7235705720753791,0.00000000
346360.42721037497,4069647.047174989,0.7235705710193397,0.00000000
346360.4646827032,4069647.080278231,0.7235705628713458,0.00000000
346360.50215503154,4069647.1133814724,0.7235705617317383,0.00000001
346360.53962735995,4069647.146484714,0.723570563871381,0.00000001
346360.5770996882,4069647.1795879556,0.7235705720735551,0.00000000
346360.6145720163,4069647.2126911976,0.7235705643884718,0.00000000
346360.6520443445,4069647.245794439,0.7235705625398023,0.00000000
346360.68951667286,4069647.278897681,0.7235705690781455,0.00000000
346360.7269890012,4069647.312000923,0.7235705635064936,0.00000000
346360.7644613295,4069647.3451041644,0.7235705720553107,0.00000000
346360.8019336576,4069647.3782074065,0.7235705643875595,0.00000000
346360.83940598584,4069647.411310648,0.7235705625397567,0.00000000
346360.8768783142,4069647.4444138897,0.7235705624473666,0.00000001
346360.91435064253,4069647.4775171313,0.7235705705379392,0.00000000
346360.95182297076,4069647.5106203733,0.723570572406883,0.00000000
346360.9892952989,4069647.5437236154,0.7235705644051382,0.00000000
346361.0267676271,4069647.576826857,0.7235705625406357,0.00000001
346361.06423995545,4069647.6099300985,0.7235705624474106,0.00000000
346361.1017122838,4069647.64303334,0.7235705698057336,0.00000000
346361.1391846121,4069647.676136582,0.7235705657394961,0.00000001
346361.1766569402,4069647.7092398237,0.7235705707025456,0.00000000
346361.2141292684,4069647.742343066,0.723570562855506,0.00000001
346361.25160159677,4069647.7754463074,0.7235705624631541,0.00000000
346361.2890739251,4069647.808549549,0.7235705698065208,0.00000001
346361.3265462534,4069647.841652791,0.7235705657395354,0.00000001
346361.3640185815,4069647.8747560326,0.7235705714347552,0.00000000
346361.4014909097,4069647.9078592747,0.7235705621599088,0.00000000
346361.4389632381,4069647.9409625162,0.7235705624283743,0.00000000
346361.47643556644,4069647.974065758,0.7235705639062128,0.00000000
346361.51390789467,4069648.0071689994,0.7235705720752967,0.00000000
346361.5513802228,4069648.0402722415,0.7235705710193356,0.00000000
346361.588852551,4069648.0733754835,0.7235705628713456,0.00000000
346361.62632487935,4069648.106478725,0.723570562463946,0.00000000
346361.6637972077,4069648.1395819667,0.7235705617113684,0.00000001
346361.7012695361,4069648.1726852083,0.7235705638703624,0.00000001
346361.73874186433,4069648.20578845,0.7235705720735042,0.00000000
346361.77621419245,4069648.238891692,0.723570571019246,0.00000000
346361.8136865207,4069648.271994934,0.723570562871341,0.00000000
346361.851158849,4069648.3050981755,0.7235705624639458,0.00000001
346361.88863117737,4069648.338201417,0.7235705631757837,0.00000000
346361.92610350566,4069648.3713046587,0.7235705720387753,0.00000000
346361.96357583377,4069648.4044079008,0.7235705643867327,0.00000000
346362.001048162,4069648.4375111423,0.7235705625397154,0.00000000
346362.03852049034,4069648.470614384,0.7235705690781412,0.00000000
346362.0759928187,4069648.503717626,0.7235705635064934,0.00000001
346362.113465147,4069648.5368208676,0.7235705720553107,0.00000000
346362.1509374751,4069648.5699241096,0.7235705651197673,0.00000000
346362.18840980326,4069648.603027351,0.7235705625763671,0.00000000
346362.2258821316,4069648.636130593,0.7235705624491972,0.00000000
346362.26335445995,4069648.6692338344,0.7235705698058229,0.00000000
346362.30082678824,4069648.7023370764,0.7235705657395005,0.00000000
346362.33829911635,4069648.735440318,0.7235705707025458,0.00000000
346362.3757714446,4069648.76854356,0.723570562855506,0.00000000
346362.4132437729,4069648.8016468016,0.7235705624631541,0.00000001
346362.4507161013,4069648.834750043,0.7235705698065208,0.00000000
346362.48818842956,4069648.8678532853,0.7235705657395354,0.00000000
346362.5256607577,4069648.900956527,0.7235705714347552,0.00000000
346362.56313308585,4069648.934059769,0.7235705621599088,0.00000000
346362.60060541425,4069648.9671630105,0.7235705624283743,0.00000000
346362.6380777426,4069649.000266252,0.7235705631740051,0.00000001
346362.6755500709,4069649.0333694937,0.7235705720386864,0.00000000
346362.713022399,4069649.0664727357,0.7235705717497127,0.00000000
346362.75049472717,4069649.099575978,0.7235705629078644,0.00000001
346362.7879670555,4069649.1326792194,0.723570562465772,0.00000000
346362.82543938386,4069649.165782461,0.7235705624436674,0.00000000
346362.8629117122,4069649.1988857025,0.7235705720021695,0.00000000
346362.9003840403,4069649.2319889446,0.723570571747887,0.00000000
346362.9378563685,4069649.2650921866,0.7235705629077731,0.00000000
346362.97532869683,4069649.298195428,0.7235705624657675,0.00000000
346363.0128010252,4069649.33129867,0.7235705624436671,0.00000000
346363.0502733535,4069649.3644019114,0.7235705631747698,0.00000000
346363.0877456818,4069649.397505153,0.7235705720387245,0.00000000
346363.1252180099,4069649.430608395,0.7235705717497147,0.00000000
346363.1626903381,4069649.463711637,0.7235705629078645,0.00000000
346363.20016266644,4069649.4968148787,0.7235705617335643,0.00000000
346363.23763499485,4069649.5299181202,0.7235705631392646,0.00000000
346363.27510732313,4069649.563021362,0.7235705720369493,0.00000001
346363.31257965125,4069649.596124604,0.7235705651188492,0.00000000
346363.3500519794,4069649.6292278455,0.7235705625763212,0.00000001
346363.38752430776,4069649.662331087,0.7235705690799715,0.00000001
346363.4249966361,4069649.695434329,0.7235705627743774,0.00000000
346363.46246896446,4069649.7285375707,0.723570572018705,0.00000001
346363.49994129257,4069649.7616408127,0.723570565117937,0.00000000
346363.53741362074,4069649.7947440543,0.7235705625762756,0.00000000
346363.5748859491,4069649.827847296,0.7235705624491926,0.00000000
346363.61235827743,4069649.8609505375,0.723570569073615,0.00000000
346363.6498306058,4069649.8940537795,0.7235705657028901,0.00000001
346363.6873029339,4069649.927157021,0.7235705721651307,0.00000000
346363.724775262,4069649.960260263,0.7235705621964276,0.00000000
346363.7622475904,4069649.9933635048,0.7235705624302001,0.00000001
346363.79971991875,4069650.0264667463,0.7235705631740964,0.00000001
346363.83719224704,4069650.059569988,0.7235705713064833,0.00000000
346363.8746645752,4069650.09267323,0.7235705724453103,0.00000000
346363.9121369033,4069650.125776472,0.7235705629426443,0.00000000
346363.94960923167,4069650.1588797136,0.723570562467511,0.00000000
346363.98708156,4069650.191982955,0.7235705624437543,0.00000000
346364.02455388836,4069650.225086197,0.7235705712699662,0.00000000
346364.06202621653,4069650.258189439,0.7235705724434844,0.00000000
346364.09949854465,4069650.291292681,0.723570562942553,0.00000001
346364.136970873,4069650.3243959225,0.7235705624675064,0.00000001
346364.17444320134,4069650.357499164,0.7235705624437541,0.00000001
346364.2119155297,4069650.3906024056,0.7235705720021738,0.00000001
346364.2493878578,4069650.4237056477,0.7235705724800948,0.00000002
346364.2868601859,4069650.4568088898,0.7235705629443835,0.00000002
346364.32433251425,4069650.4899121313,0.723570562467598,0.00000003
346364.3618048426,4069650.523015373,0.7235705624437586,0.00000003
346364.39927717095,4069650.5561186145,0.7235705712699664,0.00000003
346364.4367494991,4069650.5892218566,0.7235705658127077,0.00000004
346364.47422182723,4069650.622325098,0.7235705692417909,0.00000005
346364.5116941556,4069650.65542834,0.7235705627824683,0.00000005
346364.5491664839,4069650.688531582,0.7235705624595021,0.00000006
346364.58663881227,4069650.7216348234,0.7235705646399768,0.00000007
346364.62411114044,4069650.754738065,0.7235705721119849,0.00000008
346364.66158346855,4069650.787841307,0.723570562925978,0.00000009
346364.6990557969,4069650.8209445486,0.7235705690974543,0.00000011
346364.73652812524,4069650.8540477906,0.7235705627752514,0.00000012
346364.7740004536,4069650.887151032,0.7235705624591413,0.00000014
346364.81147278193,4069650.920254274,0.7235705653721665,0.00000016
346364.84894511005,4069650.9533575154,0.7235705721485944,0.00000019
346364.88641743816,4069650.9864607574,0.7235705629278085,0.00000021
346364.9238897665,4069651.019563999,0.7235705617345615,0.00000025
346364.9613620949,4069651.0526672406,0.7235705690378835,0.00000028
346364.99883442326,4069651.0857704827,0.7235705657011036,0.00000032
346365.03630675137,4069651.1188737242,0.7235705721650413,0.00000037
346365.0737790795,4069651.1519769663,0.7235705629286309,0.00000042
346365.1112514078,4069651.185080208,0.7235705624668103,0.00000048
346365.1487237362,4069651.2181834495,0.7235705624437193,0.00000054
346365.1861960645,4069651.251286691,0.7235705712699644,0.00000062
346365.2236683927,4069651.284389933,0.7235705724434843,0.00000071
346365.2611407208,4069651.317493175,0.7235705636747606,0.00000081
346365.2986130491,4069651.3505964167,0.723570561771909,0.00000092
346365.3360853775,4069651.3836996583,0.7235705624089742,0.00000104
346365.37355770584,4069651.4168029,0.7235705712682272,0.00000119
346365.411030034,4069651.449906142,0.7235705724433974,0.00000135
346365.4485023621,4069651.483009384,0.7235705629425486,0.00000154
346365.48597469047,4069651.5161126256,0.7235705617352984,0.00000175
346365.5234470189,4069651.549215867,0.7235705616749359,0.00000198
346365.5609193473,4069651.582319109,0.7235705638685408,0.00000225
346365.5983916755,4069651.6154223504,0.7235705713412055,0.00000256
346365.6358640037,4069651.6485255924,0.7235705621552313,0.00000290
346365.6733363321,4069651.681628834,0.723570560963725,0.00000329
346365.71080866054,4069651.7147320756,0.7235705609041496,0.00000373
346365.748280989,4069651.747835317,0.7235705535381863,0.00000422
346365.7857533175,4069651.7809385583,0.7235705583362497,0.00000478
346365.82322564616,4069651.8140418,0.7235705504809608,0.00000541
346365.8606979749,4069651.847145041,0.7235705471593656,0.00000612
346365.8981703039,4069651.880248282,0.7235705388980938,0.00000692
346365.935642633,4069651.9133515228,0.7235705362884072,0.00000782
346365.9731149623,4069651.9464547634,0.723570527330523,0.00000883
346366.01058729173,4069651.9795580036,0.7235705239537983,0.00000997
346366.0480596214,4069652.012661244,0.7235705134931468,0.00001124
346366.0855319514,4069652.0457644835,0.723570511505699,0.00001268
346366.1230042815,4069652.0788677232,0.7235705003823039,0.00001429
346366.1604766119,4069652.1119709625,0.7235704983617188,0.00001610
346366.1979489425,4069652.1450742017,0.7235704879688744,0.00001813
346366.23542127333,4069652.1781774405,0.7235704764252093,0.00002041
346366.27289360453,4069652.211280679,0.7235704611629652,0.00002295
346366.31036593637,4069652.2443839167,0.7235704368873922,0.00002580
346366.347838269,4069652.2774871537,0.7235704128933603,0.00002899
346366.38531060243,4069652.3105903897,0.7235703808182123,0.00003256
346366.4227829367,4069652.3436936243,0.7235703623327719,0.00003655
346366.4602552718,4069652.3767968584,0.7235703290686386,0.00004100
346366.4977276079,4069652.409900091,0.7235702906723256,0.00004596
346366.5351999453,4069652.4430033225,0.7235702512871963,0.00005150
346366.57267228415,4069652.4761065524,0.7235702030252255,0.00005768
346366.61014462454,4069652.5092097805,0.7235701425631821,0.00006455
346366.6476169669,4069652.5423130062,0.7235700778300985,0.00007220
346366.68508931156,4069652.5754162297,0.72356999522866,0.00008071
346366.7225616588,4069652.60851945,0.7235699102693889,0.00009017
346366.7600340088,4069652.6416226667,0.7235698207989836,0.00010067
346366.7975063619,4069652.6747258804,0.7235697105193889,0.00011232
346366.83497871866,4069652.70782909,0.7235695852464837,0.00012524
346366.87245107966,4069652.7409322946,0.7235694511287166,0.00013954
346366.909923445,4069652.7740354943,0.7235693114432594,0.00015538
346366.94739581516,4069652.807138689,0.7235691303121488,0.00017288
346366.98486819124,4069652.8402418764,0.7235689316914921,0.00019221
346367.02234057395,4069652.8733450565,0.7235686976598728,0.00021355
346367.05981296446,4069652.906448228,0.7235684368808325,0.00023705
346367.0972853637,4069652.9395513893,0.7235681409601413,0.00026293
346367.1347577728,4069652.9726545396,0.7235678080136758,0.00029138
346367.1722301929,4069653.0057576774,0.7235674254587935,0.00032261
346367.2097026258,4069653.0388608007,0.7235669823745416,0.00035686
346367.2471750734,4069653.071963907,0.7235664841134677,0.00039434
346367.2846475378,4069653.105066995,0.7235659117829994,0.00043530
346367.3221200209,4069653.138170061,0.7235652755444695,0.00047997
346367.35959252546,4069653.1712731034,0.7235645574779429,0.00052861
346367.397065054,4069653.2043761187,0.723563744198981,0.00058145
346367.4345376095,4069653.2374791033,0.7235628100614873,0.00063872
346367.472010196,4069653.2705820524,0.7235617560207763,0.00070061
346367.5094828178,4069653.303684962,0.7235605673985729,0.00076732
346367.54695547925,4069653.336787827,0.7235592133176536,0.00083899
346367.58442818566,4069653.3698906405,0.7235576827155646,0.00091571
346367.621900943,4069653.4029933964,0.7235559522589313,0.00099749
346367.659373758,4069653.436096087,0.723554000929605,0.00108427
346367.696846638,4069653.469198704,0.7235518107950913,0.00117593
346367.734319591,4069653.502301239,0.7235493302317261,0.00127229
346367.7717926266,4069653.53540368,0.7235465294848811,0.00137315
346367.8092657553,4069653.5685060155,0.7235433857921729,0.00147829
346367.8467389889,4069653.6016082326,0.7235398296334106,0.00158746
346367.88421234087,4069653.6347103156,0.7235358318235092,0.00170042
346367.92168582574,4069653.6678122478,0.7235313446518304,0.00181690
346367.9591594601,4069653.700914011,0.7235262907610289,0.00193665
346367.9966332628,4069653.7340155835,0.7235206177939619,0.00205943
346368.0341072544,4069653.7671169424,0.7235142423034726,0.00218500
346368.0715814583,4069653.800218061,0.7235070829486221,0.00231311
346368.1090559003,4069653.8333189096,0.7234990681370973,0.00244354
346368.1465306094,4069653.8664194564,0.7234900567915907,0.00257608
346368.1840056182,4069653.8995196633,0.7234799897921516,0.00271051
346368.2214809624,4069653.932619491,0.7234686914158336,0.00284664
346368.25895668246,4069653.965718893,0.7234560611072632,0.00298426
346368.29643282294,4069653.9988178187,0.723441946132613,0.00312321
346368.33390943334,4069654.0319162128,0.7234261492484588,0.00326331
346368.3713865692,4069654.065014011,0.7234085210675162,0.00340438
346368.408864292,4069654.0981111457,0.7233888387619073,0.00354626
346368.4463426697,4069654.1312075383,0.7233668825490907,0.00368881
346368.4838217779,4069654.1643031035,0.7233424114831182,0.00383186
346368.5213017005,4069654.1973977466,0.7233151497115086,0.00397527
346368.5587825302,4069654.2304913625,0.7232847917312131,0.00411889
346368.5962643697,4069654.2635838343,0.723251035038138,0.00426256
346368.63374733255,4069654.2966750343,0.7232134985094645,0.00440615
346368.6712315438,4069654.3297648197,0.723171804591062,0.00454951
346368.7087171419,4069654.362853034,0.7231255310339633,0.00469247
346368.74620427925,4069654.3959395047,0.7230742121369342,0.00483489
346368.7836931232,4069654.4290240416,0.7230173441185312,0.00497661
346368.82118385815,4069654.4621064356,0.7229543837825042,0.00511745
346368.8586766865,4069654.495186457,0.7228847396682668,0.00525724
346368.8961718301,4069654.528263854,0.7228077863417184,0.00539580
346368.93366953207,4069654.561338351,0.7227228157372311,0.00553292
346368.97117005795,4069654.594409646,0.7226291172735536,0.00566841
346369.0086736976,4069654.62747741,0.7225259074088459,0.00580204
346369.04618076654,4069654.660541284,0.7224123372443068,0.00593356
346369.08369160834,4069654.6936008777,0.7222875428556154,0.00606274
346369.1212065949,4069654.7266557678,0.7221505927429986,0.00618930
346369.15872612933,4069654.759705496,0.7220005034210921,0.00631296
346369.1962506464,4069654.7927495665,0.7218363043966773,0.00643339
346369.2337806135,4069654.8257874474,0.7216569271386971,0.00655028
346369.2713165324,4069654.8588185655,0.7214613513380947,0.00666328
346369.3088589388,4069654.89184231,0.7212485398365218,0.00677200
346369.34640840214,4069654.92485803,0.7210174612686561,0.00687607
346369.38396552537,4069654.957865036,0.7207671507124819,0.00697506
346369.42153094296,4069654.9908626024,0.720496686863786,0.00706853
346369.4591053187,4069655.0238499674,0.7202053262821114,0.00715603
346369.4966893402,4069655.056826342,0.719892469571095,0.00723709
346369.53428371396,4069655.0897909137,0.7195577589262152,0.00731123
346369.5718891572,4069655.1227428573,0.7192011350411653,0.00737795
346369.6095063872,4069655.155681344,0.7188229659121125,0.00743677
346369.64713610825,4069655.1886055605,0.7184241469390853,0.00748720
346369.6847789927,4069655.2215147256,0.7180062378392436,0.00752878
346369.7224356601,4069655.254408119,0.7175716337638691,0.00756109
346369.7601066483,4069655.28728511,0.717123757080707,0.00758376
346369.7977923805,4069655.3201451995,0.7166673101067361,0.00759649
346369.8354931224,4069655.352988067,0.7162085839720858,0.00759911
346369.87320893037,4069655.3858136325,0.7157547434506326,0.00759156
346369.9109396235,4069655.418622087,0.715311395513124,0.00757397
346369.9486848403,4069655.4514138317,0.7148827026327688,0.00754657
346369.98644408624,4069655.4841894214,0.7144716532932538,0.00750970
346370.0242167707,4069655.5169495223,0.7140803307528746,0.00746376
346370.06200223847,4069655.549694879,0.7137099948522533,0.00740918
346370.099799794,4069655.5824262816,0.7133613785938512,0.00734644
346370.13760872086,4069655.615144549,0.7130346618337952,0.00727603
346370.17542829737,4069655.647850505,0.7127297093776298,0.00719843
346370.2132578087,4069655.68054497,0.7124460499799649,0.00711414
346370.25109655585,4069655.7132287454,0.7121830536387571,0.00702363
346370.2889438622,4069655.7459026095,0.7119398935650868,0.00692737
346370.326799078,4069655.778567309,0.7117156583153686,0.00682580
346370.3646615852,4069655.811223557,0.7115093357481113,0.00671936
346370.4025307984,4069655.8438720284,0.7113199049492773,0.00660844
346370.4404061666,4069655.876513359,0.7111463199370937,0.00649343
346370.4782871731,4069655.9091481464,0.7109875416227464,0.00637471
346370.5161733353,4069655.941776948,0.7108425504467935,0.00625259
346370.55406420445,4069655.974400284,0.7107103540169146,0.00612742
346370.5919593638,4069656.0070186355,0.7105899948269707,0.00599948
346370.6298584287,4069656.03963245,0.710480542876471,0.00586906
346370.6677610442,4069656.0722421375,0.7103811620649835,0.00573641
346370.7056668832,4069656.1048480785,0.710290993224351,0.00560179
346370.74357564613,4069656.1374506196,0.7102092976303936,0.00546543
346370.7814870577,4069656.1700500804,0.7101353596065455,0.00532753
346370.81940086646,4069656.2026467538,0.710068494191541,0.00518830
346370.8573168426,4069656.235240906,0.7100081006892559,0.00504793
346370.89523477596,4069656.267832781,0.7099535847811804,0.00490661
346370.933154476,4069656.300422601,0.7099044081419323,0.00476450
346370.97107576934,4069656.3330105664,0.7098601127140209,0.00462177
346371.008998498,4069656.365596862,0.7098202336929857,0.00447858
346371.0469225184,4069656.398181654,0.7097843615595106,0.00433508
346371.084847701,4069656.430765094,0.7097520852823728,0.00419142
346371.12277392874,4069656.4633473163,0.7097231026183858,0.00404776
346371.16070109536,4069656.4959284463,0.7096970777141646,0.00390423
346371.1986291048,4069656.528508595,0.7096737433002274,0.00376098
346371.23655786994,4069656.5610878645,0.7096528117989099,0.00361817
346371.27448731265,4069656.5936663444,0.7096340648842532,0.00347595
346371.3124173627,4069656.626244118,0.7096172611139421,0.00333446
346371.3503479565,4069656.6588212578,0.709602246357463,0.00319387
346371.3882790366,4069656.691397832,0.7095887986875005,0.00305434
346371.42621055193,4069656.7239738987,0.7095767757585336,0.00291604
346371.4641424566,4069656.7565495125,0.7095660305968997,0.00277915
346371.502074709,4069656.789124721,0.7095564399637336,0.00264386
346371.540007272,4069656.8216995685,0.7095478813520867,0.00251035
346371.57794011186,4069656.854274093,0.7095402466640183,0.00237884
346371.61587319884,4069656.88684833,0.7095334371683608,0.00224954
346371.6538065063,4069656.9194223103,0.7095273757245735,0.00212267
346371.6917400097,4069656.951996062,0.709521983845415,0.00199845
346371.7296736878,4069656.9845696106,0.7095171779696146,0.00187713
346371.7676075214,4069657.017142978,0.7095129032932072,0.00175896
346371.8055414933,4069657.0497161844,0.7095091042887365,0.00164418
346371.84347558836,4069657.082289248,0.7095057153418397,0.00153304
346371.88140979275,4069657.114862183,0.7095027168289675,0.00142581
346371.91934409447,4069657.1474350058,0.7095000425412086,0.00132273
346371.95727848244,4069657.1800077274,0.7094976881836836,0.00122403
346371.9952129468,4069657.2125803605,0.7094955818294849,0.00112993
346372.03314747906,4069657.245152914,0.7094937239412633,0.00104063
346372.0710820716,4069657.2777253976,0.7094920687313532,0.00095626
346372.10901671764,4069657.310297819,0.7094906088670931,0.00087694
346372.146951411,4069657.342870185,0.7094893240724787,0.00080269
346372.1848861458,4069657.375442503,0.709488183337832,0.00073344
346372.2228209177,4069657.408014778,0.7094871613725365,0.00066909
346372.2607557226,4069657.4405870144,0.7094862621837338,0.00060948
346372.2986905564,4069657.473159217,0.7094854773262492,0.00055440
346372.3366254158,4069657.50573139,0.7094847766454989,0.00050364
346372.3745602977,4069657.5383035364,0.7094841595826846,0.00045696
346372.41249519953,4069657.5708756596,0.7094836136335629,0.00041414
346372.4504301191,4069657.6034477623,0.7094831417752222,0.00037491
346372.488365054,4069657.6360198474,0.7094827256880285,0.00033906
346372.5263000022,4069657.6685919166,0.7094823514877422,0.00030633
346372.5642349626,4069657.701163972,0.7094820278461156,0.00027651
346372.6021699336,4069657.733736015,0.709481734566868,0.00024937
346372.64010491397,4069657.766308047,0.7094814780732843,0.00022470
346372.6780399025,4069657.798880069,0.709481253643326,0.00020231
346372.7159748983,4069657.831452083,0.7094810528873329,0.00018201
346372.7539099008,4069657.864024089,0.7094808825903941,0.00016362
346372.7918449086,4069657.896596089,0.7094807404384685,0.00014699
346372.8297799213,4069657.9291680837,0.7094805987448007,0.00013195
346372.8677149383,4069657.961740073,0.7094804741016301,0.00011838
346372.9056499594,4069657.9943120573,0.7094803731022251,0.00010613
346372.9435849838,4069658.026884038,0.7094802658519002,0.00009509
346372.9815200116,4069658.0594560145,0.7094801885133786,0.00008514
346373.01945504197,4069658.0920279883,0.7094801169931866,0.00007620
346373.05739007454,4069658.1245999592,0.7094800620710433,0.00006815
346373.0953251091,4069658.1571719283,0.7094800027070624,0.00006091
346373.1332601455,4069658.189743895,0.7094799460028148,0.00005442
346373.17119518353,4069658.2223158595,0.7094799131717978,0.00004859
346373.2091302229,4069658.254887823,0.7094798673886779,0.00004336
346373.2470652637,4069658.2874597847,0.7094798319933449,0.00003867
346373.2850003055,4069658.320031745,0.7094798074323372,0.00003448
346373.3229353481,4069658.352603704,0.7094797812516771,0.00003072
346373.3608703916,4069658.3851756626,0.7094797645845141,0.00002736
346373.3988054358,4069658.4177476205,0.7094797320858914,0.00002435
346373.43674048095,4069658.450319577,0.7094797069492629,0.00002167
346373.4746755269,4069658.4828915326,0.7094796946570391,0.00001927
346373.5126105732,4069658.5154634877,0.7094796858888601,0.00001713
346373.5505456196,4069658.5480354424,0.7094796811277142,0.00001522
346373.5884806664,4069658.580607397,0.7094796794487445,0.00001351
346373.6264157133,4069658.6131793517,0.7094796683294036,0.00001199
346373.6643507605,4069658.645751306,0.7094796581789564,0.00001064
346373.702285808,4069658.6783232596,0.709479656950978,0.00000944
346373.7402208555,4069658.7108952133,0.7094796458541864,0.00000837
346373.7781559034,4069658.7434671666,0.7094796357048667,0.00000741
346373.8160909515,4069658.7760391193,0.709479640469144,0.00000657
346373.8540259997,4069658.8086110726,0.709479624400222,0.00000581
346373.8919610482,4069658.841183025,0.7094796207149515,0.00000514
346373.9298960969,4069658.8737549772,0.7094796272433437,0.00000455
346373.96783114556,4069658.90632693,0.7094796201366513,0.00000402
346374.0057661943,4069658.9388988824,0.7094796205017729,0.00000355
346374.043701243,4069658.9714708347,0.7094796219609413,0.00000314
346374.0816362916,4069659.004042787,0.7094796198725313,0.00000277
346374.1195713403,4069659.0366147393,0.7094796197681107,0.00000245
346374.1575063891,4069659.0691866917,0.7094796212038019,0.00000216
346374.1954414377,4069659.101758644,0.7094796198346742,0.00000190
346374.23337648646,4069659.1343305963,0.7094796183253057,0.00000168
346374.2713115353,4069659.1669025486,0.7094796122576377,0.00000148
346374.30924658413,4069659.1994745005,0.70947961866691,0.00000130
346374.34718163294,4069659.232046453,0.709479621148742,0.00000115
346374.3851166816,4069659.264618405,0.709479618391009,0.00000101
346374.42305173044,4069659.2971903575,0.7094796182531224,0.00000089
346374.4609867793,4069659.32976231,0.7094796211280525,0.00000078
346374.49892182794,4069659.362334262,0.7094796183899746,0.00000069
346374.5368568768,4069659.3949062144,0.7094796122608711,0.00000060
346374.5747919256,4069659.4274781663,0.7094796275410957,0.00000053
346374.61272697424,4069659.460050119,0.7094796119979709,0.00000047
346374.6506620231,4069659.492622071,0.7094796186539267,0.00000041
346374.6885970719,4069659.5251940233,0.7094796211480928,0.00000036
346374.72653212055,4069659.5577659756,0.7094796183909766,0.00000032
346374.7644671694,4069659.590337928,0.7094796182531208,0.00000028
346374.8024022183,4069659.6229098802,0.7094796122540284,0.00000024
346374.8403372671,4069659.655481832,0.7094796179462735,0.00000021
346374.87827231595,4069659.6880537844,0.7094796211127101,0.00000019
346374.9162073646,4069659.7206257368,0.7094796191096636,0.00000016
346374.9541424134,4069659.753197689,0.7094796182890551,0.00000014
346374.99207746226,4069659.7857696414,0.7094796211298492,0.00000012
346375.0300125109,4069659.8183415937,0.7094796183900645,0.00000011
346375.06794755976,4069659.850913546,0.7094796122608756,0.00000009
346375.10588260856,4069659.883485498,0.709479627541096,0.00000008
346375.1438176572,4069659.9160574507,0.7094796119979709,0.00000007
346375.18175270606,4069659.9486294026,0.7094796179334706,0.00000006
346375.2196877549,4069659.981201355,0.7094796182302455,0.00000005
346375.2576228038,4069660.013773307,0.7094796122528847,0.00000004
346375.2955578526,4069660.046345259,0.7094796275406965,0.00000004
346375.33349290123,4069660.078917212,0.709479611997951,0.00000003
346375.3714279501,4069660.1114891637,0.7094796186539257,0.00000003
346375.4093629989,4069660.144061116,0.7094796211480927,0.00000003
346375.44729804754,4069660.1766330684,0.7094796183909766,0.00000002
346375.4852330964,4069660.2092050207,0.7094796189735769,0.00000001
346375.5231681452,4069660.241776973,0.7094796211640753,0.00000002
346375.56110319385,4069660.2743489253,0.7094796183917758,0.00000001
346375.5990382427,4069660.3069208777,0.7094796115405049,0.00000001
346375.6369732916,4069660.3394928295,0.7094796186310534,0.00000000
346375.6749083404,4069660.372064782,0.7094796182651246,0.00000001
346375.71284338925,4069660.404636734,0.7094796211286527,0.00000000
346375.7507784379,4069660.4372086865,0.7094796191104608,0.00000000
346375.7887134867,4069660.469780639,0.7094796115764391,0.00000000
346375.82664853556,4069660.5023525907,0.7094796275068742,0.00000000
346375.8645835842,4069660.5349245435,0.7094796119962599,0.00000000
346375.90251863305,4069660.5674964953,0.709479617933385,0.00000000
346375.9404536819,4069660.6000684476,0.7094796211120656,0.00000000
346375.97838873055,4069660.6326404,0.7094796191096314,0.00000000
346376.01632377936,4069660.6652123523,0.7094796182890536,0.00000000
346376.0542588282,4069660.6977843046,0.7094796115353688,0.00000000
346376.0921938771,4069660.7303562565,0.7094796186307966,0.00000001
346376.1301289259,4069660.762928209,0.7094796211469363,0.00000000
346376.16806397453,4069660.795500161,0.7094796183909188,0.00000000
346376.2059990234,4069660.8280721135,0.709479618973574,0.00000000
346376.2439340722,4069660.860644066,0.7094796211640751,0.00000000
346376.28186912084,4069660.893216018,0.7094796183917758,0.00000000
346376.3198041697,4069660.9257879704,0.7094796122609611,0.00000001
346376.3577392185,4069660.9583599223,0.7094796275411003,0.00000000
346376.39567426714,4069660.990931875,0.7094796119979712,0.00000000
346376.433609316,4069661.023503827,0.7094796179334706,0.00000000
346376.4715443649,4069661.0560757793,0.7094796189507017,0.00000000
346376.5094794137,4069661.0886477316,0.7094796115684512,0.00000000
346376.54741446255,4069661.1212196834,0.7094796275064748,0.00000000
346376.5853495112,4069661.153791636,0.7094796119962399,0.00000001
346376.62328456005,4069661.186363588,0.709479617933384,0.00000000
346376.6612196089,4069661.2189355404,0.7094796211120656,0.00000001
346376.69915465754,4069661.2515074927,0.7094796191096314,0.00000000
346376.73708970635,4069661.284079445,0.7094796182890536,0.00000000
346376.7750247552,4069661.3166513974,0.7094796211298491,0.00000000
346376.81295980385,4069661.3492233497,0.7094796191105206,0.00000000
346376.85089485266,4069661.381795302,0.7094796115764421,0.00000001
346376.8888299015,4069661.414367254,0.7094796179123941,0.00000000
346376.9267649504,4069661.446939206,0.7094796189496478,0.00000000
346376.9646999992,4069661.4795111585,0.7094796211628789,0.00000000
346377.00263504783,4069661.512083111,0.7094796183917159,0.00000000
346377.0405700967,4069661.544655063,0.7094796122609581,0.00000000
346377.0785051455,4069661.577227015,0.7094796275411002,0.00000000
346377.11644019414,4069661.609798968,0.7094796119979712,0.00000001
346377.154375243,4069661.6423709197,0.7094796186539267,0.00000000
346377.1923102918,4069661.674942872,0.7094796204276368,0.00000000
346377.2302453405,4069661.7075148243,0.70947961907541,0.00000000
346377.2681803893,4069661.7400867767,0.7094796182873425,0.00000000
346377.3061154382,4069661.772658729,0.7094796115352833,0.00000000
346377.34405048704,4069661.805230681,0.7094796186307923,0.00000000
346377.38198553585,4069661.837802633,0.70947962042648,0.00000000
346377.41992058454,4069661.8703745855,0.7094796190753522,0.00000000
346377.45785563334,4069661.902946538,0.7094796182873396,0.00000000
346377.4957906822,4069661.93551849,0.7094796211297634,0.00000001
346377.53372573084,4069661.9680904425,0.7094796191105163,0.00000000
346377.57166077965,4069662.000662395,0.7094796115764419,0.00000001
346377.6095958285,4069662.0332343467,0.7094796207942186,0.00000000
346377.64753087715,4069662.065806299,0.709479619093739,0.00000000
346377.68546592596,4069662.0983782513,0.7094796182882589,0.00000000
346377.7234009748,4069662.1309502036,0.7094796182479849,0.00000000
346377.7613360237,4069662.163522156,0.7094796122537717,0.00000000
346377.7992710725,4069662.196094108,0.709479620828085,0.00000000
346377.8372061211,4069662.22866606,0.7094796183749762,0.00000000
346377.87514117,4069662.2612380125,0.7094796189727769,0.00000001
346377.9130762188,4069662.293809965,0.7094796204435793,0.00000000
346377.9510112675,4069662.326381917,0.709479619076207,0.00000000
346377.9889463163,4069662.3589538694,0.7094796182873824,0.00000000
346378.02688136516,4069662.3915258218,0.7094796211297656,0.00000000
346378.0648164138,4069662.424097774,0.7094796123978606,0.00000001
346378.1027514626,4069662.456669726,0.709479617953465,0.00000000
346378.14068651147,4069662.4892416783,0.7094796182312453,0.00000000
346378.17862156034,4069662.5218136306,0.7094796189655904,0.00000000
346378.21655660914,4069662.554385583,0.7094796204432199,0.00000000
346378.25449165783,4069662.5869575352,0.7094796190761892,0.00000000
346378.29242670664,4069662.6195294876,0.7094796115747256,0.00000000
346378.3303617555,4069662.6521014394,0.7094796207941327,0.00000001
346378.36829680414,4069662.6846733917,0.7094796190937348,0.00000000
346378.40623185295,4069662.717245344,0.7094796182882588,0.00000000
346378.4441669018,4069662.7498172964,0.7094796211298093,0.00000000
346378.48210195045,4069662.7823892487,0.7094796191105186,0.00000000
346378.52003699925,4069662.814961201,0.7094796182890979,0.00000000
346378.5579720481,4069662.8475331534,0.709479611535371,0.00000000
346378.595907097,4069662.880105105,0.7094796186307967,0.00000001
346378.6338421458,4069662.9126770576,0.7094796204264803,0.00000000
346378.6717771945,4069662.94524901,0.7094796190753522,0.00000000
346378.7097122433,4069662.977820962,0.7094796182873396,0.00000000
346378.74764729216,4069663.0103929145,0.7094796211297634,0.00000000
346378.7855823408,4069663.042964867,0.7094796123978605,0.00000001
346378.8235173896,4069663.0755368187,0.709479617953465,0.00000000
346378.86145243846,4069663.108108771,0.7094796211130697,0.00000000
346378.8993874871,4069663.1406807234,0.7094796191096816,0.00000000
346378.9373225359,4069663.1732526757,0.709479618289056,0.00000001
346378.97525758477,4069663.205824628,0.7094796182480247,0.00000000
346379.01319263363,4069663.2383965803,0.7094796122537737,0.00000000
346379.05112768244,4069663.270968532,0.7094796201076291,0.00000000
346379.08906273113,4069663.3035404845,0.7094796190594096,0.00000000
346379.12699777994,4069663.336112437,0.7094796182865425,0.00000001
346379.1649328288,4069663.368684389,0.7094796211297235,0.00000001
346379.20286787744,4069663.4012563415,0.7094796191105143,0.00000000
346379.24080292624,4069663.433828294,0.7094796182890977,0.00000000
346379.2787379751,4069663.466400246,0.7094796211298513,0.00000000
346379.31667302374,4069663.4989721985,0.709479612397865,0.00000000
346379.35460807255,4069663.5315441503,0.7094796179534653,0.00000000
346379.3925431214,4069663.5641161026,0.7094796182312453,0.00000000
346379.4304781703,4069663.596688055,0.7094796115324784,0.00000000
346379.46841321915,4069663.629260007,0.7094796275046761,0.00000000
346379.5063482678,4069663.6618319596,0.7094796127166062,0.00000000
346379.5442833166,4069663.6944039115,0.7094796179694023,0.00000001
346379.58221836545,4069663.726975864,0.7094796211138665,0.00000000
346379.6201534141,4069663.759547816,0.7094796191097215,0.00000000
346379.6580884629,4069663.7921197684,0.709479618289058,0.00000000
346379.69602351176,4069663.824691721,0.7094796211298493,0.00000000
346379.7339585604,4069663.857263673,0.7094796191105206,0.00000000
346379.7718936092,4069663.8898356254,0.7094796115764421,0.00000001
346379.80982865806,4069663.9224075773,0.7094796179123941,0.00000000
346379.84776370693,4069663.9549795296,0.7094796189496478,0.00000001
346379.88569875574,4069663.987551482,0.7094796204424229,0.00000000
346379.9236338044,4069664.0201234343,0.7094796190761493,0.00000000
346379.96156885324,4069664.0526953866,0.7094796115747236,0.00000000
346379.9995039021,4069664.0852673384,0.7094796275067884,0.00000001
346380.03743895073,4069664.117839291,0.7094796127167118,0.00000000
346380.07537399954,4069664.150411243,0.7094796179694076,0.00000000
346380.1133090484,4069664.1829831954,0.7094796203934108,0.00000000
346380.1512440971,4069664.2155551477,0.7094796190736987,0.00000000
346380.1891791459,4069664.2481271,0.7094796190077131,0.00000000
346380.2271141947,4069664.2806990524,0.7094796115713018,0.00000000
346380.2650492436,4069664.3132710042,0.7094796179121371,0.00000001
346380.30298429244,4069664.3458429566,0.7094796211110033,0.00000001
346380.3409193411,4069664.378414909,0.7094796191095782,0.00000000
346380.3788543899,4069664.410986861,0.7094796182890509,0.00000000
346380.41678943875,4069664.4435588135,0.709479621129849,0.00000000
346380.4547244874,4069664.476130766,0.7094796191105206,0.00000000
346380.4926595362,4069664.508702718,0.7094796115764421,0.00000000
346380.53059458506,4069664.54127467,0.7094796267864182,0.00000000
346380.56852963375,4069664.573846623,0.7094796134011493,0.00000001
346380.6064646825,4069664.6064185747,0.7094796180036295,0.00000001
346380.64439973136,4069664.638990527,0.7094796182337535,0.00000000
346380.6823347802,4069664.6715624793,0.70947961225306,0.00000000
346380.72026982903,4069664.704134431,0.709479626820249,0.00000000
346380.7582048777,4069664.736706384,0.7094796126823848,0.00000000
346380.79613992653,4069664.769278336,0.7094796179676912,0.00000001
346380.8340749754,4069664.801850288,0.709479620393325,0.00000000
346380.8720100241,4069664.8344222405,0.7094796197941504,0.00000000
346380.90994507284,4069664.866994193,0.7094796183232795,0.00000000
346380.9478801217,4069664.899566145,0.7094796204111044,0.00000000
346380.9858151704,4069664.9321380975,0.7094796190745833,0.00000001
346381.0237502192,4069664.96471005,0.7094796122951015,0.00000000
346381.061685268,4069664.9972820017,0.709479617948327,0.00000000
346381.0996203169,4069665.029853954,0.7094796182309884,0.00000000
346381.13755536574,4069665.0624259063,0.7094796211269458,0.00000001
346381.1754904144,4069665.0949978586,0.7094796191103754,0.00000000
346381.2134254632,4069665.127569811,0.7094796115764349,0.00000000
346381.25136051205,4069665.160141763,0.7094796267864178,0.00000001
346381.28929556074,4069665.1927137156,0.7094796134011493,0.00000000
346381.3272306095,4069665.2252856675,0.7094796180036295,0.00000000
346381.36516565835,4069665.25785762,0.7094796203951219,0.00000000
346381.40310070704,4069665.290429572,0.7094796197942402,0.00000000
346381.4410357558,4069665.3230015244,0.709479618323284,0.00000001
346381.47897080466,4069665.3555734768,0.7094796115370803,0.00000000
346381.5169058535,4069665.3881454286,0.709479617910426,0.00000001
346381.5548409024,4069665.420717381,0.7094796203904618,0.00000000
346381.5927759511,4069665.4532893333,0.7094796197940072,0.00000000
346381.63071099983,4069665.4858612856,0.7094796183232723,0.00000000
346381.6686460487,4069665.518433238,0.709479620411104,0.00000000
346381.7065810974,4069665.5510051902,0.7094796197950394,0.00000000
346381.74451614614,4069665.5835771426,0.7094796116106681,0.00000000
346381.782451195,4069665.6161490944,0.7094796200754738,0.00000000
346381.8203862437,4069665.6487210467,0.7094796190578019,0.00000000
346381.8583212925,4069665.681292999,0.7094796190069182,0.00000000
346381.8962563413,4069665.7138649514,0.7094796182839179,0.00000000
346381.9341913902,4069665.7464369037,0.709479611535112,0.00000000
346381.97212643904,4069665.7790088556,0.7094796267843516,0.00000000
346382.01006148773,4069665.8115808084,0.7094796134010459,0.00000000
346382.0479965365,4069665.84415276,0.7094796180036242,0.00000001
346382.08593158534,4069665.8767247126,0.7094796203951216,0.00000000
346382.12386663404,4069665.909296665,0.7094796197942402,0.00000000
346382.1618016828,4069665.941868617,0.709479618323284,0.00000000
346382.19973673165,4069665.9744405695,0.7094796204111046,0.00000000
346382.23767178034,4069666.007012522,0.7094796190745833,0.00000001
346382.27560682915,4069666.039584474,0.7094796115746453,0.00000001
346382.313541878,4069666.072156426,0.7094796186327604,0.00000000
346382.3514769268,4069666.1047283784,0.70947961826521,0.00000000
346382.3894119757,4069666.1373003307,0.7094796204082009,0.00000000
346382.4273470244,4069666.169872283,0.7094796197948942,0.00000000
346382.4652820731,4069666.2024442353,0.7094796116106609,0.00000000
346382.503217122,4069666.235016187,0.7094796200754735,0.00000001
346382.5411521707,4069666.2675881395,0.7094796197782578,0.00000000
346382.57908721943,4069666.300160092,0.7094796183224849,0.00000001
346382.6170222683,4069666.332732044,0.7094796204110646,0.00000000
346382.654957317,4069666.3653039965,0.7094796190745813,0.00000000
346382.6928923658,4069666.397875949,0.7094796190077572,0.00000000
346382.7308274146,4069666.430447901,0.709479611571304,0.00000000
346382.7687624635,4069666.463019853,0.7094796179121372,0.00000001
346382.80669751234,4069666.4955918053,0.7094796203905472,0.00000000
346382.844632561,4069666.5281637576,0.7094796197940115,0.00000000
346382.8825676098,4069666.56073571,0.7094796183232726,0.00000000
346382.92050265864,4069666.5933076623,0.709479620411104,0.00000000
346382.95843770733,4069666.6258796146,0.7094796190745833,0.00000000
346382.99637275614,4069666.658451567,0.7094796122951015,0.00000000
346383.03430780495,4069666.691023519,0.7094796201096955,0.00000000
346383.07224285364,4069666.723595471,0.709479619059513,0.00000001
346383.11017790245,4069666.7561674234,0.7094796182865476,0.00000000
346383.1481129513,4069666.788739376,0.7094796189683555,0.00000000
346383.1860480001,4069666.821311328,0.7094796115693339,0.00000000
346383.223983049,4069666.85388328,0.7094796200734071,0.00000001
346383.2619180977,4069666.8864552323,0.7094796197781545,0.00000000
346383.2998531464,4069666.9190271846,0.7094796183224797,0.00000000
346383.3377881953,4069666.951599137,0.7094796204110644,0.00000000
346383.375723244,4069666.9841710893,0.7094796197950374,0.00000000
346383.41365829273,4069667.0167430416,0.7094796183233238,0.00000001
346383.4515933416,4069667.049314994,0.7094796204111066,0.00000000
346383.4895283903,4069667.081886946,0.7094796190745835,0.00000001
346383.5274634391,4069667.1144588985,0.7094796122951016,0.00000001
346383.5653984879,4069667.1470308504,0.709479617948327,0.00000000
346383.60333353677,4069667.1796028027,0.7094796182309884,0.00000000
346383.64126858563,4069667.212174755,0.7094796204064898,0.00000000
346383.6792036343,4069667.2447467074,0.7094796190743526,0.00000000
346383.71713868313,4069667.2773186597,0.70947961229509,0.00000000
346383.75507373194,4069667.3098906116,0.7094796201096949,0.00000000
346383.79300878063,4069667.342462564,0.7094796190595128,0.00000000
346383.83094382944,4069667.375034516,0.7094796190070037,0.00000000
346383.86887887825,4069667.4076064685,0.7094796197248343,0.00000000
346383.906813927,4069667.440178421,0.7094796197607258,0.00000000
346383.94474897574,4069667.472750373,0.7094796183216083,0.00000000
346383.9826840246,4069667.5053223255,0.7094796122574528,0.00000000
346384.0206190734,4069667.5378942774,0.7094796179464447,0.00000000
346384.0585541223,4069667.5704662297,0.7094796203922626,0.00000000
346384.096489171,4069667.603038182,0.7094796197940973,0.00000000
346384.1344242197,4069667.6356101343,0.7094796183232769,0.00000000
346384.1723592686,4069667.6681820867,0.7094796204111042,0.00000000
346384.2102943173,4069667.700754039,0.7094796197950394,0.00000001
346384.248229366,4069667.7333259913,0.7094796116106681,0.00000000
346384.2861644149,4069667.765897943,0.7094796200754738,0.00000000
346384.3240994636,4069667.7984698955,0.7094796190578019,0.00000000
346384.3620345124,4069667.831041848,0.7094796182864621,0.00000000
346384.39996956126,4069667.8636138,0.7094796189683512,0.00000000
346384.43790461007,4069667.8961857525,0.7094796115693337,0.00000000
346384.47583965893,4069667.9287577043,0.7094796200734071,0.00000000
346384.5137747076,4069667.9613296567,0.7094796190576985,0.00000000
346384.55170975643,4069667.993901609,0.709479619006913,0.00000001
346384.58964480524,4069668.0264735613,0.7094796197248299,0.00000000
346384.627579854,4069668.0590455136,0.7094796197607256,0.00000000
346384.66551490274,4069668.091617466,0.7094796190420645,0.00000000
346384.70344995154,4069668.1241894183,0.7094796197265874,0.00000000
346384.7413850003,4069668.1567613706,0.7094796197608135,0.00000000
346384.77932004904,4069668.189333323,0.7094796116089568,0.00000001
346384.8172550979,4069668.221905275,0.709479618634476,0.00000000
346384.8551901467,4069668.254477227,0.7094796182652958,0.00000000
346384.8931251956,4069668.2870491794,0.7094796204082052,0.00000000
346384.9310602443,4069668.3196211318,0.7094796197948944,0.00000000
346384.968995293,4069668.352193084,0.7094796116106609,0.00000000
346385.0069303419,4069668.384765036,0.7094796200754735,0.00000000
346385.0448653906,4069668.4173369883,0.7094796190578018,0.00000000
346385.0828004394,4069668.4499089406,0.7094796182864621,0.00000000
346385.12073548825,4069668.482480893,0.7094796204092635,0.00000000
346385.15867053694,4069668.5150528452,0.7094796197949473,0.00000000
346385.1966055857,4069668.5476247976,0.7094796183233194,0.00000000
346385.23454063456,4069668.58019675,0.7094796122575383,0.00000000
346385.27247568336,4069668.6127687017,0.7094796179464489,0.00000000
346385.3104107322,4069668.645340654,0.7094796196718066,0.00000000
346385.348345781,4069668.6779126064,0.7094796197580745,0.00000000
346385.3862808297,4069668.7104845587,0.7094796190419319,0.00000000
346385.42421587853,4069668.743056511,0.7094796197265808,0.00000000
346385.4621509273,4069668.7756284634,0.7094796197608132,0.00000000
346385.50008597603,4069668.8082004157,0.709479612329413,0.00000001
346385.53802102484,4069668.8407723675,0.7094796193909548,0.00000000
346385.5759560736,4069668.87334432,0.709479619744032,0.00000000
346385.61389112234,4069668.905916272,0.7094796183207736,0.00000000
346385.6518261712,4069668.9384882245,0.7094796189700668,0.00000000
346385.68976122,4069668.971060177,0.7094796115694194,0.00000000
346385.7276962689,4069669.0036321287,0.7094796193529551,0.00000000
346385.7656313176,4069669.036204081,0.7094796197421319,0.00000000
346385.8035663664,4069669.0687760334,0.7094796190411348,0.00000000
346385.8415014152,4069669.1013479857,0.7094796197265409,0.00000000
346385.87943646393,4069669.133919938,0.7094796197608112,0.00000000
346385.9173715127,4069669.1664918903,0.7094796116089567,0.00000000
346385.95530656155,4069669.199063842,0.7094796200753882,0.00000000
346385.99324161024,4069669.2316357945,0.7094796197782536,0.00000000
346386.031176659,4069669.264207747,0.7094796183224846,0.00000000
346386.06911170785,4069669.296779699,0.7094796189701523,0.00000000
346386.10704675666,4069669.3293516515,0.7094796182820796,0.00000000
346386.1449818055,4069669.361923604,0.7094796196885882,0.00000000
346386.1829168543,4069669.394495556,0.7094796130462578,0.00000000
346386.220851903,4069669.427067508,0.709479618706341,0.00000000
346386.25878695183,4069669.4596394603,0.7094796197098012,0.00000000
346386.2967220006,4069669.4922114126,0.7094796197599742,0.00000000
346386.33465704933,4069669.524783365,0.7094796190420268,0.00000000
346386.37259209814,4069669.5573553173,0.7094796197265855,0.00000001
346386.4105271469,4069669.5899272696,0.7094796197608134,0.00000000
346386.44846219564,4069669.622499222,0.7094796116089568,0.00000000
346386.4863972445,4069669.655071174,0.709479619354932,0.00000000
346386.52433229325,4069669.687643126,0.709479620462687,0.00000000
346386.56226734194,4069669.7202150784,0.7094796183567064,0.00000000
346386.6002023908,4069669.752787031,0.7094796182514073,0.00000000
346386.6381374397,4069669.785358983,0.7094796122539427,0.00000000
346386.6760724885,4069669.817930935,0.7094796193871813,0.00000001
346386.71400753723,4069669.8505028873,0.7094796197438432,0.00000000
346386.751942586,4069669.8830748396,0.7094796183207641,0.00000000
346386.78987763484,4069669.915646792,0.7094796204109786,0.00000000
346386.82781268354,4069669.9482187442,0.709479619795033,0.00000001
346386.8657477323,4069669.9807906966,0.7094796183233236,0.00000000
346386.90368278115,4069670.013362649,0.7094796122575385,0.00000000
346386.94161782996,4069670.0459346008,0.7094796179464489,0.00000000
346386.9795528788,4069670.078506553,0.7094796196718066,0.00000000
346387.0174879276,4069670.1110785054,0.7094796197580745,0.00000000
346387.0554229763,4069670.1436504577,0.7094796190419319,0.00000000
346387.09335802513,4069670.17622241,0.7094796197265808,0.00000000
346387.1312930739,4069670.2087943624,0.7094796197608132,0.00000000
346387.1692281226,4069670.2413663147,0.7094796116089568,0.00000000
346387.2071631715,4069670.2739382666,0.709479619354932,0.00000001
346387.24509822024,4069670.306510219,0.709479620462687,0.00000001
346387.28303326893,4069670.339082171,0.7094796183567064,0.00000000
346387.3209683178,4069670.3716541235,0.7094796196923194,0.00000000
346387.35890336655,4069670.404226076,0.7094796204795564,0.00000000
346387.39683841524,4069670.436798028,0.7094796183575498,0.00000001
346387.4347734641,4069670.4693699805,0.7094796115387936,0.00000000
346387.47270851297,4069670.5019419324,0.7094796186309678,0.00000000
346387.5106435618,4069670.5345138847,0.7094796197060326,0.00000000
346387.5485786105,4069670.567085837,0.7094796197597858,0.00000000
346387.5865136593,4069670.5996577893,0.7094796183215613,0.00000000
346387.62444870814,4069670.6322297417,0.7094796196905622,0.00000000
346387.6623837569,4069670.664801694,0.7094796204794686,0.00000000
346387.7003188056,4069670.6973736463,0.7094796116448896,0.00000000
346387.73825385445,4069670.729945598,0.7094796186362726,0.00000000
346387.77618890326,4069670.7625175505,0.7094796182653856,0.00000000
346387.8141239521,4069670.795089503,0.7094796196877534,0.00000000
346387.85205900087,4069670.827661455,0.7094796197588719,0.00000000
346387.8899940496,4069670.8602334075,0.7094796116088598,0.00000000
346387.9279290985,4069670.8928053593,0.7094796193549271,0.00000001
346387.96586414723,4069670.9253773117,0.7094796204626868,0.00000001
346388.0037991959,4069670.957949264,0.7094796183567064,0.00000000
346388.0417342448,4069670.9905212163,0.7094796196923194,0.00000000
346388.07966929354,4069671.0230931686,0.7094796204795564,0.00000001
346388.11760434223,4069671.055665121,0.7094796183575498,0.00000000
346388.1555393911,4069671.0882370733,0.7094796196923616,0.00000000
346388.19347443985,4069671.1208090256,0.7094796204795585,0.00000000
346388.23140948854,4069671.153380978,0.709479611644894,0.00000000
346388.2693445374,4069671.18595293,0.7094796179158167,0.00000000
346388.30727958627,4069671.218524882,0.7094796182293628,0.00000000
346388.34521463513,4069671.2510968344,0.7094796196859523,0.00000001
346388.3831496839,4069671.2836687868,0.7094796204792381,0.00000000
346388.4210847326,4069671.316240739,0.709479611644878,0.00000000
346388.45901978144,4069671.348812691,0.7094796193567281,0.00000000
346388.4969548302,4069671.3813846433,0.7094796204627768,0.00000000
346388.5348898789,4069671.4139565956,0.7094796183567108,0.00000000
346388.57282492775,4069671.446528548,0.7094796196923197,0.00000000
346388.6107599765,4069671.4791005002,0.7094796197591001,0.00000000
346388.64869502524,4069671.5116724526,0.7094796190419831,0.00000000
346388.68663007405,4069671.544244405,0.7094796115730153,0.00000000
346388.7245651229,4069671.5768163567,0.7094796179122228,0.00000000
346388.7625001718,4069671.609388309,0.7094796196700953,0.00000000
346388.80043522053,4069671.6419602614,0.7094796204784451,0.00000000
346388.8383702692,4069671.6745322137,0.7094796183574943,0.00000000
346388.8763053181,4069671.707104166,0.7094796196923588,0.00000000
346388.91424036684,4069671.7396761184,0.7094796204795584,0.00000001
346388.9521754155,4069671.7722480707,0.709479611644894,0.00000001
346388.9901104644,4069671.8048200225,0.7094796179158167,0.00000000
346389.02804551326,4069671.837391975,0.7094796189498189,0.00000000
346389.06598056207,4069671.869963927,0.7094796190015191,0.00000000
346389.1039156109,4069671.9025358795,0.7094796204450163,0.00000001
346389.14185065957,4069671.935107832,0.709479611643167,0.00000000
346389.17978570843,4069671.9676797837,0.7094796193566425,0.00000000
346389.2177207572,4069672.000251736,0.7094796204627726,0.00000000
346389.2556558059,4069672.0328236884,0.7094796183567106,0.00000000
346389.29359085474,4069672.0653956407,0.7094796196923197,0.00000000
346389.3315259035,4069672.097967593,0.7094796197591001,0.00000000
346389.36946095224,4069672.1305395453,0.7094796190419831,0.00000000
346389.40739600104,4069672.1631114976,0.7094796197265834,0.00000000
346389.4453310498,4069672.19568345,0.7094796197608133,0.00000000
346389.48326609854,4069672.2282554023,0.709479612329413,0.00000001
346389.52120114735,4069672.260827354,0.7094796179500427,0.00000000
346389.5591361962,4069672.2933993065,0.7094796182310741,0.00000000
346389.5970712451,4069672.325971259,0.7094796196860379,0.00000000
346389.6350062938,4069672.358543211,0.7094796204792423,0.00000000
346389.6729413425,4069672.3911151635,0.7094796116448783,0.00000000
346389.7108763914,4069672.4236871153,0.7094796193567281,0.00000001
346389.74881144013,4069672.4562590676,0.7094796204627768,0.00000001
346389.7867464888,4069672.48883102,0.7094796183567108,0.00000000
346389.8246815377,4069672.5214029723,0.7094796182514075,0.00000000
346389.86261658656,4069672.5539749246,0.7094796122539427,0.00000000
346389.90055163536,4069672.5865468765,0.7094796186667253,0.00000001
346389.9384866842,4069672.619118829,0.7094796204282767,0.00000001
346389.97642173286,4069672.651690781,0.7094796183549859,0.00000000
346390.0143567817,4069672.6842627334,0.7094796196922335,0.00000000
346390.0522918305,4069672.7168346858,0.709479620479552,0.00000000
346390.09022687917,4069672.749406638,0.7094796183575496,0.00000000
346390.12816192803,4069672.7819785904,0.7094796196923616,0.00000000
346390.1660969768,4069672.8145505427,0.7094796197591022,0.00000000
346390.20403202553,4069672.847122495,0.7094796123293274,0.00000001
346390.24196707434,4069672.879694447,0.7094796186704945,0.00000000
346390.27990212315,4069672.9122663992,0.7094796204284651,0.00000000
346390.31783717184,4069672.9448383516,0.7094796190754514,0.00000000
346390.35577222065,4069672.977410304,0.7094796182873445,0.00000000
346390.3937072695,4069673.009982256,0.7094796115352834,0.00000000
346390.4316423184,4069673.042554208,0.7094796193512484,0.00000000
346390.4695773671,4069673.0751261604,0.7094796204625028,0.00000001
346390.5075124158,4069673.1076981127,0.7094796183566972,0.00000000
346390.5454474647,4069673.140270065,0.709479619692319,0.00000000
346390.58338251343,4069673.1728420174,0.7094796204795564,0.00000001
346390.6213175621,4069673.2054139697,0.7094796183575498,0.00000001
346390.659252611,4069673.237985922,0.7094796122592498,0.00000001
346390.6971876598,4069673.270557874,0.7094796268205585,0.00000000
346390.7351227085,4069673.3031298267,0.7094796119619441,0.00000001
346390.77305775735,4069673.3357017785,0.7094796186521254,0.00000000
346390.81099280616,4069673.368273731,0.7094796182661782,0.00000000
346390.848927855,4069673.400845683,0.7094796129751373,0.00000000
346390.8868629038,4069673.433417635,0.7094796268563529,0.00000001
346390.92479795247,4069673.465989588,0.7094796119637338,0.00000000
346390.96273300133,4069673.4985615397,0.7094796186522149,0.00000000
346391.00066805014,4069673.531133492,0.7094796204275512,0.00000000
346391.03860309883,4069673.5637054443,0.7094796190754057,0.00000000
346391.07653814764,4069673.5962773967,0.7094796190077984,0.00000000
346391.11447319645,4069673.628849349,0.7094796204453303,0.00000000
346391.15240824514,4069673.6614213013,0.7094796190762946,0.00000000
346391.19034329394,4069673.6939932536,0.7094796115747308,0.00000001
346391.2282783428,4069673.7265652055,0.7094796179123085,0.00000000
346391.2662133917,4069673.759137158,0.7094796196700995,0.00000000
346391.3041484404,4069673.79170911,0.7094796204784454,0.00000001
346391.3420834891,4069673.8242810625,0.7094796183574943,0.00000000
346391.380018538,4069673.856853015,0.709479612259247,0.00000000
346391.4179535868,4069673.8894249666,0.7094796201079028,0.00000001
346391.4558886355,4069673.921996919,0.7094796190594232,0.00000000
346391.4938236843,4069673.9545688713,0.7094796190069993,0.00000000
346391.5317587331,4069673.9871408236,0.7094796204452903,0.00000000
346391.5696937818,4069674.019712776,0.7094796183558365,0.00000000
346391.60762883065,4069674.0522847283,0.70947961897182,0.00000000
346391.64556387946,4069674.0848566806,0.7094796115695071,0.00000000
346391.6834989283,4069674.1174286325,0.7094796186325035,0.00000000
346391.72143397713,4069674.150000585,0.7094796211470216,0.00000000
346391.75936902576,4069674.182572537,0.7094796183909231,0.00000000
346391.79730407463,4069674.2151444894,0.7094796189735743,0.00000000
346391.83523912344,4069674.2477164418,0.7094796204436191,0.00000000
346391.8731741721,4069674.280288394,0.709479619076209,0.00000000
346391.91110922094,4069674.3128603464,0.7094796122951829,0.00000001
346391.94904426974,4069674.3454322983,0.7094796268223552,0.00000000
346391.98697931843,4069674.378004251,0.7094796126824902,0.00000001
346392.02491436724,4069674.410576203,0.7094796179676965,0.00000001
346392.0628494161,4069674.443148155,0.7094796182319568,0.00000000
346392.100784465,4069674.4757201076,0.7094796122529702,0.00000000
346392.1387195138,4069674.5082920594,0.7094796201075889,0.00000001
346392.17665456247,4069674.5408640117,0.7094796190594076,0.00000000
346392.2145896113,4069674.573435964,0.7094796190069985,0.00000000
346392.2525246601,4069674.6060079164,0.7094796204452903,0.00000000
346392.2904597088,4069674.6385798687,0.7094796190762926,0.00000000
346392.3283947576,4069674.671151821,0.7094796190078427,0.00000001
346392.3663298064,4069674.7037237734,0.7094796204453325,0.00000000
346392.4042648551,4069674.7362957257,0.7094796116431827,0.00000000
346392.44219990395,4069674.7688676775,0.7094796186361872,0.00000000
346392.48013495276,4069674.80143963,0.7094796182653813,0.00000000
346392.5180700016,4069674.834011582,0.7094796189672972,0.00000000
346392.5560050504,4069674.8665835345,0.7094796211637613,0.00000000
346392.59394009906,4069674.899155487,0.7094796183917601,0.00000000
346392.6318751479,4069674.931727439,0.7094796122609603,0.00000000
346392.66981019673,4069674.964299391,0.7094796201079885,0.00000001
346392.7077452454,4069674.9968713433,0.7094796190594276,0.00000000
346392.74568029423,4069675.0294432957,0.7094796190069995,0.00000000
346392.78361534304,4069675.062015248,0.7094796204452903,0.00000000
346392.82155039173,4069675.0945872003,0.7094796190762926,0.00000000
346392.85948544054,4069675.1271591526,0.7094796115747307,0.00000001
346392.8974204894,4069675.1597311045,0.7094796179123085,0.00000000
346392.93535553827,4069675.192303057,0.7094796189496435,0.00000000
346392.9732905871,4069675.224875009,0.7094796204424226,0.00000000
346393.01122563577,4069675.2574469615,0.7094796190761493,0.00000000
346393.0491606846,4069675.290018914,0.7094796190078356,0.00000000
346393.0870957334,4069675.322590866,0.7094796204453322,0.00000000
346393.1250307821,4069675.3551628185,0.709479612363639,0.00000000
346393.1629658309,4069675.3877347703,0.7094796186722101,0.00000000
346393.2009008797,4069675.4203067226,0.709479620428551,0.00000000
346393.2388359284,4069675.452878675,0.7094796183549995,0.00000000
346393.27677097725,4069675.4854506273,0.7094796189717781,0.00000000
346393.31470602605,4069675.5180225796,0.7094796182821609,0.00000000
346393.3526410749,4069675.550594532,0.7094796122554804,0.00000000
346393.3905761237,4069675.583166484,0.7094796208281705,0.00000001
346393.42851117236,4069675.615738436,0.7094796183749805,0.00000000
346393.4664462212,4069675.6483103884,0.7094796189727771,0.00000000
346393.50438127003,4069675.6808823408,0.7094796204435793,0.00000000
346393.5423163187,4069675.713454293,0.709479619076207,0.00000000
346393.58025136753,4069675.7460262454,0.7094796182873824,0.00000001
346393.6181864164,4069675.7785981977,0.7094796211297656,0.00000000
346393.656121465,4069675.81117015,0.7094796116774044,0.00000000
346393.6940565139,4069675.843742102,0.7094796186378983,0.00000000
346393.7319915627,4069675.8763140542,0.7094796182654669,0.00000000
346393.76992661157,4069675.9088860066,0.7094796189673015,0.00000000
346393.8078616604,4069675.941457959,0.7094796204433055,0.00000000
346393.84579670907,4069675.974029911,0.7094796123635376,0.00000000
346393.8837317579,4069676.006601863,0.709479618672205,0.00000001
346393.9216668067,4069676.0391738154,0.7094796204285506,0.00000001
346393.9596018554,4069676.0717457677,0.7094796190754556,0.00000000
346393.9975369042,4069676.10431772,0.7094796190078009,0.00000000
346394.035471953,4069676.1368896724,0.7094796204453304,0.00000000
346394.0734070017,4069676.1694616247,0.7094796183558385,0.00000000
346394.11134205054,4069676.202033577,0.7094796122591643,0.00000001
346394.14927709935,4069676.234605529,0.7094796179465302,0.00000000
346394.1872121482,4069676.267177481,0.7094796189513547,0.00000000
346394.225147197,4069676.2997494335,0.7094796204425081,0.00000000
346394.2630822457,4069676.332321386,0.7094796183556974,0.00000000
346394.3010172946,4069676.364893338,0.709479618971813,0.00000001
346394.3389523434,4069676.3974652905,0.7094796211639871,0.00000000
346394.376887392,4069676.430037243,0.7094796116791154,0.00000000
346394.4148224409,4069676.4626091947,0.7094796186379839,0.00000000
346394.4527574897,4069676.495181147,0.7094796211472957,0.00000000
346394.4906925383,4069676.5277530993,0.7094796183909368,0.00000000
346394.5286275872,4069676.5603250517,0.7094796182531188,0.00000000
346394.56656263606,4069676.592897004,0.7094796122540283,0.00000000
346394.60449768486,4069676.625468956,0.7094796186667296,0.00000001
346394.6424327337,4069676.658040908,0.709479620428277,0.00000001
346394.68036778236,4069676.6906128605,0.709479619075442,0.00000000
346394.71830283117,4069676.723184813,0.7094796190078002,0.00000000
346394.75623788,4069676.755756765,0.7094796204453304,0.00000000
346394.79417292867,4069676.7883287175,0.7094796190762946,0.00000000
346394.8321079775,4069676.82090067,0.7094796182873867,0.00000000
346394.87004302634,4069676.853472622,0.7094796211297658,0.00000000
346394.907978075,4069676.8860445744,0.7094796116774044,0.00000000
346394.94591312384,4069676.9186165263,0.7094796179174422,0.00000000
346394.9838481727,4069676.9511884786,0.7094796189499002,0.00000000
346395.0217832215,4069676.983760431,0.7094796115684111,0.00000000
346395.0597182704,4069677.016332383,0.7094796275064728,0.00000000
346395.097653319,4069677.0489043356,0.7094796119962398,0.00000000
346395.1355883679,4069677.0814762875,0.7094796186538401,0.00000000
346395.1735234167,4069677.11404824,0.7094796211480885,0.00000000
346395.2114584653,4069677.146620192,0.7094796183909764,0.00000000
346395.2493935142,4069677.1791921444,0.7094796189735769,0.00000000
346395.287328563,4069677.2117640967,0.7094796211640753,0.00000000
346395.3252636116,4069677.244336049,0.7094796183917758,0.00000000
346395.3631986605,4069677.2769080014,0.7094796115405049,0.00000001
346395.40113370935,4069677.3094799533,0.7094796186310534,0.00000000
346395.43906875816,4069677.3420519056,0.7094796189855808,0.00000000
346395.47700380697,4069677.374623858,0.7094796204442194,0.00000000
346395.51493885566,4069677.40719581,0.7094796190762391,0.00000000
346395.55287390447,4069677.4397677626,0.709479611574728,0.00000000
346395.59080895333,4069677.4723397144,0.7094796275067886,0.00000001
346395.62874400197,4069677.504911667,0.7094796119962555,0.00000000
346395.66667905083,4069677.537483619,0.7094796186538409,0.00000000
346395.70461409964,4069677.5700555714,0.7094796211480885,0.00000000
346395.7425491483,4069677.6026275237,0.7094796183909764,0.00000000
346395.78048419714,4069677.635199476,0.7094796182531208,0.00000000
346395.818419246,4069677.6677714284,0.7094796122540284,0.00000000
346395.8563542948,4069677.70034338,0.7094796179462735,0.00000001
346395.8942893437,4069677.7329153325,0.7094796211127101,0.00000000
346395.9322243923,4069677.765487285,0.7094796183892075,0.00000000
346395.9701594412,4069677.798059237,0.7094796189734885,0.00000001
346396.00809449,4069677.8306311895,0.7094796211640708,0.00000000
346396.0460295386,4069677.863203142,0.7094796183917755,0.00000000
346396.0839645875,4069677.895775094,0.7094796122609611,0.00000001
346396.1218996363,4069677.928347046,0.7094796275411003,0.00000000
346396.1598346849,4069677.960918999,0.7094796119979712,0.00000001
346396.1977697338,4069677.9934909507,0.7094796179334706,0.00000000
346396.23570478265,4069678.026062903,0.7094796189507017,0.00000000
346396.27363983146,4069678.0586348553,0.7094796115684512,0.00000000
346396.3115748803,4069678.091206807,0.7094796275064748,0.00000000
346396.34950992896,4069678.12377876,0.7094796127166961,0.00000000
346396.38744497776,4069678.156350712,0.7094796179694068,0.00000001
346396.42538002663,4069678.188922664,0.7094796211138668,0.00000000
346396.46331507526,4069678.2214946165,0.7094796183892653,0.00000000
346396.5012501241,4069678.254066569,0.7094796189734914,0.00000000
346396.53918517294,4069678.286638521,0.709479621164071,0.00000000
346396.57712022157,4069678.3192104734,0.7094796183917755,0.00000001
346396.61505527043,4069678.351782426,0.7094796115405049,0.00000000
346396.6529903193,4069678.3843543776,0.7094796186310534,0.00000000
346396.6909253681,4069678.41692633,0.7094796182651246,0.00000000
346396.728860417,4069678.4494982823,0.7094796211286527,0.00000000
346396.7667954656,4069678.4820702346,0.7094796183900046,0.00000000
346396.8047305145,4069678.514642187,0.7094796122608726,0.00000000
346396.8426655633,4069678.547214139,0.7094796275410958,0.00000000
346396.8806006119,4069678.5797860916,0.7094796119979709,0.00000000
346396.9185356608,4069678.6123580434,0.7094796186539267,0.00000000
346396.9564707096,4069678.6449299958,0.7094796211480928,0.00000000
346396.9944057582,4069678.677501948,0.7094796183909766,0.00000000
346397.0323408071,4069678.7100739004,0.7094796182531208,0.00000000
346397.07027585595,4069678.7426458527,0.7094796122540284,0.00000000
346397.10821090476,4069678.7752178046,0.7094796179462735,0.00000000
346397.1461459536,4069678.807789757,0.7094796211127101,0.00000000
346397.18408100225,4069678.8403617092,0.7094796183892075,0.00000000
346397.2220160511,4069678.8729336616,0.7094796189734885,0.00000000
346397.2599510999,4069678.905505614,0.7094796211640708,0.00000000
346397.29788614856,4069678.938077566,0.7094796183917755,0.00000000
346397.3358211974,4069678.9706495185,0.7094796122609611,0.00000000
346397.37375624623,4069679.0032214704,0.7094796275411003,0.00000000
346397.41169129487,4069679.035793423,0.7094796119979712,0.00000000
346397.44962634373,4069679.068365375,0.7094796179334706,0.00000000
346397.4875613926,4069679.1009373274,0.7094796189507017,0.00000000
346397.5254964414,4069679.1335092797,0.7094796115684512,0.00000000
346397.56343149027,4069679.1660812316,0.7094796275064748,0.00000000
346397.6013665389,4069679.1986531843,0.7094796119962399,0.00000000
346397.63930158777,4069679.231225136,0.7094796186538401,0.00000000
346397.6772366366,4069679.2637970885,0.7094796211480885,0.00000000
346397.7151716852,4069679.296369041,0.7094796183909764,0.00000000
346397.7531067341,4069679.328940993,0.7094796189735769,0.00000000
346397.7910417829,4069679.3615129455,0.7094796211640753,0.00000000
346397.8289768315,4069679.394084898,0.7094796183917758,0.00000000
346397.8669118804,4069679.42665685,0.7094796115405049,0.00000000
346397.90484692925,4069679.459228802,0.7094796179105972,0.00000000
346397.9427819781,4069679.4918007543,0.709479618949558,0.00000000
346397.9807170269,4069679.5243727067,0.7094796211628743,0.00000000
346398.01865207555,4069679.556944659,0.7094796183917157,0.00000000
346398.0565871244,4069679.5895166113,0.7094796122609581,0.00000000
346398.0945221732,4069679.622088563,0.7094796275411002,0.00000000
346398.13245722186,4069679.654660516,0.7094796119979712,0.00000000
346398.1703922707,4069679.687232468,0.7094796179334706,0.00000000
346398.2083273196,4069679.71980442,0.7094796218325261,0.00000000
346398.24626236816,4069679.7523763725,0.7094796184251984,0.00000000
346398.28419741703,4069679.784948325,0.709479618254832,0.00000000
346398.3221324659,4069679.817520277,0.7094796122541139,0.00000000
346398.3600675147,4069679.850092229,0.7094796179462777,0.00000000
346398.39800256357,4069679.8826641813,0.7094796211127103,0.00000000
346398.4359376122,4069679.9152361336,0.7094796183892075,0.00000000
346398.47387266107,4069679.947808086,0.7094796182530324,0.00000000
346398.51180770993,4069679.9803800383,0.7094796211280481,0.00000000
346398.54974275857,4069680.0129519906,0.7094796191104306,0.00000000
346398.5876778074,4069680.045523943,0.7094796115764377,0.00000000
346398.62561285624,4069680.078095895,0.7094796207942183,0.00000000
346398.6635479049,4069680.110667847,0.709479619093739,0.00000000
346398.7014829537,4069680.1432397994,0.7094796182882589,0.00000000
346398.73941800254,4069680.1758117517,0.7094796182479849,0.00000000
346398.7773530514,4069680.208383704,0.7094796122537717,0.00000000
346398.8152881002,4069680.240955656,0.7094796275407408,0.00000000
346398.85322314885,4069680.2735276087,0.7094796119979532,0.00000000
346398.8911581977,4069680.3060995606,0.7094796119979532,0.00000000
