346439.61325687246,4069682.5569339897,0.7537339791739657
346439.6497138,4069682.5911522955,0.753733973479737
346439.6861707275,4069682.6253706007,0.7537339788892543
346439.722627655,4069682.6595889064,0.7537339791597302
346439.75908458256,4069682.693807212,0.7537339727221536
346439.7955415101,4069682.7280255174,0.7537339796082467
346439.8319984376,4069682.762243823,0.7537339791956797
346439.8684553651,4069682.796462129,0.7537339727239512
346439.90491229267,4069682.830680434,0.7537339796083367
346439.94136922015,4069682.86489874,0.7537339791956843
346439.9778261477,4069682.8991170456,0.7537339727239514
346440.01428307523,4069682.933335351,0.7537339796083367
346440.0507400027,4069682.9675536565,0.7537282401739759
346440.08719713695,4069683.001771742,0.7537231756698148
346440.12365444313,4069683.035989644,0.7537229224446067
346440.1601117493,4069683.070207546,0.7537229090264836
346440.19656905555,4069683.104425448,0.7537229155636076
346440.23302636173,4069683.1386433505,0.7537229094392964
346440.2694836679,4069683.1728612524,0.7537229091330808
346440.3059409741,4069683.2070791544,0.7537229155689374
346440.3423982803,4069683.241297057,0.7537229094395629
346440.37885558646,4069683.275514959,0.7537229091330941
346440.41531289264,4069683.309732861,0.7537229091177707
346440.4517701988,4069683.343950763,0.7537229148113092
346440.48822750506,4069683.3781686653,0.7537196614653041
346440.52468492807,4069683.4123864425,0.7537032421047404
346440.561142937,4069683.446603596,0.7537024154422667
346440.59760094585,4069683.4808207494,0.7537023798035885
346440.6340589548,4069683.515037903,0.7537023723272092
346440.67051696364,4069683.5492550563,0.7537023784046818
346440.7069749725,4069683.58347221,0.7537023715004176
346440.7434329814,4069683.617689363,0.7537023783633422
346440.7798909903,4069683.651906517,0.7537023714983506
346440.8163489992,4069683.68612367,0.7537023719119472
346440.8528070081,4069683.7203408233,0.7537023776270726
346440.889265017,4069683.754557977,0.7537023722183833
346440.92572302587,4069683.78877513,0.7537023783992405
346440.96218103473,4069683.822992284,0.7536770713732464
346440.99863995495,4069683.857208466,0.7536736920287864
346441.0350989514,4069683.8914245674,0.753673516610097
346441.0715579479,4069683.9256406683,0.7536735142906289
346441.1080169444,4069683.9598567695,0.7536735149314785
346441.1444759408,4069683.994072871,0.7536735077552316
346441.18093493726,4069684.0282889716,0.7536735138478857
346441.21739393374,4069684.062505073,0.7536735141525184
346441.2538529302,4069684.096721174,0.7536735077162835
346441.2903119267,4069684.130937275,0.7536735146027612
346441.3267709231,4069684.1651533763,0.7536735141902622
346441.3632299196,4069684.1993694776,0.7536735141696372
346441.39968891605,4069684.233585579,0.7536436078097078
346441.43614898954,4069684.2678005323,0.7536374664710092
346441.4726092303,4069684.3020153074,0.7536371594040742
346441.5090694711,4069684.3362300824,0.7536371440507275
346441.5455297119,4069684.3704448575,0.7536371497347467
346441.58198995265,4069684.404659633,0.7536371435672611
346441.61845019343,4069684.438874408,0.7536371432588868
346441.6549104342,4069684.473089183,0.7536371424866745
346441.69137067505,4069684.5073039583,0.753637149656544
346441.7278309158,4069684.541518734,0.7536371435633509
346441.7642911566,4069684.575733509,0.7536371432586912
346441.8007513974,4069684.609948284,0.7536357068845765
346441.8372116901,4069684.644163004,0.753595964065961
346441.8736734114,4069684.6783762015,0.7535939761682715
346441.9101351327,4069684.712589399,0.7535938775301457
346441.946596854,4069684.7468025964,0.7535938718414807
346441.98305857537,4069684.781015794,0.7535938723138061
346442.01952029666,4069684.815228991,0.7535938715806638
346442.055982018,4069684.8494421886,0.7535938723007654
346442.0924437393,4069684.883655386,0.7535938715800118
346442.12890546065,4069684.9178685835,0.7535938723007327
346442.16536718194,4069684.952081781,0.7535938715800101
346442.2018289033,4069684.9862949783,0.7535938723007326
346442.2382906246,4069685.0205081757,0.7535719709760449
346442.2747531347,4069685.0547205326,0.7535455223340842
346442.31121655775,4069685.0889319163,0.7535441999019862
346442.3476799808,4069685.1231433,0.7535441330236626
346442.3841434039,4069685.1573546836,0.7535441304364651
346442.42060682696,4069685.1915660673,0.7535441367593548
346442.45707025,4069685.2257774514,0.7535441306232497
346442.49353367306,4069685.259988835,0.7535441303164444
346442.5299970961,4069685.2942002187,0.7535441295443855
346442.5664605192,4069685.3284116024,0.7535441302625012
346442.60292394226,4069685.362622986,0.7535441367506566
346442.6393873653,4069685.39683437,0.7535347878005487
346442.67585112486,4069685.4310453953,0.7534905604468104
346442.71231646027,4069685.465254741,0.7534883426265353
346442.7487817957,4069685.499464086,0.7534882381881097
346442.7852471311,4069685.5336734313,0.7534882322095149
346442.82171246654,4069685.5678827767,0.7534882326672587
346442.85817780194,4069685.602092122,0.7534882326901459
346442.89464313735,4069685.6363014677,0.7534882326912902
346442.93110847275,4069685.670510813,0.753488231934674
346442.9675738082,4069685.7047201586,0.7534882262009285
346443.0040391436,4069685.7389295036,0.7534882323668294
346443.040504479,4069685.773138849,0.7534769956712618
346443.0769702192,4069685.8073477633,0.7534289211720622
346443.11343767005,4069685.8415548536,0.7534265182037256
346443.14990512084,4069685.875761944,0.7534263972986853
346443.1863725717,4069685.909969034,0.7534263912534334
346443.2228400225,4069685.9441761244,0.7534263909511707
346443.2593074734,4069685.9783832147,0.7534263909360576
346443.2957749242,4069686.012590305,0.7534263981448879
346443.332242375,4069686.0467973957,0.7534263912957434
346443.36870982585,4069686.081004486,0.7534263909532862
346443.4051772767,4069686.115211576,0.7534263909361634
346443.44164472754,4069686.1494186665,0.7533927632828773
346443.4781133893,4069686.183624466,0.7533604649288328
346443.5145831534,4069686.21782909,0.7533588428011897
346443.5510529176,4069686.2520337137,0.7533587681481794
346443.5875226818,4069686.286238338,0.7533587579621571
346443.623992446,4069686.3204429615,0.7533587639062277
346443.6604622102,4069686.3546475857,0.7533587642034312
346443.6969319744,4069686.38885221,0.7533587577649197
346443.7334017386,4069686.4230568334,0.7533587638963658
346443.76987150277,4069686.4572614576,0.7533587649595072
346443.8063412669,4069686.4914660817,0.7533461037569332
346443.8428114868,4069686.5256702197,0.7532884617118705
346443.8792837592,4069686.559872169,0.7532855788531074
346443.9157560317,4069686.5940741184,0.7532854347101693
346443.9522283042,4069686.628276068,0.7532854282595323
346443.9887005766,4069686.662478017,0.7532854271804905
346444.02517284907,4069686.6966799665,0.7532854271265385
346444.06164512155,4069686.730881916,0.7532854278803507
346444.09811739397,4069686.7650838653,0.7532854271615315
346444.13458966644,4069686.7992858146,0.7532854271255905
346444.1710619389,4069686.833487764,0.7532725460573837
346444.20753467514,4069686.867689219,0.7532097429329654
346444.2440096491,4069686.901888287,0.7532066035331907
346444.280484623,4069686.9360873555,0.7532064458067558
346444.31695959694,4069686.970286424,0.7532064386768802
346444.35343457083,4069687.004485492,0.7532064440182339
346444.3899095448,4069687.038684561,0.7532064385874542
346444.4263845187,4069687.0728836292,0.7532064383159152
346444.4628594926,4069687.1070826976,0.7532064375458919
346444.4993344665,4069687.141281766,0.753206438263837
346444.5358094404,4069687.175480834,0.7531665588378416
346444.57228585,4069687.2096783714,0.7531240403453093
346444.6087637181,4069687.2438743524,0.7531219208754886
346444.6452415862,4069687.278070334,0.7531218149019975
346444.6817194543,4069687.3122663153,0.753121809603323
346444.7181973224,4069687.346462297,0.7531218028835834
346444.7546751905,4069687.380658278,0.7531218090024022
346444.7911530586,4069687.414854259,0.7531218093083432
346444.8276309267,4069687.4490502407,0.7531218028688345
346444.8641087948,4069687.4832462217,0.7531085406073521
346444.9005871405,4069687.5174416937,0.7530353655533039
346444.937068096,4069687.551634381,0.7530317132559534
346444.9735490515,4069687.585827069,0.753031530641086
346445.010030007,4069687.6200197567,0.7530315150549906
346445.0465109625,4069687.654212444,0.7530315207310379
346445.08299191797,4069687.688405132,0.7530315138031831
346445.1194728735,4069687.7225978193,0.7530315206684475
346445.155953829,4069687.756790507,0.7530315145563586
346445.1924347845,4069687.7909831945,0.7530182568497511
346445.2289162173,4069687.825175373,0.752939673096007
346445.2654004545,4069687.859364559,0.7529357366961594
346445.3018846918,4069687.8935537445,0.7529355463320998
346445.3383689291,4069687.9277429306,0.7529355303579641
346445.3748531664,4069687.961932116,0.7529355367714176
346445.41133740364,4069687.9961213022,0.75293552987993
346445.44782164093,4069688.030310488,0.7529355359912884
346445.4843058782,4069688.064499674,0.7529355362968563
346445.5207901155,4069688.09868886,0.7528906674206491
346445.5572759673,4069688.1328763226,0.7528366400620615
346445.59376368264,4069688.1670617964,0.7528339451506805
346445.63025139796,4069688.2012472707,0.7528338039485631
346445.6667391133,4069688.2354327445,0.7528337968884572
346445.7032268286,4069688.2696182183,0.7528338037481456
346445.73971454386,4069688.3038036926,0.7528337968784363
346445.7762022592,4069688.3379891664,0.7528338029914992
346445.8126899745,4069688.3721746407,0.7528230085346628
346445.84917807794,4069688.4063597,0.7527310888820992
346445.8856694697,4069688.4405412497,0.7527264856862135
346445.92216086155,4069688.474722799,0.7527262627396767
346445.9586522533,4069688.5089043486,0.7527262443790923
346445.99514364515,4069688.543085898,0.7527262506743206
346446.0316350369,4069688.5772674475,0.7527262502330233
346446.06812642876,4069688.611448997,0.7527262445098184
346446.1046178205,4069688.6456305464,0.7527194747330759
346446.1411094561,4069688.6798118358,0.7526181348777415
346446.17760472547,4069688.7139892452,0.7526130614270898
346446.21409999486,4069688.7481666543,0.7526128134564751
346446.2505952643,4069688.7823440637,0.7526128018139114
346446.2870905337,4069688.816521473,0.7526128012317833
346446.3235858031,4069688.8506988827,0.7526127939888247
346446.36008107255,4069688.8848762917,0.752612800840529
346446.39657634194,4069688.919053701,0.7525755302410442
346446.4330729521,4069688.953229679,0.7524974762239091
346446.46957230306,4069688.987402729,0.7524935735230524
346446.50607165403,4069689.0215757797,0.7524933776321389
346446.54257100506,4069689.05574883,0.7524933685934638
346446.57907035603,4069689.0899218805,0.7524933673856594
346446.61556970706,4069689.124094931,0.7524933680811399
346446.65206905804,4069689.1582679814,0.7524933681159138
346446.688568409,4069689.192441032,0.7523867629607681
346446.7250715946,4069689.2266099863,0.7523688077985061
346446.7615752341,4069689.2607784555,0.752367910040393
346446.79807887366,4069689.294946925,0.7523678716118535
346446.8345825132,4069689.3291153945,0.7523678632310604
346446.87108615274,4069689.3632838638,0.7523678620562514
346446.90758979233,4069689.397452333,0.7523678692126464
346446.94409343187,4069689.4316208027,0.7522739252523041
346446.9806004498,4069689.465785662,0.7522380819470416
346447.01710858796,4069689.499949325,0.7522362905374415
346447.0536167261,4069689.5341129876,0.7522362002112984
346447.09012486425,4069689.5682766503,0.7522361956949912
346447.1266330024,4069689.602440313,0.7522361954691759
346447.1631411406,4069689.6366039757,0.7522361954578851
346447.1996492788,4069689.6707676384,0.7521196129261796
346447.23616160906,4069689.7049268205,0.7520993374830527
346447.272674459,4069689.7390854475,0.7520983172499005
346447.3091873089,4069689.773244074,0.7520982726992388
346447.3457001588,4069689.807402701,0.7520982704717057
346447.3822130087,4069689.841561328,0.7520982703603291
346447.4187258586,4069689.875719955,0.7520570332246329
346447.4552401911,4069689.909876997,0.7519591422779807
346447.49175796896,4069689.9440303557,0.751954247730648
346447.52827574685,4069689.978183714,0.7519539965414136
346447.56479352474,4069690.0123370723,0.7519539904438197
346447.6013113026,4069690.046490431,0.7519539908943752
346447.63782908046,4069690.0806437894,0.7519539901614678
346447.67434685834,4069690.114797148,0.7518144422327099
346447.71086965286,4069690.148945142,0.7518038261273711
346447.7473925779,4069690.183092996,0.7518033025401962
346447.78391550283,4069690.2172408504,0.7518032756055241
346447.82043842785,4069690.251388705,0.7518032685513252
346447.8569613528,4069690.285536559,0.7518032739060805
346447.8934842778,4069690.3196844133,0.7516686257577797
346447.9300120421,4069690.3538270905,0.7516471692347712
346447.96654033597,4069690.387969202,0.7516460899448919
346448.0030686298,4069690.422111313,0.751646035980398
346448.0395969237,4069690.456253424,0.7516460332821733
346448.07612521754,4069690.490395535,0.7516349495851594
346448.11265390983,4069690.5245372197,0.7514898340478439
346448.1491877969,4069690.5586733455,0.7514825854907505
346448.18572168396,4069690.592809472,0.7514822158431234
346448.22225557105,4069690.6269455976,0.751482198115796
346448.2587894581,4069690.6610817234,0.7514822029390942
346448.29532334517,4069690.6952178497,0.7514053351486464
346448.3318599939,4069690.7293510195,0.7513163772740777
346448.3683997007,4069690.7634809157,0.7513119286254332
346448.4049394075,4069690.797610812,0.7513117134136653
346448.44147911423,4069690.8317407086,0.7513116961873286
346448.478018821,4069690.8658706048,0.7512945732943708
346448.514559143,4069690.8999998425,0.7511424827223049
346448.55110489763,4069690.9341232628,0.75113488466052
346448.5876506523,4069690.9682466835,0.7511344982906124
346448.6241964069,4069691.0023701037,0.751134478972117
346448.66074216156,4069691.036493524,0.7511344780061923
346448.6972879162,4069691.070616944,0.7509695971167362
346448.73383959284,4069691.1047340212,0.7509514450845935
346448.7703916251,4069691.138850717,0.7509505447055398
346448.80694365734,4069691.172967413,0.7509504996865871
346448.84349568957,4069691.207084109,0.7509504909677102
346448.8800477218,4069691.2412008047,0.7507710293942682
346448.9166061985,4069691.275310595,0.7507602792161681
346448.9531647389,4069691.309420317,0.7507597352381822
346448.9897232793,4069691.3435300384,0.7507597145083638
346449.02628181974,4069691.3776397603,0.7507159251449269
346449.06284193223,4069691.411747797,0.7505698044412603
346449.0994072119,4069691.445850294,0.7505625056306605
346449.13597249147,4069691.4799527917,0.7505621342198572
346449.17253777105,4069691.514055289,0.7505621213652801
346449.2091030507,4069691.5481577865,0.7504332186578895
346449.24567295687,4069691.582255322,0.7503614944198086
346449.28224520624,4069691.616350345,0.7503579082079046
346449.3188174556,4069691.6504453677,0.7503577296514542
346449.3553897049,4069691.6845403905,0.7503028850477345
346449.39196392195,4069691.718633302,0.7501543497257637
346449.4285433709,4069691.7527206005,0.7501469229596652
346449.4651228199,4069691.786807899,0.7501465508673865
346449.5017022689,4069691.8208951973,0.750135447834926
346449.5382821154,4069691.8549820688,0.7499389405123027
346449.57486899244,4069691.8890613946,0.7499291086720765
346449.61145586945,4069691.92314072,0.7499286243079578
346449.6480427464,4069691.957220046,0.7499285928618593
346449.6846296234,4069691.9912993712,0.7497159400419221
346449.72122412804,4069692.025370506,0.749704567242483
346449.7578186593,4069692.0594416126,0.7497039928806774
346449.7944131905,4069692.0935127186,0.7496831813077034
346449.8310084672,4069692.127583024,0.749483258415603
346449.86761087563,4069692.1616456676,0.7494732679944127
346449.90421328414,4069692.1957083116,0.7494727627499385
346449.9408156926,4069692.229770955,0.7493958429546286
346449.97742085776,4069692.2638306357,0.7492430495771173
346450.01403136295,4069692.297884577,0.7492354099082418
346450.05064186815,4069692.331938518,0.749235027924798
346450.08725237334,4069692.3659924595,0.7490664307769264
346450.12386892055,4069692.4000399034,0.748994679598429
346450.1604877373,4069692.4340849067,0.748991098519251
346450.197106554,4069692.4681299105,0.7489321220913242
346450.2337274774,4069692.5021726475,0.7487501615988875
346450.270354815,4069692.5362084834,0.7487410635742657
346450.30698215263,4069692.5702443193,0.7487406151542891
346450.34360949026,4069692.6042801556,0.748522665458894
346450.3802446344,4069692.6383075886,0.7484861535321953
346450.41688069614,4069692.672334034,0.7484843279358603
346450.4535167579,4069692.7063604794,0.748318989922262
346450.49015873735,4069692.740380551,0.7482268924047697
346450.52680371917,4069692.77439739,0.7482222882813105
346450.56344870094,4069692.8084142287,0.7480828769539484
346450.6000986655,4069692.842425698,0.7479606798345193
346450.6367527555,4069692.876432722,0.7479545707307461
346450.6734068454,4069692.910439746,0.7478141360530629
346450.7100659509,4069692.9444413627,0.7476877530566506
346450.74672932853,4069692.9784383737,0.747681434658807
346450.78339270613,4069693.0124353846,0.7475128022649512
346450.820062106,4069693.0464258986,0.7474083888839781
346450.8567349406,4069693.080412708,0.7474031617256242
346450.8934077752,4069693.1143995174,0.7471791764751864
346450.9300886124,4069693.148377689,0.7471228774120724
346450.966771063,4069693.1823541196,0.747086944960842
346451.00345469755,4069693.216329271,0.7468452224805899
346451.0401469119,4069693.250295157,0.7468331306151311
346451.07683912624,4069693.2842610427,0.7466942856897985
346451.1135362827,4069693.3182215886,0.7465486462938367
346451.150238397,4069693.3521767766,0.7465413715695768
346451.1869405113,4069693.386131965,0.7462713343181182
346451.2236522626,4069693.4200767335,0.7462470331715794
346451.2603643999,4069693.4540210846,0.7461029122440146
346451.29708164255,4069693.4879599125,0.7459549704867764
346451.33380391303,4069693.521893301,0.7459125965793811
346451.3705274326,4069693.5558253373,0.7456590281458545
346451.4072599323,4069693.5897476524,0.7456463504745029
346451.443992432,4069693.6236699675,0.7454110742760512
346451.4807333088,4069693.6575832088,0.7453451350428063
346451.51747611986,4069693.691494355,0.7451757728908269
346451.5542248577,4069693.7253990774,0.74504257635757
346451.59097804717,4069693.759298975,0.7449205776037682
346451.6277353516,4069693.79319441,0.7447374659022212
346451.6644989717,4069693.827082996,0.7446463086360615
346451.70126551634,4069693.8609684077,0.744430261483466
346451.7380396041,4069693.8948456342,0.7443539945352605
346451.7748160258,4069693.928720326,0.7441214560854155
346451.81160060264,4069693.962586163,0.7440447983851044
346451.8483874974,4069693.9964494817,0.7438115296628232
346451.8851825697,4069694.030303915,0.7437199513420993
346451.9219804893,4069694.0641552527,0.7435009773258039
346451.9587860478,4069694.097998285,0.7433808228836084
346451.99559549615,4069694.1318370863,0.7431903068657254
346452.0324115164,4069694.165668738,0.7430288268403678
346452.06923294713,4069694.1994945,0.742879993255722
346452.10605938983,4069694.2333148066,0.7426654501759038
346452.1428932041,4069694.2671270836,0.742570528151215
346452.1797300152,4069694.3009360963,0.7422922151936872
346452.2165765606,4069694.3347345,0.7421994425625987
346452.253425911,4069694.3685298446,0.7419704775958506
346452.29028324113,4069694.4023164874,0.741807825443395
346452.32714594767,4069694.436097263,0.7416661931566517
346452.36401340144,4069694.4698728584,0.741411457149714
346452.4008896588,4069694.5036388417,0.7412919636426181
346452.43776971014,4069694.5374006806,0.7410801275062222
346452.47465707717,4069694.5711545274,0.740883965955582
346452.5115510363,4069694.6049011676,0.7407523747261879
346452.54844932136,4069694.638643078,0.7405071454005809
346452.58535608195,4069694.6723757186,0.7403365458880333
346452.6222684637,4069694.706102207,0.7401947101600547
346452.6591855781,4069694.7398235155,0.7399497347886825
346452.6961111353,4069694.773535579,0.7397772914230916
346452.73304237647,4069694.807241415,0.7396272221457021
346452.7699786359,4069694.8409417523,0.7394101461633834
346452.8069223288,4069694.8746339404,0.7392138155489728
346452.8438725989,4069694.908318915,0.7390575878795006
346452.88082806004,4069694.9419981944,0.7388901824702568
346452.91778917867,4069694.9756712653,0.7386529736341365
346452.9547584074,4069695.0093354317,0.7384925625676962
346452.99173289974,4069695.042993817,0.7383331848235983
346453.02871275396,4069695.0766463107,0.738155765842084
346453.0656986107,4069695.1102922084,0.7379406482303674
346453.10269177076,4069695.143930075,0.7377798733802188
346453.1396902423,4069695.1775621,0.7376204904123291
346453.1766940711,4069695.2111882297,0.737460301271802
346453.21370328777,4069695.2448084303,0.7372560280574345
346453.2507194493,4069695.2784209843,0.7370886492588797
346453.287741171,4069695.312027414,0.7369326625852995
346453.32476811414,4069695.34562809,0.7367773896811274
346453.361800273,4069695.3792230184,0.7366225738021287
346453.39883763157,4069695.412812214,0.7364421655583062
346453.4358810948,4069695.4463946773,0.73627894253158
346453.47293000825,4069695.479971127,0.7361300974763053
346453.5099838936,4069695.51354209,0.735982956115051
346453.54704271525,4069695.547107604,0.7358370485542901
346453.584106432,4069695.5806677127,0.7356924689654877
346453.621174998,4069695.614222465,0.7355388931865803
346453.65824873256,4069695.6477715066,0.7353832012773842
346453.69532769383,4069695.6813147715,0.7352448627885824
346453.7324112646,4069695.7148529408,0.7351087184930991
346453.76949939696,4069695.748386065,0.7349740426097281
346453.80659204244,4069695.781914197,0.7348407900602868
346453.8436891528,4069695.8154373886,0.7347089556235022
346453.88079068,4069695.8489556923,0.7345784986895441
346453.91789657716,4069695.882469158,0.7344470761989303
346453.9550068801,4069695.9159777453,0.7343065862406393
346453.99212190625,4069695.949481101,0.7341803766685111
346454.0292411354,4069695.9829797996,0.7340557078693557
346454.0663645377,4069696.0164738735,0.7339318524259841
346454.10349208675,4069696.049963351,0.7338086513275999
346454.1406237602,4069696.083448255,0.7336859664798683
346454.1777595406,4069696.1169286044,0.7335636528794572
346454.2148994154,4069696.1504044123,0.73344153361133
346454.2520433774,4069696.1838756846,0.7333194417374325
346454.2891914257,4069696.217342422,0.7331971867507499
346454.3263435656,4069696.250804617,0.7330745490106665
346454.3634998094,4069696.284262255,0.7329513609300176
346454.40066017566,4069696.317715314,0.73282153553531
346454.4378248962,4069696.351163536,0.7326941696860515
346454.47499387246,4069696.3846070287,0.7325680540789591
346454.5121670639,4069696.418045836,0.7324405638837378
346454.54934452043,4069696.451479901,0.7323113356329221
346454.58652630047,4069696.484909158,0.7321801322385255
346454.62371246977,4069696.518333533,0.7320467221883739
346454.66090310155,4069696.5517529417,0.7319108770616691
346454.6980982773,4069696.5851672934,0.7317723452952674
346454.7352980861,4069696.6185764866,0.731630924606373
346454.7725026245,4069696.651980413,0.7314863617785613
346454.809711997,4069696.6853789547,0.7313384376558896
346454.84692631545,4069696.7187719853,0.7311869377426965
346454.884145699,4069696.7521593706,0.7310316493129217
346454.9213702732,4069696.785540968,0.7308724007810882
346454.9586001698,4069696.8189166295,0.730709016773117
346454.9958355262,4069696.8522861996,0.7305413562552245
346455.03307648463,4069696.885649518,0.730369288815994
346455.07032319077,4069696.9190064194,0.7301927358679321
346455.1075757934,4069696.9523567352,0.7300116449815088
346455.14483444305,4069696.985700296,0.7298260069824779
346455.1820992897,4069697.01903693,0.7296358816143916
346455.2193704818,4069697.05236647,0.7294413879815766
346455.25664816314,4069697.0856887517,0.7292427509687321
346455.29393247026,4069697.11900362,0.7290402463695516
346455.3312235297,4069697.1523109297,0.7288342612001439
346455.3685214552,4069697.1856105505,0.7286223115028383
346455.4058264483,4069697.2189022535,0.7284094538291973
346455.44313852844,4069697.2521860134,0.7281969747733907
346455.48045767937,4069697.2854618453,0.7279842774054535
346455.5177839073,4069697.3187297382,0.7277725890083354
346455.5551171749,4069697.3519897307,0.7275630091364199
346455.5924574088,4069697.3852419024,0.727356472996208
346455.62980450445,4069697.4184863674,0.7271537003764932
346455.6671583335,4069697.451723266,0.7269553510446572
346455.704518747,4069697.4849527637,0.7267618768018598
346455.74188557995,4069697.518175042,0.7265736734762792
346455.77925865573,4069697.5513902972,0.7263910121396481
346455.81663778826,4069697.5845987364,0.726214106928435
346455.854022785,4069697.617800574,0.7260431007994735
346455.8914134486,4069697.6509960294,0.7258780714311908
346455.92880957946,4069697.6841853256,0.7257190542994341
346455.9662109769,4069697.7173686866,0.7255660298767015
346456.0036174414,4069697.7505463357,0.7254189663196048
346456.0410287744,4069697.783718495,0.7252777701836918
346456.0784447804,4069697.8168853833,0.7251423721621405
346456.1158652668,4069697.8500472168,0.7250126144725082
346456.15329004615,4069697.8832042054,0.7248883584372198
346456.19071893534,4069697.9163565543,0.7247694898713983
346456.2281517557,4069697.9495044644,0.724655840679249
346456.26558833406,4069697.9826481305,0.7245472275781994
346456.30302850326,4069698.0157877402,0.7244434856396811
346456.34047210164,4069698.048923475,0.7243444508536079
346456.3779189731,4069698.082055511,0.7242499526616661
346456.4153689676,4069698.115184017,0.7241598032302309
346456.4528219408,4069698.1483091554,0.7240738337413454
346456.49027775443,4069698.181431082,0.7239918718992889
346456.52773627563,4069698.2145499466,0.7239137430363006
346456.56519737747,4069698.247665892,0.7238392782629752
346456.60266093886,4069698.280779055,0.7237683185016763
346456.6401268439,4069698.3138895663,0.72370069414038
346456.67759498203,4069698.3469975507,0.7236362519613098
346456.715065248,4069698.3801031266,0.7235748483946529
346456.75253754156,4069698.413206408,0.7235163226576946
346456.7900117672,4069698.4463075013,0.7234605558210874
346456.82748783403,4069698.4794065105,0.7234074000896595
346456.86496565567,4069698.5125035327,0.7233567231901323
346456.9024451503,4069698.5455986606,0.7233083810941765
346456.93992624077,4069698.5786919813,0.7232622505014026
346456.9774088538,4069698.611783577,0.723218224608883
346457.01489292004,4069698.644873527,0.7231761702216897
346457.0523783743,4069698.677961904,0.7231359858981143
346457.08986515494,4069698.7110487786,0.7230975695887184
346457.1273532036,4069698.7441342166,0.7230607993604907
346457.16484246607,4069698.7772182794,0.7230255801890605
346457.20233289094,4069698.810301025,0.7229918199067245
346457.2398244301,4069698.8433825076,0.722959411025523
346457.2773170388,4069698.8764627776,0.7229282982684186
346457.31481067475,4069698.909541884,0.7228983597469676
346457.3523052988,4069698.94261987,0.7228695328796494
346457.38980087463,4069698.9756967775,0.7228417270219295
346457.42729736824,4069699.008772644,0.7228148671540855
346457.4647947485,4069699.0418475056,0.7227888870861826
346457.5022929867,4069699.0749213947,0.7227636901388915
346457.5397920568,4069699.1079943404,0.7227392105537047
346457.57729193533,4069699.1410663696,0.7227153832835449
346457.6147926008,4069699.1741375066,0.7226921477574194
346457.6522940335,4069699.2072077733,0.7226694230941874
346457.6897962168,4069699.240277189,0.7226471479314948
346457.72729913594,4069699.27334577,0.722625258957062
346457.7648027784,4069699.306413531,0.7226036897818133
346457.8023071334,4069699.3394804834,0.7225823827469127
346457.8398121925,4069699.3725466374,0.722561267357344
346457.8773179494,4069699.405612,0.7225402967745378
346457.91482439963,4069699.438676576,0.7225193921588139
346457.9523315407,4069699.4717403683,0.7224985070405553
346457.98983937234,4069699.504803377,0.7224775729469208
346458.0273478964,4069699.537865601,0.7224565173235807
346458.0648571166,4069699.5709270346,0.7224352969416603
346458.10236703866,4069699.603987672,0.7224138537836768
346458.13987767015,4069699.6370475045,0.7223921085047621
346458.17738902103,4069699.670106521,0.7223699968935393
346458.2149011034,4069699.703164707,0.7223474760832397
346458.25241393095,4069699.7362220474,0.722324469005893
346458.28992752015,4069699.769278524,0.7223008842808133
346458.3274418897,4069699.8023341144,0.7222766829165236
346458.36495706043,4069699.835388796,0.7222517717799207
346458.4024730558,4069699.8684425415,0.7222260955333171
346458.43998990115,4069699.901495322,0.7221995529729452
346458.47750762536,4069699.9345471053,0.7221720750805376
346458.5150262593,4069699.9675978557,0.72214361436366
346458.55254583573,4069700.0006475365,0.7221140500938782
346458.59006639104,4069700.0336961057,0.7220832858993276
346458.6275879651,4069700.066743518,0.722051269936377
346458.6651105994,4069700.099789727,0.722017893806297
346458.70263433916,4069700.132834681,0.7219830337333153
346458.7401592331,4069700.1658783234,0.7219466020892726
346458.77768533386,4069700.198920596,0.7219085010486165
346458.8152126962,4069700.231961435,0.721868612667415
346458.8527413797,4069700.265000774,0.7218268119607067
346458.89027144754,4069700.2980385404,0.7217829935132448
346458.9278029666,4069700.3310746583,0.7217370153629216
346458.96533600835,4069700.3641090463,0.7216887286047955
346459.0028706491,4069700.3971416173,0.7216380074994999
346459.0404069694,4069700.4301722795,0.7215846966478496
346459.0779450552,4069700.4632009356,0.7215286294685955
346459.11548499734,4069700.4962274814,0.7214696610752553
346459.1530268921,4069700.529251808,0.7214075967846112
346459.1905708418,4069700.562273798,0.7213422667257245
346459.2281169545,4069700.595293329,0.7212734837983446
346459.2656653442,4069700.6283102706,0.7212010403212366
346459.3032161321,4069700.6613244847,0.721124498958917
346459.3407694539,4069700.6943358164,0.7210437026828215
346459.37832545023,4069700.7273441055,0.7209588405037765
346459.4158842545,4069700.760349199,0.7208694039385652
346459.4534460186,4069700.7933509247,0.720775092633409
346459.4910109032,4069700.826349098,0.7206756580582416
346459.5285790779,4069700.8593435255,0.7205707893412706
346459.5661507219,4069700.8923340025,0.7204601741086716
346459.6037260248,4069700.925320312,0.7203434874271583
346459.641305187,4069700.9583022245,0.7202203985461433
346459.6788884198,4069700.9912794987,0.7200905293975106
346459.7164759468,4069701.0242518783,0.7199534995459399
346459.7540680041,4069701.0572190927,0.7198088924382472
346459.7916648413,4069701.0901808557,0.7196563301793633
346459.82926672074,4069701.123136867,0.7194953161417671
346459.86687392055,4069701.156086806,0.7193254001691409
346459.9044867342,4069701.1890303376,0.7191460650600473
346459.9421054713,4069701.2219671044,0.7189567941928531
346459.9797304588,4069701.2548967307,0.7187570326973307
346460.01736204216,4069701.2878188198,0.7185461823764825
346460.0550005851,4069701.320732951,0.7183236470349483
346460.0926464722,4069701.353638683,0.7180887278680209
346460.1303001096,4069701.3865355453,0.7178407985772053
346460.1679619246,4069701.4194230456,0.7175790950730675
346460.20563236903,4069701.4523006612,0.7173028537538894
346460.2433119191,4069701.4851678405,0.7170112832852124
346460.2810010772,4069701.5180240017,0.7167035054905189
346460.31870037393,4069701.5508685294,0.7163786209944575
346460.3564103688,4069701.5837007733,0.716035705114088
346460.39413165126,4069701.616520048,0.7156737443747119
346460.4318648433,4069701.649325629,0.7152916922567061
346460.46961060073,4069701.682116752,0.7148884210325798
346460.5073696153,4069701.714892608,0.7144627748105271
346460.5451426161,4069701.747652345,0.7140135180023962
346460.5829303709,4069701.7803950612,0.713539349826096
346460.6207336901,4069701.813119807,0.7130388705883789
346460.6585534275,4069701.8458255758,0.7125106594901718
346460.696390483,4069701.878511308,0.711953174721455
346460.7342458044,4069701.9111758834,0.7113648499508719
346460.7721203897,4069701.9438181203,0.7107439491025729
346460.8100152907,4069701.976436769,0.7100887048507777
346460.8479316157,4069702.009030512,0.7093972392052831
346460.8858705309,4069702.041597957,0.7086675749260316
346460.9238332645,4069702.0741376337,0.7078976256039999
346460.9618211093,4069702.1066479906,0.7070852155113995
346460.9998354256,4069702.13912739,0.7062280234504422
346461.037877645,4069702.171574102,0.7053236509526389
346461.07594927284,4069702.203986301,0.7043695296409804
346461.11405189283,4069702.2363620605,0.7033629887806103
346461.15218716976,4069702.268699346,0.70230120555992
346461.19035685377,4069702.3009960107,0.7011812103859634
346461.2285627839,4069702.3332497873,0.6999999091118356
346461.26680689224,4069702.365458285,0.698754029634059
346461.3050912072,4069702.397618979,0.6974401254446713
346461.34341785894,4069702.4297292056,0.6960546324369019
346461.3817890825,4069702.4617861547,0.6945937523766309
346461.42020722205,4069702.4937868603,0.6930535476599993
346461.4586747358,4069702.5257281945,0.6914298454189252
346461.4971942006,4069702.5576068563,0.6897183200008002
346461.5357683156,4069702.589419365,0.6879144174103856
346461.574399907,4069702.6211620485,0.686013386003157
346461.6130919325,4069702.6528310357,0.6840102373630925
346461.6518474856,4069702.6844222434,0.6818997789491992
346461.69066979986,4069702.7159313676,0.6796765904993195
346461.72956225264,4069702.747353872,0.6773350023288408
346461.76852836955,4069702.7786849746,0.6748691066406584
346461.8075718285,4069702.809919638,0.6722727380455887
346461.8466964626,4069702.8410525536,0.6695395151734467
346461.8859062636,4069702.8720781314,0.6666627233937467
346461.9252053857,4069702.9029904823,0.6636354654392759
346461.96459814685,4069702.933783408,0.6604505260354862
346462.00408903114,4069702.964450382,0.6571004455631387
346462.04368269106,4069702.994984539,0.6535774651632351
346462.0833839472,4069703.025378654,0.6498735741428796
346462.12319778954,4069703.0556251276,0.6459804641221183
346462.1631293766,4069703.085715971,0.6418895224889106
346462.20318403415,4069703.115642783,0.6375918980136652
346462.24336725275,4069703.145396738,0.6330783993859118
346462.2836846855,4069703.17496856,0.6283395754404918
346462.3241421427,4069703.2043485097,0.6233655965858493
346462.3647455886,4069703.2335263547,0.6181463454731461
346462.40550113533,4069703.2624913533,0.6126713536486377
346462.4464150351,4069703.2912322283,0.6069299109441978
346462.4874936687,4069703.3197371466,0.6009111336936753
346462.5287435311,4069703.3479937026,0.5946040088114529
346462.57017121295,4069703.3759889007,0.5879975086650646
346462.611783377,4069703.4037091425,0.581080670357502
346462.65358673217,4069703.4311402184,0.5738427333582302
346462.6955880006,4069703.458267303,0.5662732771644958
346462.7377938808,4069703.4850749583,0.5583622973427028
346462.7802110062,4069703.5115471366,0.5501004864056491
346462.82284589636,4069703.537667201,0.541479375653301
346462.86570490326,4069703.5634179483,0.5324743622960053
346462.9087946065,4069703.588780863,0.5228969337060511
346462.95212598954,4069703.6137286252,0.5131219613477216
346462.9956993648,4069703.6382511565,0.5029743104935998
346463.0395197507,4069703.662329373,0.49244492881153745
346463.083591638,4069703.6859439397,0.48153565266116344
346463.12791890244,4069703.7090753927,0.47025165858530166
346463.1725047171,4069703.7317042733,0.45860168299421267
346463.2173514615,4069703.753811298,0.4465982960869761
346463.2624606329,4069703.775377545,0.4342584496508082
346463.3078327587,4069703.796384674,0.42160400825363364
346463.35346731404,4069703.816815176,0.40866213907835214
346463.3993626481,4069703.836652649,0.39546596763652425
346463.4455159182,4069703.855882112,0.38204688801261305
346463.49192319665,4069703.8744899477,0.36843250387816917
346463.53857960744,4069703.8924637623,0.35464762577201075
346463.5854794352,4069703.909792292,0.3407154370237224
346463.6326162095,4069703.9264653614,0.3266585344045873
346463.6799827691,4069703.9424738884,0.31249996821583975
346463.7275713111,4069703.9578099353,0.29826421432528855
346463.7753734302,4069703.9724668064,0.28397811593928723
346463.82338015025,4069703.9864391894,0.26967184574994174
346463.87158195337,4069703.999723344,0.25537692336093054
346463.91996884707,4069704.0123171876,0.24112046727466976
346463.9685305086,4069704.0242200894,0.22692619381498996
346464.0172563991,4069704.0354327257,0.21281568091054998
346464.0661358519,4069704.04595699,0.19193365606042584
346464.11515814107,4069704.0557959625,0.17736513691052908
346464.16431781114,4069704.064924316,0.16355451396573475
346464.21360022225,4069704.0733636827,0.15009185891846805
346464.26299215417,4069704.0811347417,0.13684366084695382
346464.3124831674,4069704.08824601,0.1238142519375906
346464.36206311506,4069704.0947068557,0.11101129527068548
346464.41172219766,4069704.100527289,0.0926039994408572
346464.4614509995,4069704.105717782,0.08008673134156935
346464.51124050975,4069704.1102891304,0.06808769768044629
346464.5610821326,4069704.1142523536,0.04555701339050363
346464.610967689,4069704.11761862,0.02853853521521072
346464.66088941257,4069704.1203992115,0.01716646210176192
346464.71083994437,4069704.1226054607,0.006289580090125561
346464.760812327,4069704.1242486453,-0.004354516847130764
346464.81079999247,4069704.125339909,-0.014783564639962263
346464.86079674645,4069704.125890209,-0.02500240033914697
346464.910796743,4069704.125908854,-0.035010038189462474
346464.9607938147,4069704.125368462,-0.04468917654999935
346465.0107826131,4069704.1243202854,-0.05416582083709776
346465.06075834174,4069704.122774479,-0.06344826545717977
346465.11071649485,4069704.1207410903,-0.07253877177214557
346465.1606528512,4069704.118230148,-0.08143933749422785
346465.21056346456,4069704.1152516305,-0.09015174185364568
346465.26044465293,4069704.1118154316,-0.09867724259433602
346465.31029298826,4069704.1079313452,-0.10701629506638315
346465.36010528734,4069704.103609066,-0.11519810752846349
346465.40987860406,4069704.0988582014,-0.12324806135215684
346465.4596102244,4069704.0936883036,-0.131107229871824
346465.5092976648,4069704.088108915,-0.13877263738274243
346465.5589386743,4069704.082129633,-0.14624467484092732
346465.60853124043,4069704.0757601783,-0.15352471515893307
346465.65807228896,4069704.0690011466,-0.16058543710895964
346465.7075589022,4069704.061854715,-0.16740339102755714
346465.7569922493,4069704.0543492734,-0.17403951851260935
346465.80637120316,4069704.0464943456,-0.18049892284427912
346465.85569480906,4069704.038299317,-0.18678350823466047
346465.90496227465,4069704.029773427,-0.1928943894085372
346465.9541729619,4069704.02092577,-0.19883192307166503
346466.0033263823,4069704.0117653105,-0.20459592285611705
346466.0524221946,4069704.0023009083,-0.2101858741163671
346466.1014602055,4069703.992541355,-0.2156011975158615
346466.1504403741,4069703.982495425,-0.22084153260998365
346466.19936282135,4069703.9721719353,-0.22590705360143565
346466.2482278327,4069703.9615797754,-0.230799561411357
346466.29703584505,4069703.9507278563,-0.23554951683489161
346466.3457874339,4069703.9396250714,-0.2401274025314524
346466.39448330004,4069703.9282802567,-0.24453454995320076
346466.44312425656,4069703.916702158,-0.2487742502697314
346466.49171121523,4069703.9048993997,-0.25285025307018033
346466.54024510534,4069703.8928801855,-0.25676573551442516
346466.5887247459,4069703.880643994,-0.26049613878607214
346466.6371537801,4069703.8682090994,-0.2640776920921175
346466.6855333904,4069703.8555833385,-0.2675164690558674
346466.7338647976,4069703.8427743344,-0.2708171607449195
346466.7821492517,4069703.8297894835,-0.2739844889035228
346466.8303880225,4069703.8166359486,-0.27702324004259693
346466.8785823918,4069703.803320653,-0.2799382452328982
346466.9267336457,4069703.7898502755,-0.2827343589196711
346466.9748430682,4069703.7762312475,-0.2854164254279119
346467.02291193506,4069703.7624697536,-0.28798926753692217
346467.0709415079,4069703.748571729,-0.2904576706045394
346467.1189330296,4069703.7345428616,-0.2928263631643082
346467.16688772006,4069703.7203885945,-0.2951000040226019
346467.214806772,4069703.706114127,-0.29728317001722276
346467.26269134827,4069703.6917244187,-0.2993803468828687
346467.3105425786,4069703.677224197,-0.30139592849254354
346467.3583615573,4069703.6626179554,-0.3033341924430382
346467.40614934143,4069703.6479099635,-0.3051993062230793
346467.45390694926,4069703.633104271,-0.30699531779087474
346467.5016353588,4069703.618204712,-0.30872614776121166
346467.5493355071,4069703.603214914,-0.3103955940395652
346467.59700828954,4069703.5881383014,-0.31200730726867615
346467.6446545598,4069703.5729781035,-0.313564806586083
346467.6922751294,4069703.557737361,-0.3150714614122185
346467.73987076804,4069703.542418933,-0.316530489374542
346467.78744220425,4069703.527025503,-0.3179455191022109
346467.83499012544,4069703.511559586,-0.31932295371373365
346467.8825151798,4069703.4960235395,-0.32066129616375294
346467.93001797644,4069703.480419566,-0.321962875333993
346467.9774990872,4069703.464749725,-0.32323000991376266
346468.02495904855,4069703.44901594,-0.32446480301727865
346468.0723983055,4069703.4332198366,-0.3256685348037043
346468.1198169785,4069703.4173620483,-0.3268392677990655
346468.16721594654,4069703.401445462,-0.3279824955123128
346468.2145956239,4069703.3854715456,-0.3290993600287612
346468.26195640274,4069703.3694416867,-0.33019044211737414
346468.3092986572,4069703.3533572014,-0.3312559040387784
346468.3566227474,4069703.3372193533,-0.3322954652586435
346468.4039290252,4069703.3210293655,-0.3333084747926224
346468.45121783967,4069703.304788441,-0.33429404976687416
346468.49848954304,4069703.28849778,-0.3352511869809986
346468.54574449983,4069703.272158605,-0.33617891188955507
346468.5929830942,4069703.255772185,-0.33707638427334885
346468.64020574035,4069703.2393398616,-0.33794304522610963
346468.6874128788,4069703.2228630404,-0.3387786140955318
346468.7346049701,4069703.2063431703,-0.3395830382157595
346468.7817824888,4069703.18978173,-0.34035647106097805
346468.828945919,4069703.17318021,-0.34109921809775984
346468.8760957503,4069703.156540107,-0.34181173206447263
346468.9232324739,4069703.139862909,-0.34249457164651737
346468.9703565795,4069703.1231500893,-0.34314838657828045
346469.0174685531,4069703.106403101,-0.34377389819796655
346469.0645688746,4069703.0896233683,-0.34437188159890253
346469.1116580164,4069703.0728122867,-0.3449431551759722
346469.1587364412,4069703.055971216,-0.34548856985270326
346469.20580460154,4069703.039101478,-0.3460089926613276
346469.2528629382,4069703.022204356,-0.3465053008345161
346469.29991188,4069703.005281091,-0.34697838455074703
346469.34695184295,4069702.9883328844,-0.3474291231228984
346469.39398322994,4069702.9713608935,-0.34785839661702384
346469.4410064304,4069702.954366233,-0.348267065325095
346469.4880218204,4069702.9373499765,-0.348655983994196
346469.53502976184,4069702.9203131543,-0.34902599038067644
346469.5820306035,4069702.903256754,-0.3493778890609001
346469.62902468035,4069702.8861817243,-0.34971247720544096
346469.67601231433,4069702.869088972,-0.35003051935449686
346469.72299381427,4069702.851979367,-0.35033276675147756
346469.76996947586,4069702.8348537385,-0.3506199383482946
346469.81693958223,4069702.8177128793,-0.3508927238880075
346469.8639044048,4069702.800557548,-0.3511518032655065
346469.91086420283,4069702.7833884675,-0.35139781834447015
346469.95781922404,4069702.7662063274,-0.3516313927000443
346470.00476970494,4069702.7490117843,-0.35185311863398366
346470.0517158712,4069702.7318054643,-0.35206356666234445
346470.09865793836,4069702.7145879646,-0.3522632871834388
346470.1455961116,4069702.6973598516,-0.35245280080938657
346470.1925305866,4069702.6801216663,-0.35263261191481
346470.2394615499,4069702.6628739224,-0.352803195347619
346470.2863891792,4069702.6456171093,-0.35296500822023075
346470.33331364335,4069702.6283516916,-0.35311849000664775
346470.3802351034,4069702.6110781115,-0.35326405580259934
346470.4271537123,4069702.5937967882,-0.35340210222420987
346470.47406961553,4069702.5765081206,-0.35353300676626354
346470.5209829516,4069702.5592124886,-0.35365712951646916
346470.56789385254,4069702.5419102525,-0.35377481943319733
346470.61480244284,4069702.5246017533,-0.35388639833715607
346470.6617088417,4069702.507287316,-0.3539921815839507
346470.708613162,4069702.4899672484,-0.3540924927824569
346470.75551551074,4069702.472641843,-0.35418771975591956
346470.8024159903,4069702.455311378,-0.35427798696387025
346470.8493146971,4069702.437976116,-0.35436353753745786
346470.89621172275,4069702.420636307,-0.3544446201572919
346470.9431071545,4069702.4032921875,-0.3545214583520889
346470.9900010718,4069702.385943974,-0.3545942480437826
346471.03689354175,4069702.3685918483,-0.3546630870926911
346471.0837846554,4069702.351236058,-0.3547283270906829
346471.1306744835,4069702.3338767947,-0.35479015582991297
346471.1775630926,4069702.3165142387,-0.35484875044140485
346471.2244505465,4069702.2991485638,-0.3549042813515377
346471.27133690496,4069702.2817799314,-0.3549569018403606
346471.3182222254,4069702.2644084976,-0.3550067699253403
346471.36510656157,4069702.2470344068,-0.3550540169869359
346471.41198996524,4069702.2296578004,-0.35509878860318317
346471.458872485,4069702.212278809,-0.35514121029544793
346471.5057541671,4069702.194897558,-0.3551814075803654
346471.5526350555,4069702.1775141666,-0.35521949665330127
346471.59951519157,4069702.1601287457,-0.3552555860103579
346471.6463946148,4069702.1427414035,-0.35528978392708194
346471.6932733626,4069702.12535224,-0.35532218439396307
346471.7401514702,4069702.107961351,-0.35535288168510715
346471.78702897107,4069702.0905688265,-0.35538196366107827
346471.8339058972,4069702.0731747528,-0.35540951516097025
346471.8807822784,4069702.0557792108,-0.3554356155068515
346471.9276581435,4069702.038382278,-0.35546034142904953
346471.9745335198,4069702.020984028,-0.35548377014097754
346472.02140843286,4069702.00358453,-0.3555059655403814
346472.06828290713,4069701.98618385,-0.3555269935598845
346472.11515696556,4069701.96878205,-0.35554691280867085
346472.16203063,4069701.951379189,-0.35556578246299436
346472.20890392107,4069701.933975322,-0.3555836559413148
346472.25577685836,4069701.9165705023,-0.3556005847351962
346472.3026494606,4069701.8991647805,-0.3556166200473412
346472.3495217456,4069701.8817582037,-0.35563180576929865
346472.3963937299,4069701.864350818,-0.3556461904429437
346472.4432654295,4069701.8469426655,-0.3556598117198843
346472.4901368595,4069701.829533787,-0.3556727120439591
346472.5370080339,4069701.81212422,-0.35568492548385666
346472.5838789663,4069701.794714002,-0.3556964909619718
346472.6307496695,4069701.777303167,-0.3557074417290303
346472.6776201558,4069701.759891748,-0.3557178069904813
346472.7244904367,4069701.742479776,-0.3557276220832134
346472.7713605231,4069701.7250672802,-0.3557369112072729
346472.81823042524,4069701.707654289,-0.35574570662048655
346472.8651001529,4069701.690240828,-0.3557540290908494
346472.9119697157,4069701.6728269225,-0.3557619034080679
346472.9588391221,4069701.655412597,-0.3557693524744676
346473.0057083806,4069701.637997873,-0.3557763964618845
346473.05257749924,4069701.620582773,-0.35578305987340375
346473.09944648517,4069701.6031673155,-0.35578935672567386
346473.1463153459,4069701.585751521,-0.3557953066178554
346473.1931840882,4069701.568335408,-0.3558009307462646
346473.2400527186,4069701.550918994,-0.35580624881220113
346473.2869212433,4069701.533502295,-0.3558112735310438
346473.3337896678,4069701.5160853267,-0.35581601932705753
346473.38065799774,4069701.498668104,-0.3558205009025657
346473.4275262385,4069701.4812506414,-0.35582473310220997
346473.47439439484,4069701.4638329516,-0.35582872184228526
346473.5212624714,4069701.4464150467,-0.35583247995328426
346473.5681304725,4069701.428996939,-0.355836020097696
346473.6149984025,4069701.4115786403,-0.3558393495291486
346473.6618662655,4069701.3941601613,-0.35584247674148484
346473.7087340655,4069701.376741512,-0.3558454130549948
346473.75560180633,4069701.3593227044,-0.35584817112085165
346473.8024694912,4069701.341903746,-0.35585075366019736
346473.8493371236,4069701.3244846463,-0.35585317032247155
346473.8962047069,4069701.3070654143,-0.35585542901493217
346473.9430722442,4069701.289646059,-0.3558575351786073
346473.9899397382,4069701.272226587,-0.35585949525655614
346474.03680719185,4069701.254807006,-0.35586131587037323
346474.0836746078,4069701.237387324,-0.355863000500859
346474.1305419884,4069701.2199675473,-0.35586455713213744
346474.17740933655,4069701.2025476824,-0.35586599108065226
346474.2242766545,4069701.185127737,-0.35586730714415116
346474.2711439444,4069701.167707716,-0.3558685054983013
346474.31801120855,4069701.1502876254,-0.3558695911333453
346474.3648784492,4069701.132867472,-0.35587056725585814
346474.41174566787,4069701.115447259,-0.3558714357294686
346474.45861286676,4069701.0980269928,-0.3558721997328598
346474.5054800478,4069701.080606679,-0.3558728638926667
346474.5523472132,4069701.063186323,-0.3558734289539824
346474.5992143645,4069701.0457659285,-0.35587389765424116
346474.6460815037,4069701.028345502,-0.35587427045141623
346474.6929486322,4069701.0109250466,-0.3558738671570866
346474.73981575173,4069700.993504567,-0.355874243471908
346474.786682864,4069700.976084068,-0.3558745555970357
346474.8335499708,4069700.9586635544,-0.355874796441921
346474.88041707367,4069700.9412430297,-0.35587491396625465
346474.92728417437,4069700.9238225,-0.35587491396625465
