346438.6964874568,4069682.860995448,0.7537338786399038
346438.7329443877,4069682.89521375,0.7537338778830323
346438.7694013187,4069682.929432052,0.7537338786020602
346438.8058582496,4069682.963650354,0.7537338721869108
346438.8423151805,4069682.9978686557,0.7537338775603826
346438.8787721115,4069683.0320869577,0.7537338785859278
346438.9152290424,4069683.0663052597,0.753733878637205
346438.9516859733,4069683.1005235617,0.7537338778828973
346438.9881429043,4069683.1347418637,0.7537338786020535
346439.0245998352,4069683.1689601657,0.7537338714300389
346439.0610567662,4069683.203178467,0.7537338782794105
346439.0975136971,4069683.237396769,0.7537338786218791
346439.133970628,4069683.271615071,0.7537281396172839
346439.17042776564,4069683.305833153,0.7537230815857705
346439.2068850752,4069683.3400510517,0.7537228222330268
346439.24334238475,4069683.37426895,0.7537228157165576
346439.2797996943,4069683.4084868487,0.7537228089395661
346439.31625700387,4069683.442704747,0.7537228150518845
346439.3527143134,4069683.4769226457,0.7537228089063325
346439.389171623,4069683.511140544,0.7537228150502229
346439.42562893254,4069683.5453584427,0.7537228153574174
346439.4620862421,4069683.5795763414,0.7537228081647466
346439.4985435517,4069683.6137942397,0.7537228150131436
346439.5350008613,4069683.6480121384,0.7537228089043955
346439.57145817083,4069683.6822300367,0.7537195671137632
346439.6079155972,4069683.7164478106,0.7537031426365982
346439.64437360945,4069683.7506649606,0.75370232141274
346439.6808316217,4069683.7848821105,0.753702280351547
346439.71728963393,4069683.8190992605,0.7537022790553334
346439.7537476461,4069683.8533164104,0.7537022717823842
346439.79020565836,4069683.88753356,0.7537022778700292
346439.8266636706,4069683.92175071,0.7537022781744115
346439.86312168284,4069683.95596786,0.7537022789464766
346439.899579695,4069683.99018501,0.7537022782282339
346439.93603770726,4069684.0244021597,0.7537022717410293
346439.9724957195,4069684.058619309,0.7537022778679615
346440.00895373174,4069684.092836459,0.7537022781743081
346440.045411744,4069684.127053609,0.7536769708545435
346440.0818706676,4069684.1612697877,0.7536735914953917
346440.1183296674,4069684.1954858853,0.7536734225274341
346440.1547886673,4069684.229701983,0.753673414835859
346440.19124766707,4069684.2639180804,0.7536734136944574
346440.2277066669,4069684.298134178,0.7536734136373874
346440.26416566677,4069684.3323502755,0.7536734136345339
346440.3006246666,4069684.366566373,0.7536734136343912
346440.33708366647,4069684.4007824706,0.753673413634384
346440.3735426663,4069684.434998568,0.7536734136343837
346440.41000166617,4069684.4692146657,0.7536734136343837
346440.446460666,4069684.5034307633,0.7536734136343837
346440.48291966587,4069684.537646861,0.7536435065186355
346440.5193797428,4069684.5718618105,0.7536373651421415
346440.555839987,4069684.606076582,0.753637064525004
346440.5923002312,4069684.6402913537,0.7536370430424599
346440.62876047543,4069684.674506125,0.7536370476632266
346440.6652207197,4069684.708720897,0.7536370421993711
346440.7016809639,4069684.742935668,0.7536370419261783
346440.73814120813,4069684.7771504396,0.7536370483642059
346440.77460145234,4069684.8113652114,0.7536370422344201
346440.81106169656,4069684.8455799827,0.753637048379618
346440.84752194077,4069684.8797947546,0.7536370414783973
346440.88398218504,4069684.914009526,0.7536356055312471
346440.9204424812,4069684.9482242423,0.7535958634907024
346440.95690420584,4069684.982437436,0.7535938756319167
346440.99336593057,4069685.0166506297,0.7535937762389774
346441.0298276553,4069685.0508638234,0.7535937784780381
346441.06628937996,4069685.0850770175,0.7535937713812835
346441.1027511047,4069685.1192902112,0.7535937710264458
346441.1392128294,4069685.153503405,0.7535937782174116
346441.1756745541,4069685.187716599,0.7535937713682521
346441.2121362788,4069685.221929793,0.7535937710257942
346441.2485980035,4069685.2561429865,0.7535937717654297
346441.2850597282,4069685.29035618,0.7535937774976023
346441.3215214529,4069685.3245693743,0.7535718707282585
346441.3579839664,4069685.3587817275,0.7535454210573019
346441.3944473929,4069685.3929931074,0.7535440985737542
346441.4309108194,4069685.4272044874,0.7535440389018271
346441.46737424587,4069685.461415868,0.7535440294659804
346441.50383767235,4069685.4956272477,0.753544028994188
346441.54030109884,4069685.5298386277,0.7535440361795673
346441.57676452526,4069685.564050008,0.7535440293298674
346441.61322795175,4069685.598261388,0.7535440354396327
346441.64969137823,4069685.6324727684,0.7535440292928707
346441.6861548047,4069685.6666841484,0.7535440289855326
346441.7226182312,4069685.7008955283,0.7535346926002013
346441.7590819942,4069685.73510655,0.7534904601790267
346441.79554733296,4069685.769315892,0.7534882485579679
346441.83201267174,4069685.8035252336,0.7534881379769149
346441.8684780105,4069685.8377345754,0.7534881324478623
346441.9049433493,4069685.871943917,0.7534881321714096
346441.9414086881,4069685.906153259,0.753488132157587
346441.97787402687,4069685.9403626006,0.7534881386094846
346442.01433936565,4069685.974571943,0.7534881324794908
346442.0508047044,4069686.0087812846,0.7534881321729912
346442.0872700432,4069686.0429906263,0.7534881321576661
346442.123735382,4069686.077199968,0.7534768959096821
346442.1602011255,4069686.1114088786,0.753428820676115
346442.1966685797,4069686.145615965,0.7534264241240232
346442.2331360339,4069686.179823052,0.7534262978434557
346442.26960348804,4069686.2140301387,0.7534262979823902
346442.3060709422,4069686.2482372257,0.7534262915363741
346442.34253839636,4069686.2824443122,0.7534262976670362
346442.3790058505,4069686.3166513992,0.7534262915206064
346442.4154733047,4069686.350858486,0.7534262969096243
346442.4519407589,4069686.385065573,0.7534262914827358
346442.4884082131,4069686.4192726593,0.7534262976643542
346442.52487566724,4069686.4534797464,0.753392663111361
346442.56134433235,4069686.487685542,0.7533603628991405
346442.5978141,4069686.5218901625,0.7533587406785881
346442.63428386766,4069686.5560947824,0.753358666777502
346442.6707536353,4069686.590299403,0.7533586630824476
346442.7072234029,4069686.624504023,0.7533586628976949
346442.74369317055,4069686.6587086436,0.7533586564350847
346442.7801629382,4069686.6929132636,0.7533586625653268
346442.8166327058,4069686.727117884,0.7533586621152698
346442.8531024735,4069686.7613225044,0.7533586563959636
346442.8895722411,4069686.7955271243,0.7533460092742085
346442.9260424644,4069686.829731259,0.7532883599666164
346442.9625147403,4069686.8639332047,0.7532854782577466
346442.99898701615,4069686.8981351503,0.7532853334157932
346443.03545929206,4069686.932337096,0.7532853333840216
346443.0719315679,4069686.966539042,0.753285326172107
346443.1084038438,4069687.0007409877,0.7532853258115112
346443.14487611974,4069687.0349429334,0.7532853265499913
346443.1813483956,4069687.069144879,0.7532853258304054
346443.2178206715,4069687.1033468246,0.753285326550936
346443.25429294736,4069687.1375487703,0.753272444007533
346443.29076568707,4069687.1717502214,0.7532096480200946
346443.32724066445,4069687.2059492865,0.7532065025228746
346443.3637156418,4069687.240148351,0.7532063444915674
346443.40019061917,4069687.2743474157,0.7532063365900021
346443.43666559656,4069687.3085464803,0.7532063361949238
346443.47314057394,4069687.342745545,0.7532063426294642
346443.50961555133,4069687.37694461,0.7532063372533431
346443.54609052866,4069687.4111436745,0.7532063362280909
346443.58256550605,4069687.445342739,0.7532063361768283
346443.61904048343,4069687.4795418037,0.7531664567123727
346443.6555168965,4069687.513739337,0.7531239382179169
346443.6919947681,4069687.5479353145,0.7531218187480004
346443.7284726397,4069687.582131292,0.7531217127745047
346443.7649505113,4069687.61632727,0.7531217067194521
346443.8014283829,4069687.6505232477,0.7531217007182709
346443.8379062545,4069687.684719225,0.7531217068730182
346443.8743841261,4069687.7189152027,0.7531217071807556
346443.9108619977,4069687.7531111804,0.7531216999849583
346443.94733986934,4069687.7873071576,0.7531084384420399
346443.9838182186,4069687.821502626,0.75303526342392
346444.02029917756,4069687.8556953096,0.7530316111283667
346444.05678013654,4069687.8898879937,0.7530314213019313
346444.0932610956,4069687.9240806773,0.7530314190222672
346444.12974205456,4069687.9582733614,0.7530314124529314
346444.16622301354,4069687.992466045,0.7530314185798173
346444.2027039725,4069688.026658729,0.7530314124308088
346444.2391849315,4069688.060851413,0.7530314178224061
346444.27566589054,4069688.095044097,0.7530181549919357
346444.3121473268,4069688.1292362716,0.7529395637698391
346444.3486315676,4069688.1634254535,0.7529356406646677
346444.3851158084,4069688.197614636,0.7529354372972481
346444.42160004925,4069688.2318038177,0.7529354343410382
346444.45808429003,4069688.265993,0.7529354277372942
346444.4945685308,4069688.300182182,0.7529354338630404
346444.5310527716,4069688.334371364,0.7529354269571668
346444.56753701245,4069688.368560546,0.752935433824034
346444.60402125324,4069688.4027497284,0.7528905645197029
346444.6405071086,4069688.4369371873,0.7528365378959002
346444.6769948274,4069688.4711226574,0.7528338422651135
346444.71348254627,4069688.505308128,0.7528337017831707
346444.7499702651,4069688.539493598,0.7528336940029282
346444.78645798395,4069688.573679068,0.7528336943700614
346444.82294570276,4069688.607864538,0.7528337000888216
346444.85943342163,4069688.6420500088,0.7528336946743561
346444.89592114044,4069688.676235479,0.7528229125543093
346444.9324092474,4069688.710420535,0.7527309798487137
346444.9689006427,4069688.7446020804,0.7527263896706334
346445.00539203803,4069688.7787836264,0.7527261544605885
346445.0418834333,4069688.812965172,0.7527261484012271
346445.0783748286,4069688.847146718,0.7527261416410596
346445.11486622394,4069688.8813282633,0.7527261477602507
346445.15135761927,4069688.9155098093,0.7527261423650694
346445.18784901453,4069688.9496913548,0.7527193726047291
346445.22434065357,4069688.9838726404,0.7526180319942526
346445.2608359265,4069689.018050046,0.7526129592618102
346445.2973311994,4069689.0522274515,0.7526127113271066
346445.33382647234,4069689.086404857,0.7526126996863385
346445.3703217452,4069689.120582263,0.7526126918904474
346445.40681701817,4069689.1547596683,0.7526126987145054
346445.44331229106,4069689.188937074,0.7526126982997414
346445.479807564,4069689.22311448,0.7525754280929022
346445.51630417764,4069689.2572904537,0.7524973725836631
346445.5528035322,4069689.2914635004,0.7524934641054639
346445.58930288674,4069689.3256365466,0.7524932743842911
346445.6258022413,4069689.3598095933,0.7524932648982325
346445.6623015959,4069689.39398264,0.7524932651798002
346445.6988009504,4069689.4281556867,0.752493264438008
346445.735300305,4069689.4623287334,0.7524932644009183
346445.7717996596,4069689.49650178,0.752386652783082
346445.8083028488,4069689.5306707304,0.7523687037569943
346445.8448064919,4069689.564839196,0.7523678055499206
346445.8813101351,4069689.5990076615,0.7523677606395669
346445.91781377833,4069689.633176127,0.7523677591498186
346445.9543174215,4069689.6673445925,0.7523677583195618
346445.9908210647,4069689.701513058,0.7523677590338183
346446.02732470783,4069689.7356815236,0.7522738204552131
346446.0638317294,4069689.7698463793,0.7522379709589575
346446.10033987125,4069689.804010038,0.7522361849443074
346446.1368480131,4069689.838173697,0.7522360891834122
346446.17335615493,4069689.8723373553,0.7522360908555301
346446.2098642968,4069689.9065010143,0.7522360852346363
346446.24637243856,4069689.9406646728,0.7522360906580914
346446.2828805804,4069689.9748283317,0.7521195068873041
346446.3193929145,4069690.00898751,0.7520992249212901
346446.35590576817,4069690.043146133,0.752098211578541
346446.3924186218,4069690.077304756,0.752098160155852
346446.4289314755,4069690.1114633786,0.7520981575847175
346446.4654443292,4069690.1456220015,0.7520981582117123
346446.50195718283,4069690.1797806243,0.7520569203573001
346446.5384715191,4069690.213937662,0.751959036591825
346446.5749893007,4069690.248091017,0.7519541359416827
346446.6115070823,4069690.2822443713,0.7519538973710441
346446.6480248639,4069690.316397726,0.7519538789806437
346446.6845426455,4069690.3505510804,0.7519538780611237
346446.72106042714,4069690.384704435,0.7519538844770162
346446.75757820875,4069690.4188577896,0.7518143319540679
346446.7941010069,4069690.4530057795,0.7518037220817816
346446.8306239355,4069690.48715363,0.7518031915881672
346446.8671468641,4069690.52130148,0.7518031650634865
346446.90366979275,4069690.5554493302,0.7518031702000317
346446.9401927214,4069690.589597181,0.7518031639940798
346446.97671565,4069690.623745031,0.7516685202203731
346447.013243418,4069690.6578877047,0.7516470574524183
346447.0497717156,4069690.692029812,0.7516459850692068
346447.0863000131,4069690.726171919,0.7516459242311306
346447.1228283107,4069690.760314026,0.7516459276529561
346447.1593566083,4069690.794456133,0.7516348385533612
346447.19588530425,4069690.828597814,0.7514897284550549
346447.23241919506,4069690.862733936,0.7514824729501396
346447.2689530859,4069690.896870058,0.7514821037101748
346447.3054869767,4069690.9310061797,0.7514820917128956
346447.3420208675,4069690.9651423017,0.7514820911130317
346447.3785547583,4069690.999278424,0.7514052230512112
346447.4150914108,4069691.0334115895,0.751316272383503
346447.4516311212,4069691.067541482,0.7513118248501175
346447.48817083164,4069691.1016713744,0.7513116024734483
346447.52471054206,4069691.135801267,0.7513115921095308
346447.5612502524,4069691.1699311594,0.7512944688048253
346447.5977905781,4069691.2040603934,0.7511423782125878
346447.6343363364,4069691.23818381,0.7511347664613839
346447.67088209477,4069691.272307226,0.7511343930954156
346447.7074278531,4069691.3064306425,0.7511343736723445
346447.74397361145,4069691.340554059,0.7511343734559637
346447.78051936976,4069691.3746774755,0.7509694861365747
346447.81707105006,4069691.4087945484,0.7509513417600773
346447.8536230859,4069691.4429112403,0.7509504337866284
346447.8901751218,4069691.477027932,0.7509503956105098
346447.9267271576,4069691.5111446246,0.75095038647915
346447.9632791935,4069691.5452613165,0.7507709176620433
346447.9998376739,4069691.5793711026,0.750760166367285
346448.0363962181,4069691.6134808203,0.750759629557017
346448.07295476226,4069691.647590538,0.7507596027165035
346448.1095133064,4069691.6817002557,0.7507158122929809
346448.1460734227,4069691.715808288,0.7505697002692492
346448.18263870594,4069691.7499107816,0.7505623939137527
346448.21920398925,4069691.784013275,0.7505620293502877
346448.2557692725,4069691.8181157685,0.7505620111221145
346448.29233455576,4069691.852218262,0.7504331123539707
346448.3289044657,4069691.8863157937,0.7503613825957867
346448.3654767188,4069691.9204108124,0.7503578025793849
346448.4020489719,4069691.9545058315,0.7503576171070574
346448.438621225,4069691.98860085,0.7503027721574441
346448.4751954458,4069692.0226937574,0.7501542360639444
346448.5117748986,4069692.0567810517,0.7501468085052955
346448.5483543515,4069692.090868346,0.7501464371273631
346448.58493380435,4069692.12495564,0.7501353406034607
346448.6215136547,4069692.159042508,0.7499388191515438
346448.6581005357,4069692.193121829,0.7499290003068411
346448.6946874166,4069692.2272011507,0.7499285028905103
346448.7312742975,4069692.261280472,0.7499284780196938
346448.76786117844,4069692.295359793,0.7497158327575735
346448.8044556869,4069692.3294309243,0.7497044546141951
346448.84105022193,4069692.3635020265,0.7497038792315761
346448.877644757,4069692.3975731283,0.7496830676075434
346448.9142400375,4069692.4316434297,0.7494831416990037
346448.95084245,4069692.465706069,0.7494731454035767
346448.98744486255,4069692.4997687084,0.7494726455888053
346449.0240472751,4069692.5338313477,0.7493957260651763
346449.0606524443,4069692.567891024,0.7492429319483973
346449.09726295364,4069692.601944961,0.7492352865175176
346449.1338734629,4069692.6359988977,0.7492349034927377
346449.17048397224,4069692.6700528343,0.7490663142778403
346449.20710052346,4069692.704100274,0.7489945650021799
346449.2437193441,4069692.738145273,0.7489909767853585
346449.28033816477,4069692.7721902723,0.7489320064803492
346449.3169590921,4069692.806233005,0.7487500520226437
346449.35358643375,4069692.8402688373,0.7487409485713385
346449.39021377533,4069692.874304669,0.7487404933987732
346449.4268411169,4069692.9083405007,0.7485225498472096
346449.463476265,4069692.9423679295,0.7484860382277274
346449.5001123307,4069692.9763943707,0.7484842054113264
346449.53674839647,4069693.0104208114,0.7483188720148506
346449.5733903801,4069693.044440879,0.7482267682441359
346449.61003536603,4069693.078457713,0.7482221623031848
346449.64668035205,4069693.1124745472,0.7480827588746503
346449.68333032075,4069693.1464860123,0.7479605549123886
346449.7199844149,4069693.1804930316,0.7479544512002645
346449.7566385091,4069693.2145000515,0.7478140118101861
346449.7932976187,4069693.2485016636,0.7476876380733701
346449.82996100024,4069693.2824986703,0.7476813121469199
346449.86662438186,4069693.3164956765,0.747512691601453
346449.9032937858,4069693.350486187,0.7474082593458587
346449.9399666245,4069693.3844729913,0.7474030442223852
346449.97663946316,4069693.4184597963,0.7471790508289169
346450.0133203046,4069693.4524379633,0.74712275135861
346450.05000275944,4069693.486414389,0.7470868246267116
346450.0866863983,4069693.5203895364,0.7468450864433063
346450.1233786172,4069693.5543554174,0.7468330002854242
346450.1600708361,4069693.5883212984,0.7466941506546677
346450.19676799694,4069693.622281839,0.7465485175172796
346450.2334701157,4069693.6562370225,0.7465412366114619
346450.2701722344,4069693.690192206,0.746271203293411
346450.3068839903,4069693.7241369695,0.7462468965981406
346450.3435961321,4069693.7580813156,0.7461027738913486
346450.38031337946,4069693.7920201384,0.7459548305438517
346450.4170356547,4069693.8259535218,0.7459124573075027
346450.453759179,4069693.859885553,0.7456588881571423
346450.4904916835,4069693.893807863,0.7456462096996243
346450.527224188,4069693.927730173,0.7454109327120915
346450.5639650697,4069693.961643409,0.7453449949396772
346450.6007078855,4069693.99555455,0.7451756343607217
346450.637456628,4069694.0294592674,0.7450424466590029
346450.67420982197,4069694.0633591604,0.7449204483470941
346450.7109671309,4069694.0972545906,0.7447373309123428
346450.7477307554,4069694.1311431713,0.7446461798650508
346450.78449730447,4069694.1650285786,0.7444301272659184
346450.8212713966,4069694.1989058,0.7443538730603169
346450.85804782266,4069694.2327804877,0.7441213192348475
346450.8948324041,4069694.2666463195,0.7440446535071333
346450.93161930353,4069694.3005096326,0.7438113893951319
346450.96841438056,4069694.334364061,0.7437198120537465
346451.0052123049,4069694.3682153933,0.7435008445992229
346451.04201786814,4069694.402058421,0.7433806832238543
346451.07882732124,4069694.435897217,0.7431901603448481
346451.1156433463,4069694.4697288633,0.7430286864912248
346451.1524647818,4069694.5035546203,0.7428798466988216
346451.18929122924,4069694.537374921,0.7426653098253145
346451.2261250483,4069694.571187193,0.7425703888588495
346451.2629618641,4069694.6049962007,0.7422920744591255
346451.2998084143,4069694.638794599,0.7421993010085645
346451.3366577696,4069694.6725899386,0.741970327984882
346451.37351510476,4069694.706376576,0.7418076812050298
346451.41037781636,4069694.7401573462,0.741666042663904
346451.4472452752,4069694.773932936,0.741411296831281
346451.4841215378,4069694.8076989134,0.7412918101052621
346451.52100159443,4069694.8414607467,0.7410799677810315
346451.5578889667,4069694.8752145874,0.7408838131950507
346451.59478293103,4069694.908961222,0.7407522223140156
346451.63168122125,4069694.942703127,0.7405069827447357
346451.6685879873,4069694.9764357614,0.7403363892515551
346451.70550037455,4069695.010162244,0.7401945487844932
346451.7424174943,4069695.0438835467,0.739949581946607
346451.77934305667,4069695.0775956046,0.7397771419900231
346451.8162743028,4069695.111301435,0.7396270743735972
346451.85321056703,4069695.1450017667,0.7394099940020965
346451.8901542651,4069695.1786939492,0.7392136631684604
346451.9271045404,4069695.212378918,0.7390574354882156
346451.9640600067,4069695.246058192,0.7388900315682663
346452.0010211304,4069695.2797312574,0.7386528190834508
346452.0379903645,4069695.313395418,0.7384924012924788
346452.0749648622,4069695.3470537974,0.7383330224674507
346452.11194472184,4069695.380706285,0.7381556034316549
346452.14893058396,4069695.4143521767,0.7379404945950276
346452.1859237493,4069695.447990038,0.7377797121492499
346452.2229222262,4069695.4816220566,0.7376203360928986
346452.2599260603,4069695.515248181,0.7374601414932578
346452.2969352822,4069695.5488683754,0.737255874555239
346452.33395144896,4069695.5824809237,0.737088488033169
346452.37097317603,4069695.6160873473,0.7369324994866876
346452.4080001246,4069695.6496880176,0.7367772264888252
346452.44503228896,4069695.6832829397,0.7366224098621432
346452.48206965305,4069695.716872129,0.7364419920549228
346452.519113122,4069695.750454586,0.7362787773335674
346452.5561620411,4069695.78403103,0.7361299407356149
346452.5932159319,4069695.817601987,0.7359827939829
346452.63027475897,4069695.851167495,0.7358368788516392
346452.6673384812,4069695.8847275972,0.7356923054427664
346452.70440705266,4069695.9182823435,0.735538735791017
346452.74148079276,4069695.9518313794,0.7353830383699889
346452.7785597595,4069695.9853746383,0.7352446923017741
346452.8156433358,4069696.018912801,0.7351085454014703
346452.85273147386,4069696.052445919,0.734973875209486
346452.8898241251,4069696.0859740446,0.7348406163807785
346452.9269212412,4069696.11949723,0.7347087794056292
346452.96402277437,4069696.153015527,0.7345783245686853
346453.0011286773,4069696.1865289863,0.7344468999591709
346453.03823898616,4069696.220037567,0.7343064194268203
346453.075354018,4069696.2535409164,0.7341801942260034
346453.1124732531,4069696.287039608,0.7340555304729531
346453.1495966614,4069696.3205336756,0.7339316862963591
346453.1867242161,4069696.354023147,0.7338084865022867
346453.2238558951,4069696.387508045,0.7336858039416416
346453.26099168096,4069696.4209883884,0.7335634911959583
346453.2981315611,4069696.45446419,0.7334413697493495
346453.3352755286,4069696.4879354564,0.7333192704530144
346453.37242358254,4069696.521402187,0.7331970136144246
346453.4095757281,4069696.554864376,0.7330743911512881
346453.44673197746,4069696.588322008,0.732951197259779
346453.48389234924,4069696.6217750614,0.7328213723145145
346453.52105707524,4069696.655223277,0.7326939976914723
346453.55822605715,4069696.6886667632,0.7325678801660408
346453.59539925435,4069696.722105564,0.7324403986718949
346453.6325767165,4069696.755539623,0.7323111620587767
346453.6697585023,4069696.7889688737,0.7321799677834676
346453.7069446771,4069696.8223932423,0.7320465581894381
346453.7441353144,4069696.855812645,0.7319107065039792
346453.7813304957,4069696.8892269903,0.7317721883130844
346453.81853030995,4069696.922636178,0.731630763198199
346453.8557348537,4069696.9560400983,0.7314862001489253
346453.8929442316,4069696.989438634,0.7313382767536352
346453.93015855533,4069697.0228316584,0.7311867761380312
346453.9673779442,4069697.0562190376,0.7310314876729718
346454.0046025238,4069697.089600629,0.7308722464653221
346454.0418324257,4069697.122976285,0.7307088628242273
346454.0790677874,4069697.1563458494,0.7305411898836557
346454.11630875105,4069697.1897091614,0.7303691254614062
346454.15355546266,4069697.2230660566,0.7301925785185454
346454.1908080708,4069697.256416367,0.730011476960374
346454.22806672583,4069697.289759921,0.7298258538267341
346454.2653315777,4069697.3230965496,0.7296357211327971
346454.30260277505,4069697.3564260835,0.7294412352038108
346454.3398804616,4069697.3897483596,0.7292425927160651
346454.3771647738,4069697.423063222,0.7290400944410202
346454.4144558384,4069697.456370526,0.7288341110613084
346454.4517537689,4069697.489670141,0.7286221629262943
346454.48905876686,4069697.5229618386,0.7284093141414999
346454.52637085173,4069697.5562455934,0.7281968267188299
346454.56369000755,4069697.5895214197,0.727984128932271
346454.60101624037,4069697.622789307,0.7277724471201225
346454.6383495129,4069697.6560492944,0.727562861706526
346454.6756897516,4069697.6893014605,0.727356324553478
346454.71303685213,4069697.72254592,0.7271535614333445
346454.75039068586,4069697.7557828133,0.7269552052307953
346454.78775110404,4069697.7890123054,0.7267617254998796
346454.8251179421,4069697.822234578,0.7265735248390484
346454.8624910228,4069697.855449828,0.7263908702497442
346454.8998701602,4069697.888658262,0.7262139580270368
346454.9372551619,4069697.9218600937,0.7260429544844555
346454.9746458302,4069697.9550555437,0.7258779318622117
346455.0120419658,4069697.988244835,0.7257189158021184
346455.04944336787,4069698.0214281906,0.7255658936347743
346455.08684983687,4069698.0546058347,0.7254188199016769
346455.12426117464,4069698.0877779885,0.7252776401663
346455.1616771851,4069698.120944872,0.7251422282552423
346455.19909767614,4069698.1541067,0.7250124794264343
346455.23652245983,4069698.1872636834,0.7248882319235617
346455.2739513533,4069698.2204160276,0.7247693637845722
346455.3113841779,4069698.253563933,0.7246557079895167
346455.3488207605,4069698.286707594,0.724547104115017
346455.3862609337,4069698.319847199,0.7244433707292175
346455.423704536,4069698.35298293,0.724344326080554
346455.46115141164,4069698.386114961,0.7242498273955787
346455.4986014103,4069698.4192434624,0.7241596808703517
346455.5360543875,4069698.452368596,0.7240737188870573
346455.573510205,4069698.4854905186,0.7239917500596189
346455.6109687302,4069698.5186093785,0.7239136289409531
346455.64842983586,4069698.5517253196,0.7238391667522703
346455.6858934009,4069698.5848384784,0.72376820565543
346455.7233593097,4069698.6179489857,0.7237005731327723
346455.76082745177,4069698.6510569653,0.7236361290809189
346455.7982977218,4069698.6841625366,0.7235747335157262
346455.8357700192,4069698.7172658136,0.723516206714685
346455.87324424885,4069698.750366903,0.7234604331936841
346455.9107203197,4069698.7834659074,0.7234072771279639
346455.9481981454,4069698.816562925,0.7233566097718115
346455.9856776438,4069698.8496580487,0.723308263716718
346456.02315873787,4069698.8827513647,0.723262135898505
346456.0606413548,4069698.9158429564,0.7232180983885892
346456.09812542534,4069698.9489329015,0.7231760448844008
346456.1356108838,4069698.982021274,0.723135862068713
346456.1730976685,4069699.015108144,0.7230974443710649
346456.21058572136,4069699.048193577,0.7230606777323842
346456.2480749877,4069699.0812776354,0.7230254580085721
346456.28556541656,4069699.1143603763,0.722991696235092
346456.3230569598,4069699.1474418542,0.7229592946453824
346456.3605495725,4069699.18052212,0.7229281763501204
346456.3980432124,4069699.213601222,0.7228982449180685
346456.43553784036,4069699.2466792036,0.7228694110387881
346456.47303342016,4069699.2797561064,0.7228416033672063
346456.51052991784,4069699.3128319685,0.7228147507754465
346456.54802730214,4069699.3459068257,0.7227887563376254
346456.5855255445,4069699.3789807097,0.7227635719427189
346456.62302461866,4069699.412053651,0.7227390892757202
346456.6605245011,4069699.4451256758,0.7227152618513997
346456.6980251705,4069699.478196808,0.7226920255860192
346456.73552660714,4069699.51126707,0.7226693082532962
346456.7730287943,4069699.5443364815,0.7226470238952398
346456.8105317176,4069699.577405058,0.7226251337296248
346456.84803536424,4069699.610472814,0.7226035681518672
346456.88553972315,4069699.643539762,0.7225822715902842
346456.92304478586,4069699.676605912,0.7225611618983087
346456.9605505465,4069699.7096712706,0.7225401790582362
346456.9980570004,4069699.7427358422,0.7225192775411152
346457.03556414536,4069699.77579963,0.7224983925778484
346457.0730719809,4069699.808862635,0.7224774525861434
346457.11058050883,4069699.841924854,0.7224563952052544
346457.148089733,4069699.874986283,0.7224351909353327
346457.18559965875,4069699.9080469166,0.7224137434080244
346457.22311029385,4069699.941106745,0.7223919986418462
346457.2606216483,4069699.974165757,0.722369886325004
346457.29813373426,4069700.007223939,0.7223473632858194
346457.3356465656,4069700.0402812753,0.7223243560970588
346457.3731601586,4069700.0733377477,0.722300761803607
346457.4106745321,4069700.1063933335,0.7222765606920027
346457.44818970683,4069700.1394480104,0.722251656206487
346457.4857057062,4069700.1725017517,0.7222259729227888
346457.5232225555,4069700.2055545277,0.7221994300105298
346457.56074028375,4069700.2386063063,0.7221719594705116
346457.59825892164,4069700.2716570524,0.7221434924822242
346457.63577850204,4069700.3047067286,0.7221139264368144
346457.6732990614,4069700.337755293,0.7220831636154157
346457.71082063945,4069700.370802701,0.7220511550916828
346457.74834327766,4069700.4038489056,0.7220177741556255
346457.7858670212,4069700.4368938548,0.721982920482265
346457.8233919189,4069700.469937493,0.7219464920816888
346457.8609180232,4069700.5029797615,0.7219083860873383
346457.8984453895,4069700.5360205965,0.7218684967278113
346457.93597407703,4069700.569059931,0.7218267003569381
346457.97350414854,4069700.6020976934,0.7217828865105915
346458.01103567093,4069700.635133807,0.7217369056673418
346458.0485687162,4069700.668168191,0.7216886187744741
346458.0861033605,4069700.7012007576,0.7216379021126358
346458.1236396845,4069700.734231416,0.7215845863022022
346458.16117777396,4069700.767260068,0.7215285277092208
346458.1987177195,4069700.80028661,0.7214695516413157
346458.23625961784,4069700.8333109324,0.7214074869668226
346458.27380357106,4069700.8663329184,0.7213421539671936
346458.3113496876,4069700.8993524453,0.721273361327441
346458.3488980813,4069700.932369382,0.7212009276604869
346458.3864488729,4069700.965383592,0.7211243860585448
346458.4240021985,4069700.9983949196,0.7210436051774542
346458.4615581979,4069701.031403205,0.7209587379276364
346458.49911700573,4069701.064408295,0.720869294462639
346458.5366787734,4069701.097410016,0.7207749894594709
346458.57424366154,4069701.1304081855,0.7206755411745243
346458.61181183986,4069701.1634026086,0.7205706791494082
346458.6493834874,4069701.1963930815,0.7204600709001963
346458.68695879384,4069701.229379387,0.7203433779186394
346458.7245379596,4069701.2623612955,0.7202202946433792
346458.762121196,4069701.295338566,0.7200904198538188
346458.7997087266,4069701.3283109413,0.7199533889907572
346458.83730078745,4069701.3612781516,0.7198087818323531
346458.87489762827,4069701.3942399104,0.7196562195707923
346458.9124995113,4069701.4271959173,0.7194952121875581
346458.95010671474,4069701.460145853,0.7193252832372188
346458.987719532,4069701.4930893797,0.719145953406193
346459.02533827274,4069701.5260261423,0.7189566901890557
346459.0629632639,4069701.558955765,0.718756915030921
346459.1005948509,4069701.5918778493,0.7185460773460923
346459.1382333975,4069701.624791977,0.7183235293146912
346459.1758792883,4069701.657697704,0.718088632411066
346459.21353292913,4069701.6905945633,0.7178406901794544
346459.25119474763,4069701.7234820593,0.7175789963295717
346459.28886519524,4069701.7563596712,0.717302745190535
346459.3265447488,4069701.7892268463,0.7170111705964743
346459.3642339107,4069701.8220830034,0.7167033866516364
346459.40193321113,4069701.8549275263,0.7163785070669318
346459.43964320986,4069701.887759766,0.7160355914330866
346459.47736449615,4069701.9205790367,0.71567363070706
346459.515097692,4069701.9533846136,0.7152915726369604
346459.55284345325,4069701.9861757318,0.7148883085201927
346459.59060247155,4069702.0189515837,0.7144626552454617
346459.6283754761,4069702.0517113158,0.7140134033211846
346459.6661632348,4069702.084454028,0.7135392308730831
346459.70396655775,4069702.117178769,0.713038755941589
346459.74178629904,4069702.1498845336,0.712510551567562
346459.7796233579,4069702.182570262,0.7119530731091496
346459.81747868273,4069702.2152348333,0.7113647412319953
346459.85535327153,4069702.247877066,0.7107438385843375
346459.89324817614,4069702.2804957107,0.7100886045566451
346459.9311645045,4069702.31308945,0.7093971291084084
346459.9691034233,4069702.3456568904,0.7086674561821258
346460.0070661606,4069702.3781965626,0.7078975124277173
346460.0450540092,4069702.4107069154,0.7070850980443905
346460.0830683291,4069702.44318631,0.706227922098333
346460.1211105519,4069702.475633018,0.7053235408044018
346460.1591821833,4069702.5080452133,0.7043694382671026
346460.19728480646,4069702.5404209695,0.7033628930333942
346460.2354200864,4069702.5727582513,0.7023011074489476
346460.2735897736,4069702.605054912,0.7011811114442449
346460.31179570704,4069702.637308685,0.6999998144051196
346460.35003981827,4069702.669517179,0.6987539358463996
346460.3883241361,4069702.7016778695,0.6974400577255351
346460.4266507902,4069702.7337880936,0.6960545634946198
346460.4650220158,4069702.76584504,0.6945936805356328
346460.5034401576,4069702.7978457427,0.693053464626928
346460.541907674,4069702.8297870737,0.6914297707557144
346460.5804271412,4069702.8616657327,0.6897182561035482
346460.6190012584,4069702.893478239,0.6879143472218018
346460.657632852,4069702.92522092,0.6860133237437291
346460.6963248795,4069702.9568899046,0.6840101693450343
346460.7350804346,4069702.9884811095,0.6818997168067698
346460.77390275087,4069703.0199902314,0.6796765210785543
346460.81279520574,4069703.051412733,0.6773349304596874
346460.8517613249,4069703.082743833,0.6748690339592749
346460.8908047862,4069703.1139784935,0.6722726625729094
346460.92992942285,4069703.145111406,0.6695394132704875
346460.9691392269,4069703.17613698,0.666662629846277
346461.0084383518,4069703.207049327,0.6636353910127877
346461.0478311153,4069703.2378422497,0.6604504546100388
346461.0873220018,4069703.2685092213,0.6571003873748731
346461.1269156634,4069703.299043376,0.6535774076314466
346461.16661692125,4069703.329437488,0.6498735250221702
346461.20643076516,4069703.35968396,0.6459804103623179
346461.2463623536,4069703.389774801,0.641889495034196
346461.2864170121,4069703.4197016126,0.6375918654374974
346461.3266002316,4069703.449455566,0.6330783736770974
346461.3669176652,4069703.479027387,0.6283395416303956
346461.4073751234,4069703.5084073353,0.6233655630145609
346461.44797857024,4069703.537585179,0.6181463197608381
346461.4887341178,4069703.5665501766,0.6126713236506635
346461.52964801824,4069703.59529105,0.6069298873403548
346461.5707266525,4069703.6237959675,0.600911099365547
346461.61197651597,4069703.652052522,0.5946039647683584
346461.65340419905,4069703.6800477183,0.5879974432751606
346461.6950163649,4069703.7077679574,0.5810806032888068
346461.73681972193,4069703.7351990305,0.5738426551782848
346461.77882099256,4069703.762326112,0.5662731897897293
346461.8210268751,4069703.7891337634,0.5583622089205
346461.86344400287,4069703.815605938,0.5501003898201509
346461.9060788955,4069703.841725998,0.5414792600605352
346461.9489379052,4069703.8674767404,0.53247441629004
346461.992027607,4069703.892839658,0.5228968250236999
346462.0353589929,4069703.917787415,0.5131218445211306
346462.078932371,4069703.942309941,0.502974172958744
346462.12275276025,4069703.9663881515,0.4924447996227734
346462.1668246508,4069703.9900027127,0.4815354859078742
346462.21115191915,4069704.013134158,0.4702514800853085
346462.255737738,4069704.035763031,0.4586014776998658
346462.3005844869,4069704.0578700462,0.4465980696634675
346462.3456936632,4069704.079436283,0.434258213239204
346462.3910657941,4069704.1004434014,0.4216037354664335
346462.43670035497,4069704.120873891,0.40866186447143305
346462.48259569454,4069704.1407113513,0.39546567537230953
346462.52874897036,4069704.1599408006,0.3820465961432899
346462.57515625434,4069704.178548623,0.36843219636402175
346462.62181267055,4069704.196522423,0.35464732691627693
346462.66871250357,4069704.2138509387,0.34071513104358697
346462.715849283,4069704.2305239937,0.32665822113533827
346462.7632158475,4069704.246532506,0.31249966333515383
346462.8108043943,4069704.2618685383,0.29826389431830835
346462.858606518,4069704.276525394,0.28397779610528195
346462.90661324246,4069704.2904977617,0.2696715271189437
346462.9548150498,4069704.303781901,0.25537661532279254
346463.00320194726,4069704.3163757296,0.24112016003530268
346463.0517636125,4069704.3282786165,0.2269258610463148
346463.1004895067,4069704.3394912365,0.21281533892577156
346463.149368963,4069704.3500154843,0.19193341360017332
346463.1983912557,4069704.3598544383,0.17736489558573434
346463.24755092675,4069704.368982787,0.1635541340759317
346463.2968333411,4069704.377422135,0.15009144606511043
346463.3462252762,4069704.3851931742,0.1368432292367274
346463.39571629255,4069704.392304421,0.123813815659755
346463.44529624307,4069704.3987652455,0.11101084170534634
346463.4949553283,4069704.4045856567,0.09260352365293663
346463.5446841325,4069704.4097761265,0.08008624303209494
346463.5944736449,4069704.4143474516,0.06808718553651812
346463.6443152697,4069704.41831065,0.04555647407430705
346463.69420082786,4069704.4216768914,0.028538002184796286
346463.74412255286,4069704.424457456,0.017165911808761817
346463.7940730858,4069704.4266636777,0.0062890083503428645
346463.8440454693,4069704.4283068343,-0.0043551162090730705
346463.8940331354,4069704.4293980706,-0.014784193477444496
346463.94402988965,4069704.429948341,-0.02500305438544706
346463.99402988615,4069704.4299669657,-0.0350107452927412
346464.0440269576,4069704.429426541,-0.044689901343205746
346464.09401575534,4069704.4283783305,-0.05416656011717829
346464.1439914829,4069704.426832488,-0.06344901473933752
346464.1939496345,4069704.424799063,-0.07253953382804841
346464.24388598907,4069704.422288084,-0.08144011403531598
346464.29379660025,4069704.4193095295,-0.09015253449648901
346464.343677786,4069704.4158732933,-0.09867804848659707
346464.3935261184,4069704.4119891687,-0.1070171112019317
346464.4433384141,4069704.4076668504,-0.11519890400447585
346464.49311172694,4069704.4029159457,-0.12324886204788138
346464.542843343,4069704.397746007,-0.1311080330353815
346464.5925307787,4069704.392166577,-0.13877344294832195
346464.64217178326,4069704.386187254,-0.14624548582106892
346464.6917643441,4069704.379817758,-0.1535255377738236
346464.7413053882,4069704.373058694,-0.16058629996478668
346464.7907919955,4069704.365912221,-0.16740426876880599
346464.84022533626,4069704.358406738,-0.17404040993925277
346464.88960428355,4069704.350551768,-0.18049983099987488
346464.93892788247,4069704.342356697,-0.18678443479410248
346464.9881953403,4069704.333830763,-0.19289533138493845
346465.0374060195,4069704.3249830613,-0.1988328863812083
346465.08655943157,4069704.3158225566,-0.20459690800983826
346465.13565523515,4069704.306358109,-0.21018688861740195
346465.1846932367,4069704.2965985094,-0.21560224324778768
346465.23367339553,4069704.2865525316,-0.2208426128521197
346465.2825958326,4069704.2762289937,-0.22590817306423153
346465.3314608331,4069704.265636783,-0.23080070228555175
346465.3802688339,4069704.2547848127,-0.23555070535873984
346465.4290204105,4069704.2436819742,-0.24012864020998653
346465.4777162638,4069704.232337104,-0.24453583867113374
346465.5263572066,4069704.220758948,-0.24877559448214234
346465.5749441508,4069704.2089561303,-0.25285165467585174
346465.62347802694,4069704.1969368597,-0.25676721452692675
346465.67195765115,4069704.184700603,-0.260497679602529
346465.72038666805,4069704.172265641,-0.2640792984640341
346465.76876625995,4069704.15963981,-0.26751814280445
346465.8170976479,4069704.146830733,-0.27081890972327366
346465.86538208165,4069704.133845806,-0.2739863198478884
346465.9136208309,4069704.1206921926,-0.27702516237343894
346465.9618151774,4069704.1073768144,-0.2799402656641165
346466.0099664074,4069704.093906351,-0.2827364826658445
346466.05807580455,4069704.080287234,-0.28541866193034093
346466.1061446444,4069704.0665256456,-0.28799162052734484
346466.15417418844,4069704.0526275216,-0.2904601479810682
346466.20216567954,4069704.0385985496,-0.2928289716196171
346466.2501203375,4069704.024444172,-0.29510275040455153
346466.2980393551,4069704.010169589,-0.29728606845222416
346466.34592389484,4069703.9957797597,-0.2993834074125062
346466.3937750865,4069703.9812794104,-0.3013991625258513
346466.44159402413,4069703.9666730342,-0.3033376101601744
346466.4893817646,4069703.9519649004,-0.3052029191532978
346466.537139326,4069703.937159058,-0.3069991388263857
346466.584867686,4069703.9222593405,-0.3087301885665499
346466.6325677817,4069703.9072693754,-0.3103998677919762
346466.68024050834,4069703.892192586,-0.31201183048180475
346466.7278867191,4069703.8770322013,-0.31356959543192087
346466.7755072254,4069703.8617912615,-0.31507652946614706
346466.8231027969,4069703.8464726247,-0.3165358530599697
346466.87067416165,4069703.8310789736,-0.31795118245522214
346466.91822200693,4069703.8156128232,-0.3193289436976285
346466.9657469803,4069703.800076529,-0.3206676280683974
346467.0132496909,4069703.784472293,-0.32196956759428186
346467.0607307103,4069703.7688021758,-0.3232370835131383
346467.10819057457,4069703.7530680983,-0.32447227959205177
346467.1556297298,4069703.737271689,-0.3256764485581473
346467.20304829365,4069703.7214135746,-0.32684763753208396
346467.25044714607,4069703.7054966437,-0.3279913477741102
346467.29782670055,4069703.6895223632,-0.3291087194133719
346467.3451873493,4069703.6734921196,-0.3302003371034054
346467.3925294656,4069703.657407228,-0.3312663671876889
346467.43985340925,4069703.64126895,-0.3323065297546291
346467.48715953145,4069703.6250785072,-0.3333201707639399
346467.5344481806,4069703.6088371016,-0.3343064101577181
346467.5817197091,4069703.592545933,-0.3352642512347458
346467.6289744804,4069703.576206222,-0.3361927151735248
346467.6762128781,4069703.559819235,-0.33709096614389406
346467.72343531554,4069703.5433863117,-0.33795844412946413
346467.77064223296,4069703.5269088573,-0.3387948758683297
346467.81783409015,4069703.5103883184,-0.3396002091248247
346467.865011361,4069703.493826172,-0.34037459776345635
346467.91217452893,4069703.477223907,-0.3411183563499393
346467.9593240826,4069703.460583017,-0.34183193523705735
346468.0064605123,4069703.443904989,-0.3425159001845855
346468.05358430697,4069703.4271912924,-0.34317089905937415
346468.1006959517,4069703.4104433786,-0.3437976603609754
346468.14779592556,4069703.39366267,-0.34439696300082656
346468.1948846994,4069703.3768505584,-0.3449696311788671
346468.2419627352,4069703.3600084004,-0.34551651836816893
346468.2890304842,4069703.343137515,-0.3460384935542669
346468.336088386,4069703.3262391817,-0.34653644409095014
346468.38313686824,4069703.3093146393,-0.3470112616636614
346468.43017634534,4069703.2923650844,-0.3474638342323349
346468.4772072187,4069703.27539167,-0.3478950415361083
346468.5242298761,4069703.258395507,-0.3483057542464103
346468.571244692,4069703.2413776647,-0.3486968309041686
346468.61825202685,4069703.2243391685,-0.3490691083847289
346468.6652522272,4069703.2072810014,-0.3494234060230974
346468.7122456263,4069703.1902041063,-0.3497605212252808
346468.759232544,4069703.173109385,-0.35008123321815515
346468.80621328676,4069703.155997701,-0.3503862949272514
346468.85318814835,4069703.1388698784,-0.35067643735499077
346468.90015740995,4069703.1217267048,-0.3509523648298804
346468.9471213401,4069703.1045689303,-0.3512147556500436
346468.9940801953,4069703.087397272,-0.3514642665236853
346469.0410342206,4069703.07021241,-0.35170152719044223
346469.0879836492,4069703.053014994,-0.351927145183311
346469.13492870406,4069703.035805642,-0.35214169865067924
346469.18186959735,4069703.018584942,-0.3523457479488774
346469.22880653094,4069703.001353452,-0.35253983112978377
346469.27573969687,4069702.984111703,-0.35272446446363287
346469.32266927767,4069702.966860198,-0.3529001344169952
346469.36959544686,4069702.9495994146,-0.35306731481389686
346469.41651836934,4069702.9323298074,-0.35322646258624013
346469.46343820164,4069702.9150518063,-0.3533780130468626
346469.51035509177,4069702.8977658176,-0.3535223748467594
346469.55726918037,4069702.8804722265,-0.3536599493223862
346469.6041806008,4069702.863171399,-0.35379111873703606
346469.6510894787,4069702.8458636794,-0.35391624543759004
346469.69799593335,4069702.828549393,-0.35403567553698007
346469.74490007694,4069702.811228847,-0.3541497428008212
346469.79180201626,4069702.7939023334,-0.35425879682827366
346469.83870185114,4069702.7765701236,-0.35436327777661375
346469.88559967605,4069702.7592324764,-0.35446331050796337
346469.93249557994,4069702.7418896337,-0.3545591711813749
346469.9793896466,4069702.724541824,-0.3546511343913498
346470.0262819545,4069702.70718926,-0.3547394606084778
346470.0731725742,4069702.689832135,-0.3548243792906898
346470.12006155954,4069702.6724705957,-0.3549059943156349
346470.1669489944,4069702.6551048695,-0.35498471767631873
346470.21383493854,4069702.6377351186,-0.35506077496041505
346470.2607194474,4069702.620361494,-0.3551343905390363
346470.30760257243,4069702.6029841355,-0.3552057765717873
346470.354484361,4069702.585603172,-0.3552751327139172
346470.40136485704,4069702.5682187225,-0.3553426603759107
346470.4482441002,4069702.550830894,-0.3554085492265497
346470.49512212735,4069702.5334397885,-0.35547299664219595
346470.54199897114,4069702.516045493,-0.35553618296146583
346470.58887466125,4069702.4986480884,-0.355598291690192
346470.63574922405,4069702.481247647,-0.3556595061074097
346470.68262268277,4069702.463844232,-0.3557200039513965
346470.72949505714,4069702.446437896,-0.3557799590202182
346470.77636636404,4069702.429028686,-0.3558395455569213
346470.8232366169,4069702.411616639,-0.35589893686367136
346470.87010582635,4069702.394201783,-0.35595830079506874
346470.916974,4069702.37678414,-0.3560178095296185
346470.9638411423,4069702.3593637217,-0.35607763494807904
346471.0107072551,4069702.341940534,-0.35613794811242777
346471.05757233675,4069702.324514573,-0.3561989239972274
346471.10443638306,4069702.3070858275,-0.35626073690472737
346471.15129938687,4069702.289654279,-0.3563235638034122
346471.19816133764,4069702.2722199005,-0.35638758507333296
346471.24502222217,4069702.2547826557,-0.35645298467211867
346471.29188202403,4069702.237342502,-0.35651995409610016
346471.33874072356,4069702.2198993866,-0.35658867962667107
346471.38559829805,4069702.202453249,-0.3566593594331915
346471.4324547219,4069702.1850040215,-0.35673219713271564
346471.4793099656,4069702.1675516255,-0.3568073965503555
346471.52616399655,4069702.1500959736,-0.35688516952472904
346471.57301677833,4069702.132636969,-0.35696573478790317
346471.61986827146,4069702.115174507,-0.35704932054393607
346471.6667184324,4069702.0977084707,-0.3571361573675007
346471.713567214,4069702.0802387353,-0.3572264897390948
346471.7604145655,4069702.062765165,-0.3573205682036586
346471.8072604317,4069702.0452876133,-0.3574186514196656
346471.854104753,4069702.027805921,-0.35752100725581526
346471.90094746585,4069702.01031992,-0.3576279128186598
346471.9477885022,4069701.992829428,-0.3577396623553996
346471.99462778924,4069701.9753342518,-0.35785655338433275
346472.04146524926,4069701.957834185,-0.3579788956058564
346472.0883007995,4069701.9403290083,-0.3581070138910123
346472.1351343522,4069701.9228184875,-0.35824124502326726
346472.18196581403,4069701.905302376,-0.3583819418078124
346472.2287950858,4069701.88778041,-0.3585294602667787
346472.2756220626,4069701.870252311,-0.3586841736492425
346472.3224466338,4069701.8527177875,-0.3588464747060156
346472.3692686818,4069701.8351765275,-0.3590167607664269
346472.4160880826,4069701.817628203,-0.35919544119134406
346472.4629047052,4069701.800072468,-0.35938294268568327
346472.50971841183,4069701.7825089586,-0.3595797072559288
346472.5565290573,4069701.764937293,-0.35978618606859053
346472.6033364889,4069701.747357067,-0.3600028387547435
346472.650140546,4069701.7297678594,-0.36023013672008336
346472.69694105984,4069701.7121692267,-0.3604685644959438
346472.74373785325,4069701.6945607034,-0.36071860792305577
346472.7905307404,4069701.676941802,-0.36098075487701736
346472.83731952676,4069701.6593120135,-0.3612554997044597
346472.8841040092,4069701.641670807,-0.36154333747127393
346472.9308839753,4069701.6240176274,-0.3618447546184329
346472.9776592031,4069701.606351897,-0.3621602304717174
346473.0244294616,4069701.5886730147,-0.3624902247755069
346473.07119451073,4069701.5709803565,-0.36283518193454783
346473.11795410083,4069701.5532732764,-0.36319551645850784
346473.16470797337,4069701.5355511047,-0.3635716052171109
346473.2114558609,4069701.517813152,-0.3639637718950608
346473.2581974874,4069701.5000587073,-0.36437228418342915
346473.30493256904,4069701.482287042,-0.3647973347422979
346473.3516608146,4069701.4644974093,-0.3652390216815843
346473.398381926,4069701.4466890492,-0.36569733393575043
346473.44509560015,4069701.4288611887,-0.3661721248807905
346473.49180153024,4069701.4110130505,-0.3666630937529383
346473.5384994067,4069701.393143851,-0.36716974614065095
346473.58518891997,4069701.375252811,-0.3676913627388714
346473.6318697627,4069701.35733916,-0.36822696793112225
346473.67854163283,4069701.3394021452,-0.3687757904304265
346473.7252042371,4069701.321441039,-0.36933608916328353
346473.77185729565,4069701.303455153,-0.369905368287992
346473.8185005466,4069701.2854438475,-0.37048102164133395
346473.86513375276,4069701.2674065507,-0.37106012523302834
346473.91175670706,4069701.2493427717,-0.3716395753566421
346473.95836918376,4069701.2312519723,-0.3722157402352518
346474.0049710775,4069701.213133929,-0.3727857361870392
346474.05156237877,4069701.1949886642,-0.3733473247338031
346474.09814310545,4069701.1768162707,-0.3738983557978052
346474.1447133375,4069701.1586169996,-0.37443709915704054
346474.1912732056,4069701.140391231,-0.3749621825192488
346474.2378228826,4069701.1221394497,-0.37547254838375504
346474.28436257585,4069701.103862226,-0.37596740675777024
346474.33089252014,4069701.0855601975,-0.37644620041924476
346474.37741297175,4069701.067234054,-0.37690856804510214
346474.42392420315,4069701.0488845226,-0.37735430718608115
346474.47042649915,4069701.0305123585,-0.37778335817677694
346474.5169201529,4069701.012118335,-0.37819577656380887
346474.56340546324,4069700.9937032363,-0.3785917118041631
346474.6098827317,4069700.97526785,-0.3789713941595939
346474.65635225957,4069700.956812961,-0.37933512014301973
346474.70281434705,4069700.938339348,-0.37968323618347793
346474.74926929094,4069700.9198477785,-0.38001612692678693
346474.7957173836,4069700.901339006,-0.3803342139692419
346474.8421589123,4069700.8828137703,-0.38063794456749783
346474.8885941578,4069700.8642727905,-0.3809277800542089
346474.93502339354,4069700.8457167665,-0.38120419594466987
346474.9814468857,4069700.8271463774,-0.38146766832172824
346475.0278648923,4069700.8085622815,-0.3817186850636204
346475.07427766296,4069700.7899651127,-0.38195772060439065
346475.1206854391,4069700.7713554837,-0.38218525280754284
346475.1670884532,4069700.752733984,-0.3824017537495559
346475.21348692913,4069700.7341011795,-0.38260768029524034
346475.2598810827,4069700.7154576154,-0.38280348943261705
346475.3062711208,4069700.696803813,-0.38298961885598176
346475.35265724204,4069700.678140273,-0.3831664998125042
346475.39903963706,4069700.659467474,-0.38333455124973376
346475.4454184879,4069700.640785874,-0.3834941738357277
346475.49179396895,4069700.6220959104,-0.3836457582214798
346475.538166247,4069700.603398001,-0.38378968209900016
346475.5845354813,4069700.5846925443,-0.38392630950226714
346475.6309018238,4069700.5659799213,-0.38405598516493733
346475.6772654195,4069700.5472604935,-0.38417904190349134
346475.7236264069,4069700.5285346066,-0.38429580256096674
346475.7699849178,4069700.5098025897,-0.38440657482828683
346475.8163410774,4069700.491064755,-0.3845116486658605
346475.86269500526,4069700.4723213995,-0.38461130527557924
346475.9090468156,4069700.4535728083,-0.38470581870876225
346475.95539661666,4069700.4348192504,-0.38479544253822906
346476.0017445113,4069700.4160609813,-0.3848804242437641
346476.04809059756,4069700.3972982448,-0.3849609985439589
346476.09443496866,4069700.378531272,-0.3850373885681587
346476.1407777129,4069700.3597602826,-0.3851098038561835
346476.1871189144,4069700.3409854844,-0.3851784453272834
346476.23345865315,4069700.3222070765,-0.38524350744925595
346476.2797970047,4069700.3034252455,-0.3853051700599444
346476.326134041,4069700.2846401697,-0.3853636073348804
346476.3724698304,4069700.2658520187,-0.3854189836512165
346476.41880443797,4069700.2470609536,-0.3854714595395576
346476.4651379256,4069700.2282671267,-0.3855211835060242
346476.51147035154,4069700.209470683,-0.38556830070298165
346476.55780177127,4069700.1906717587,-0.3856129429167237
346476.6041322373,4069700.1718704845,-0.3856552402253838
346476.65046179976,4069700.153066984,-0.38569531667097723
346476.69679050596,4069700.1342613734,-0.3857332843008469
346476.74311840074,4069700.1154537643,-0.3857692576212379
346476.7894455266,4069700.096644261,-0.3858033396377683
346476.8357719239,4069700.077832964,-0.38583562764202667
346476.88209763094,4069700.0590199665,-0.38586621419448197
346476.928422684,4069700.0402053585,-0.3858951896979244
346476.9747471174,4069700.0213892255,-0.38592264252601755
346477.0210709635,4069700.0025716466,-0.3859486463875674
346477.0673942533,4069699.9837526977,-0.385973277385213
346477.1137170161,4069699.9649324524,-0.3859966081285675
346477.1600392799,4069699.9461109787,-0.3860187103586909
346477.2063610708,4069699.927288341,-0.3860396468826777
346477.25268241344,4069699.9084646,-0.38605947628777876
346477.2990033315,4069699.889639815,-0.3860782600293544
346477.3453238478,4069699.8708140403,-0.38609604829187927
346477.3916439833,4069699.85198733,-0.3861128997727801
346477.4379637581,4069699.8331597312,-0.3861288595181947
346477.484283191,4069699.8143312917,-0.3861439726330465
346477.53060230025,4069699.795502056,-0.38615828566060995
346477.5769211029,4069699.7766720657,-0.3861718394743343
346477.62323961535,4069699.757841362,-0.3861846785539241
346477.66955785285,4069699.739009982,-0.38619683737255606
346477.7158758298,4069699.720177961,-0.3862083542787984
346477.76219356013,4069699.701345334,-0.3862192642498436
346477.808511057,4069699.682512132,-0.3862295981352395
346477.85482833255,4069699.6636783862,-0.3862393873192325
346477.9011453986,4069699.644844125,-0.3862486576794935
346477.94746226625,4069699.626009376,-0.3862574388468248
346477.9937789455,4069699.6071741637,-0.3862657542731295
346478.0400954467,4069699.5883385134,-0.38627362821241773
346478.0864117791,4069699.569502448,-0.38628108979763665
346478.1327279517,4069699.55066599,-0.3862881567836854
346478.17904397304,4069699.53182916,-0.3862948505932784
346478.2253598511,4069699.512991978,-0.38630119153602804
346478.2716755935,4069699.4941544617,-0.3863071965784635
346478.31799120724,4069699.4753166297,-0.38631288675662867
346478.36430669884,4069699.456478497,-0.3863182702527866
346478.410622075,4069699.4376400807,-0.3863233693769354
346478.45693734207,4069699.418801396,-0.3863281994129972
346478.5032525055,4069699.399962457,-0.3863327724923069
346478.5495675711,4069699.381123277,-0.38633710195448995
346478.5958825437,4069699.3622838682,-0.38634119818995605
346478.64219742856,4069699.343444244,-0.38634507875736773
346478.68851223,4069699.324604415,-0.3863487557628946
346478.73482695274,4069699.305764392,-0.3863522381693712
346478.7811416008,4069699.2869241857,-0.3863555355927286
346478.82745617843,4069699.268083806,-0.3863586583066511
346478.87377068924,4069699.2492432627,-0.38636161934950985
346478.9200851367,4069699.2304025632,-0.38636442437385476
346478.96639952384,4069699.211561715,-0.3863670751671251
346479.012713854,4069699.1927207275,-0.3863695876308259
346479.0590281305,4069699.1738796076,-0.3863719675606689
346479.10534235614,4069699.155038363,-0.38637422311777814
346479.15165653324,4069699.136196999,-0.3863763590162535
346479.19797066454,4069699.1173555222,-0.3863783794738488
346479.2442847529,4069699.09851394,-0.38638029530456347
346479.2905987999,4069699.079672256,-0.3863821041784046
346479.336912808,4069699.0608304767,-0.38638381836462565
346479.3832267793,4069699.041988607,-0.3863854401204151
346479.4295407158,4069699.023146651,-0.38638697333231786
346479.4758546193,4069699.004304615,-0.3863884283115292
346479.5221684917,4069698.9854625016,-0.3863898050412666
346479.5684823347,4069698.9666203167,-0.38639111384593855
346479.61479614966,4069698.9477780624,-0.3863923525794669
346479.6611099383,4069698.9289357434,-0.38639352571842317
346479.7074237018,4069698.910093363,-0.38639463656570566
346479.7537374415,4069698.8912509233,-0.38639568734696583
346479.8000511586,4069698.8724084287,-0.3863966839148484
346479.8463648542,4069698.853565881,-0.3863976268398369
346479.8926785295,4069698.8347232835,-0.38639851615045584
346479.93899218587,4069698.8158806395,-0.3863993598583892
346479.98530582426,4069698.797037951,-0.38640016137382616
346480.0316194453,4069698.7781952205,-0.38640092244154167
346480.07793305005,4069698.75935245,-0.38640164335716576
346480.1242466394,4069698.740509641,-0.38640232749240494
346480.17056021444,4069698.721666797,-0.38640298103505255
346480.21687377564,4069698.7028239192,-0.3864036040861044
346480.2631873237,4069698.683981009,-0.38640419255299185
346480.30950085906,4069698.665138067,-0.3864047490322967
346480.3558143826,4069698.6462950967,-0.3864052750891847
346480.4021278947,4069698.6274520983,-0.3864057695055065
346480.448441396,4069698.6086090733,-0.38640623673475805
346480.4947548871,4069698.5897660227,-0.38640667563374265
346480.54106836877,4069698.5709229494,-0.3864070907291683
346480.5873818413,4069698.5520798536,-0.38640748252523
346480.6336953056,4069698.5332367374,-0.3864078538483441
346480.68000876193,4069698.514393602,-0.3864082049787613
346480.7263222106,4069698.4955504476,-0.38640853613888954
346480.7726356523,4069698.4767072755,-0.3864088506273115
346480.8189490872,4069698.457864087,-0.38640914805323434
346480.8652625155,4069698.439020883,-0.3864094271007135
346480.911575938,4069698.4201776637,-0.3864096910608794
346480.95788935485,4069698.401334431,-0.38640994160308895
346481.0042027662,4069698.382491185,-0.38641018017667933
346481.05051617225,4069698.3636479257,-0.3864104036361204
346481.0968295737,4069698.344804655,-0.38641061251879083
346481.1431429706,4069698.3259613733,-0.38641081381983583
346481.1894563633,4069698.307118081,-0.3864110037914057
346481.23576975183,4069698.288274779,-0.3864111834730456
346481.2820831363,4069698.2694314667,-0.3864113516897953
346481.3283965173,4069698.2505881456,-0.3864115100266384
346481.374709895,4069698.231744817,-0.38641166245203223
346481.42102326936,4069698.2129014796,-0.38641180226559174
346481.46733664064,4069698.1940581347,-0.3864119320029662
346481.513650009,4069698.175214783,-0.3864120548005376
346481.5599633745,4069698.156371424,-0.3864121706067275
346481.60627673747,4069698.137528059,-0.3864122796968201
346481.6525900982,4069698.118684688,-0.3864123809271094
346481.6989034568,4069698.099841312,-0.3864124784769457
346481.74521681335,4069698.0809979313,-0.38641257549542996
346481.7915301678,4069698.0621545454,-0.386412667695084
346481.8378435204,4069698.0433111545,-0.3864127506249988
346481.8841568712,4069698.0244677593,-0.3864128280907664
346481.93047022034,4069698.0056243604,-0.38641290021320024
346481.9767835678,4069697.9867809573,-0.3864129657019393
346482.02309691353,4069697.9679375496,-0.3864130217607303
346482.06941025774,4069697.949094138,-0.38641307234736344
346482.1157236008,4069697.9302507243,-0.38641312087772517
346482.1620369428,4069697.9114073077,-0.38641316465194275
346482.20835028397,4069697.892563889,-0.38641320510928806
346482.2546636242,4069697.8737204676,-0.3864132407474593
346482.3009769635,4069697.8548770444,-0.38641327415361015
346482.347290302,4069697.836033619,-0.3864132376942152
346482.3936036397,4069697.8171901917,-0.3864132646248209
346482.4399169768,4069697.798346763,-0.3864132943081304
346482.48623031337,4069697.779503333,-0.3864133155170743
346482.5325436495,4069697.760659902,-0.3864133444975046
346482.57885698514,4069697.7418164695,-0.3864133444975046
