346261.2035776,4069693.53005088,-0.7789510203330722
346261.23161025095,4069693.500776242,-0.7797465484181344
346261.2681505669,4069693.466652036,-0.7875352677912824
346261.30407751026,4069693.4318777127,-0.7912071945122802
346261.3400366743,4069693.397136845,-0.7951214315298752
346261.3754251107,4069693.361816011,-0.7974735340713763
346261.41029492026,4069693.3259819937,-0.7977351122055669
346261.4448867036,4069693.289879319,-0.7956622746136383
346261.47971607296,4069693.2540060454,-0.793275606347547
346261.5149143702,4069693.2184945303,-0.7919319440252266
346261.550045049,4069693.1829160415,-0.7900487515224898
346261.58494977094,4069693.147115906,-0.7868375523328771
346261.6197870743,4069693.1112501025,-0.7830545605291523
346261.6548514242,4069693.07560631,-0.780206181899514
346261.6901944951,4069693.040238878,-0.7786063830146794
346261.7256664162,4069693.0050005177,-0.7776618917924646
346261.76120288146,4069692.9698272487,-0.7773206142618501
346261.7968056369,4069692.9347210806,-0.7776690663229735
346261.83245435846,4069692.899661579,-0.7786577826779169
346261.8681124637,4069692.864611622,-0.7798228365572347
346261.9037796599,4069692.8295709155,-0.7809656017093329
346261.9394434562,4069692.7945267535,-0.7819499915186569
346261.9750451812,4069692.7594195446,-0.782434874154903
346262.01056679443,4069692.724231284,-0.7823818312415902
346262.04599976534,4069692.6889537657,-0.7820900020981801
346262.0814100255,4069692.6536534335,-0.781892568066628
346262.1168363737,4069692.6183692478,-0.7820092033380014
346262.15229432995,4069692.5831168285,-0.7823639742537162
346262.18779932364,4069692.5479117893,-0.7825623473024624
346262.2233381168,4069692.5127408644,-0.7824216037894555
346262.2588354651,4069692.4775281125,-0.7814787485228492
346262.2942864633,4069692.4422686985,-0.7795541021574182
346262.3296846046,4069692.4069562224,-0.7767765586585427
346262.3650647812,4069692.371625749,-0.7741683323039336
346262.4005295815,4069692.3363802335,-0.772365781538036
346262.43610180804,4069692.301243159,-0.7715727544959281
346262.4718066303,4069692.2662408543,-0.7717331109508728
346262.50767318805,4069692.2314043283,-0.7727718583282994
346262.5436642237,4069692.196696342,-0.7745085915553165
346262.5795910775,4069692.161921929,-0.7760805565741725
346262.6154261139,4069692.127052915,-0.7773221564622984
346262.65115397674,4069692.0920741055,-0.7780695972206929
346262.68681458547,4069692.0570266964,-0.7784687811305817
346262.7224536498,4069692.0219573793,-0.7787169429960179
346262.7580733408,4069691.9868683848,-0.778815850022297
346262.79367245245,4069691.951758512,-0.7787433365084555
346262.82925041555,4069691.9166272082,-0.7785428876686171
346262.8648265544,4069691.8814940564,-0.7783240818036633
346262.90040698287,4069691.8463652493,-0.778122357066991
346262.9359954659,4069691.8112446023,-0.777952660996385
346262.97159598244,4069691.7761361534,-0.7778011500298186
346263.0072122664,4069691.7410437,-0.7776689646696289
346263.0428338737,4069691.70595665,-0.7775113039586418
346263.0784563093,4069691.6708704405,-0.7773047301468845
346263.1140790407,4069691.6357845315,-0.777038349115035
346263.1497029095,4069691.6006997777,-0.7766584314617443
346263.1853351259,4069691.565623502,-0.7761562997878376
346263.2209790169,4069691.5305590895,-0.7755075103357145
346263.25663408136,4069691.495506039,-0.7746551542836462
346263.29230051796,4069691.4604645595,-0.7735487295968179
346263.32797994226,4069691.425436305,-0.7724013026918831
346263.36368494824,4069691.390434128,-0.7713508414047658
346263.39942402835,4069691.3554667444,-0.7704543278607775
346263.43520576047,4069691.3205430093,-0.7697685667437669
346263.47104186047,4069691.28567507,-0.769304769086786
346263.5069429215,4069691.250874019,-0.7688145630120506
346263.5428631031,4069691.2160926946,-0.7679691371701153
346263.57878694526,4069691.1813151506,-0.7665767869553344
346263.6147119108,4069691.146538767,-0.7645025303179606
346263.650634724,4069691.11176016,-0.7618302748189273
346263.6865652796,4069691.0769895595,-0.7591806338900641
346263.722568828,4069691.0422945577,-0.7569485484558941
346263.75866884465,4069691.007699949,-0.7553098192536217
346263.79488789913,4069690.973230002,-0.7544256646758826
346263.83125023916,4069690.9389112694,-0.7544143111308276
346263.8677324877,4069690.9047199697,-0.7552103841255593
346263.9042110138,4069690.870524691,-0.7562961252516353
346263.9406714698,4069690.836310147,-0.7576438593495716
346263.9771034799,4069690.8020653166,-0.7590966823052183
346264.0134967351,4069690.7677793032,-0.7603909373465353
346264.04985198606,4069690.7334529953,-0.7614960249190922
346264.0861617432,4069690.6990785715,-0.7623539319388281
346264.12241357716,4069690.6646430725,-0.7628770568224326
346264.1585933071,4069690.6301318314,-0.7629458460562781
346264.1947242816,4069690.59556953,-0.7626001969573748
346264.23085192614,4069690.561003748,-0.7620116134116567
346264.26698084536,4069690.526439298,-0.761157784427884
346264.30311588314,4069690.491881245,-0.7600234267767617
346264.33926311304,4069690.457335945,-0.7589701467445938
346264.37543355755,4069690.4228149555,-0.758214946439378
346264.41164064413,4069690.3883324005,-0.757898741347426
346264.44789277064,4069690.3538972028,-0.758151093605297
346264.48420116125,4069690.31952134,-0.7590745044226612
346264.520573602,4069690.2852132525,-0.7603373334666507
346264.5569375436,4069690.2508961502,-0.7614816416100889
346264.59326080163,4069690.2165359925,-0.7623062013442141
346264.6295284699,4069690.182117168,-0.7626981605267393
346264.665722218,4069690.1476206253,-0.7625707391973843
346264.7018322656,4069690.113036473,-0.7619353027226115
346264.73794001125,4069690.0784499054,-0.7611465950759291
346264.7740687764,4069690.043885296,-0.760296032986802
346264.8102250879,4069690.009349504,-0.7593908030431643
346264.84641642804,4069689.9748504222,-0.7584881165086655
346264.88264219963,4069689.940387495,-0.7576842372466034
346264.9188893716,4069689.9059470766,-0.7569232254450501
346264.95516204945,4069689.871533523,-0.7562073913183376
346264.9914674098,4069689.8371544518,-0.7555569792142135
346265.0278113556,4069689.8028161754,-0.7549828253130368
346265.0641889892,4069689.7685135845,-0.7546759135540345
346265.10057949356,4069689.734224648,-0.7546877750621492
346265.1369830812,4069689.699949602,-0.7550757005318255
346265.1734027422,4069689.6656916365,-0.7559031124678097
346265.2098412832,4069689.6314537534,-0.7571818546876911
346265.2463024839,4069689.597240003,-0.7587157846151044
346265.2827403303,4069689.5630013864,-0.7602395872459601
346265.31912493694,4069689.5287062023,-0.761589557785756
346265.35544456146,4069689.4943422107,-0.7626723031494222
346265.39168891194,4069689.459898842,-0.7634483526519831
346265.42785877077,4069689.4253772446,-0.7643413125245292
346265.4640007591,4069689.390826462,-0.7657692355149128
346265.5001241635,4069689.3562562494,-0.7678641686764767
346265.5362316985,4069689.3216694617,-0.7707478178197296
346265.57233023987,4069689.2870732867,-0.7745417301691129
346265.60841717536,4069689.2524650185,-0.7792102992921469
346265.6444002544,4069689.21774882,-0.784233405132368
346265.680238983,4069689.1828836356,-0.7894601969909116
346265.71591758786,4069689.147854635,-0.7949295453585931
346265.7514125098,4069689.1126395324,-0.800617062374674
346265.7867039898,4069689.0772205847,-0.8065468344830897
346265.8217976031,4069689.0416055177,-0.8120140630870799
346265.85671417386,4069689.005816885,-0.8168177408360077
346265.89143972815,4069688.9698428893,-0.8208232564478855
346265.925947016,4069688.9336595093,-0.8238300053332899
346265.96021724306,4069688.8972515455,-0.8256642364049389
346265.99422368634,4069688.8605970526,-0.8265630161330845
346266.0281357474,4069688.82385509,-0.8276488204840319
346266.0620142167,4069688.787082149,-0.8292783194180285
346266.0958745831,4069688.750292537,-0.8316808947664089
346266.1297351923,4069688.7135031484,-0.8349977365157333
346266.16361636017,4069688.6767326943,-0.8394625687604418
346266.1974355675,4069688.6399052907,-0.8442507513785991
346266.23110533325,4069688.602941218,-0.8488162549215066
346266.26461625553,4069688.565833091,-0.8530834567964468
346266.2979336361,4069688.5285511175,-0.8568847986590394
346266.33104456717,4069688.4910856993,-0.8601807372660778
346266.3639149458,4069688.453409043,-0.8627970091059213
346266.3966584855,4069688.4156220215,-0.865206228959386
346266.429305875,4069688.3777518966,-0.8675490713735189
346266.46185943,4069688.3398010787,-0.8698371533437699
346266.4943235156,4069688.3017736967,-0.8721111117264668
346266.52669324423,4069688.2636659644,-0.8743503241445774
346266.5589764005,4069688.2254848615,-0.8766973257441872
346266.5911728188,4069688.187230588,-0.879209332576438
346266.6232854637,4069688.1489059636,-0.8819490320503266
346266.6553156259,4069688.1105123763,-0.8850040306426623
346266.68725804216,4069688.072045757,-0.8883677641557283
346266.7191132997,4069688.0335069303,-0.892083889890328
346266.75085428276,4069687.9948739456,-0.8956402059689595
346266.78246846545,4069687.956137136,-0.8987979012909888
346266.81394400453,4069687.9172875932,-0.9014728481780172
346266.8452611717,4069687.87831028,-0.9035534843187587
346266.8764169524,4069687.839203853,-0.9050059375252539
346266.90740069107,4069687.799960966,-0.905843290696926
346266.9383121648,4069687.760661086,-0.9065876717780406
346266.96919177385,4069687.721336162,-0.9074459798373254
346267.0000457818,4069687.6819911483,-0.9084423010059965
346267.0308813465,4069687.642631678,-0.9096268300695668
346267.0617029855,4069687.6032613013,-0.9110442694812212
346267.0924968447,4069687.5638691997,-0.9125602574774571
346267.1232336422,4069687.524432557,-0.9139767672284348
346267.15390890214,4069687.4849480297,-0.9152535647722961
346267.1845254325,4069687.4454179467,-0.9164035027004113
346267.2150781299,4069687.4058385077,-0.9174173511504304
346267.2455609074,4069687.366205196,-0.9182161704012582
346267.2759939582,4069687.3265336785,-0.9185495483630666
346267.3063957246,4069687.286838182,-0.9183955732821691
346267.3367693596,4069687.2471211557,-0.9176719089432395
346267.36711401545,4069687.207381984,-0.9162491872776566
346267.39742709545,4069687.1676187227,-0.9140058881135725
346267.4277222694,4069687.127841817,-0.9108171773756133
346267.45808174054,4069687.088113973,-0.9074023670809739
346267.4885262627,4069687.048451276,-0.9039258727655991
346267.5190791697,4069687.008872019,-0.9004112639023731
346267.54977063596,4069686.9694001274,-0.8968934785009719
346267.5806263254,4069686.930056498,-0.8934298904268139
346267.61168860056,4069686.890875764,-0.8909779405509316
346267.64285840816,4069686.8517804714,-0.8894575687694836
346267.674124325,4069686.8127620067,-0.8889070948731427
346267.7055054761,4069686.7738361703,-0.8895382000189144
346267.7370232063,4069686.7350208517,-0.8915947541213567
346267.7686891574,4069686.696326333,-0.8946420381074182
346267.80031211727,4069686.657596666,-0.8973455270717363
346267.8318258334,4069686.6187780704,-0.8992956813807483
346267.8632085207,4069686.579853485,-0.9002661607523736
346267.89442746,4069686.540797468,-0.9000109123284513
346267.9254461712,4069686.501582269,-0.8984160234077704
346267.9563871158,4069686.462305588,-0.8964718959910555
346267.98738197907,4069686.423071447,-0.894814420060471
346268.01844866265,4069686.383894157,-0.8935824239456454
346268.04961627047,4069686.3447971228,-0.892926759421505
346268.0809100971,4069686.3058010573,-0.8930025352802653
346268.1123191509,4069686.2668977072,-0.8937065720975911
346268.1437204248,4069686.227988069,-0.8944678259215153
346268.17510040564,4069686.189061257,-0.8951936945757977
346268.20645060885,4069686.15011046,-0.8958336434367036
346268.23776470055,4069686.111130627,-0.8963391825472937
346268.26903180097,4069686.0721130916,-0.8966696446069403
346268.3002684977,4069686.033071207,-0.8970522448696148
346268.3314910185,4069685.9940179847,-0.897608317462737
346268.36270160496,4069685.954955224,-0.8984062582010454
346268.3939030793,4069685.9158851844,-0.8994853389315207
346268.4251004523,4069685.87681187,-0.9009176672205305
346268.4562922907,4069685.837734138,-0.9023814390609581
346268.4874386337,4069685.79862014,-0.9034495790437528
346268.5185285339,4069685.7594612646,-0.903972511302106
346268.5495487448,4069685.7202471634,-0.9038248971269149
346268.5804931148,4069685.680973192,-0.902848347877523
346268.6113491486,4069685.641629782,-0.9013381596072836
346268.6421961912,4069685.6022793106,-0.900018848709741
346268.6730961319,4069685.5629703663,-0.8992319883595561
346268.70406976953,4069685.5237194723,-0.8991563612364307
346268.7351329921,4069685.4845394436,-0.8999413491467497
346268.7663171714,4069685.445455631,-0.9017072428572223
346268.7975350157,4069685.4063986763,-0.9036706786541764
346268.82869022153,4069685.3672917406,-0.9053145576222733
346268.85976881173,4069685.328123897,-0.9065113586490284
346268.8907514398,4069685.2888801065,-0.9071470364380303
346268.92161908734,4069685.2495458247,-0.9071154551910154
346268.95237521734,4069685.210124262,-0.906624732052959
346268.9831283359,4069685.1707003396,-0.9061752810386653
346269.01390029147,4069685.1312911194,-0.9058890699323043
346269.04470239335,4069685.0919054574,-0.9058339091472432
346269.07554210036,4069685.052549236,-0.9060445844030621
346269.10642550245,4069685.013227291,-0.9064096558464317
346269.1373032767,4069684.973900926,-0.9066543775450423
346269.168162085,4069684.934559677,-0.9066761004848874
346269.19899964274,4069684.8952017683,-0.9064201486920035
346269.2298119055,4069684.855824054,-0.9058226526842164
346269.26059853367,4069684.816426295,-0.9050236483516058
346269.2913938095,4069684.7770352946,-0.9042771919012905
346269.32221530203,4069684.7376648053,-0.9036763212776525
346269.3530717522,4069684.6983217085,-0.9032647635581044
346269.3839731606,4069684.6590139163,-0.9030935675898384
346269.4149306251,4069684.619750259,-0.90327217125878
346269.4459082706,4069684.5805025143,-0.9038580287599014
346269.47687900794,4069684.541249318,-0.9048178867961151
346269.5078404354,4069684.501988778,-0.9061789574368075
346269.53879159666,4069684.4627201445,-0.9080230558272439
346269.569730386,4069684.4234417626,-0.9102363856187601
346269.6006414156,4069684.3841415388,-0.9122568442628305
346269.6314758401,4069684.3447811883,-0.9137567875361786
346269.662215333,4069684.3053466603,-0.9145769861419932
346269.6928500942,4069684.265830722,-0.9145667109135323
346269.7233588206,4069684.226217403,-0.9135295500974221
346269.75376865146,4069684.186528088,-0.9116328539143527
346269.78420341463,4069684.1468578856,-0.9094912631517221
346269.8146888833,4069684.10722664,-0.907163854189695
346269.84524243936,4069684.067647868,-0.9046371851880023
346269.87589000113,4069684.028141851,-0.9018749098176886
346269.906657428,4069683.9887291314,-0.8990675948010186
346269.9375276268,4069683.949396828,-0.896694524337065
346269.96847263974,4069683.910123361,-0.8947327539523491
346269.9995108388,4069683.870923509,-0.8932889709978925
346270.03066332673,4069683.8318144325,-0.8925026282448074
346270.06196429644,4069683.7928241077,-0.8923372971042871
346270.093391759,4069683.7539356267,-0.8925391596672166
346270.1248135088,4069683.715042522,-0.8925044126451961
346270.1562135914,4069683.676131923,-0.8920830038841041
346270.18758384045,4069683.6371972696,-0.8911372587310307
346270.2189124254,4069683.5982290846,-0.8896286953675052
346270.25024443935,4069683.559263656,-0.8880712057942887
346270.2816202658,4069683.5203334987,-0.8867117163590476
346270.3130530249,4069683.4814492995,-0.8856463773415106
346270.34455612645,4069683.4426220716,-0.8849787194009623
346270.3761532105,4069683.4038712964,-0.884770584995625
346270.4078400964,4069683.365193904,-0.8844968028808373
346270.439535465,4069683.3265234553,-0.8836626572674043
346270.4712253788,4069683.2878485364,-0.8820055784604002
346270.50290245406,4069683.249163102,-0.8793518622289231
346270.5345559872,4069683.2104584035,-0.8754107378522656
346270.56619582756,4069683.1717425175,-0.8707238301195994
346270.5979469912,4069683.133117906,-0.8662396688992556
346270.6298422916,4069683.094612248,-0.8621265721490302
346270.66192508646,4069683.056262697,-0.8585717211791095
346270.69422602974,4069683.018096765,-0.8556997900512812
346270.72680120444,4069682.9801646722,-0.8540555677562068
346270.7595260368,4069682.9423614335,-0.853364251264805
346270.79230236623,4069682.904602835,-0.8533043863430638
346270.825133725,4069682.866892075,-0.8539429542107946
346270.85802052374,4069682.829229655,-0.8553953165658561
346270.8909662597,4069682.7916187807,-0.8573506533989527
346270.92389956437,4069682.75399702,-0.8592267580119346
346270.9567695801,4069682.7163199554,-0.860740014224384
346270.9895519357,4069682.678566602,-0.8617418433438954
346271.02223020926,4069682.6407231353,-0.8621072888869279
346271.0547777958,4069682.602767221,-0.8616704750714209
346271.0872739925,4069682.5647672582,-0.8608634526111938
346271.1197826804,4069682.5267779813,-0.8599888620658799
346271.1523136115,4069682.488807751,-0.8590712743702644
346271.1848745779,4069682.450863275,-0.8581182523630565
346271.2174774271,4069682.4129547817,-0.8571400645551841
346271.25013399107,4069682.3750925525,-0.8563329478866131
346271.2828182304,4069682.3372542066,-0.8557298582537431
346271.31552662665,4069682.299436741,-0.855337540138136
346271.3482666223,4069682.2616466302,-0.8552045656869958
346271.3810444489,4069682.223889329,-0.8553675210633008
346271.41386952426,4069682.186173099,-0.8557005164397055
346271.4467070256,4069682.1484676823,-0.8559799000046551
346271.4795255399,4069682.1107457383,-0.8560356276965321
346271.5123203521,4069682.0730031873,-0.8557957701853746
346271.5450873956,4069682.035236526,-0.855206136853453
346271.5778247596,4069681.9974441337,-0.8543017707534862
346271.61057238706,4069681.9596606344,-0.8534945822907845
346271.6433472751,4069681.921900781,-0.8529115639713893
346271.6761558385,4069681.884170184,-0.8526118196005438
346271.7090084504,4069681.846477937,-0.8526898588714455
346271.7419130551,4069681.8088310724,-0.8531231980116091
346271.77485874377,4069681.771220149,-0.8535124020398545
346271.8077878222,4069681.7335946825,-0.8535246532589498
346271.8406919328,4069681.6959473803,-0.8530184194533847
346271.8735649304,4069681.6582729085,-0.8518909970830415
346271.9063953915,4069681.6205613655,-0.8500413030013667
346271.93919776997,4069681.5828253925,-0.8480399034101875
346271.97205605975,4069681.545138099,-0.8464075602145482
346272.00498684385,4069681.5075141406,-0.845295264219798
346272.0380112897,4069681.4699723735,-0.8448530603491479
346272.0711457132,4069681.432527651,-0.8452321273942192
346272.1044011842,4069681.3951903717,-0.8464588693025067
346272.1376561239,4069681.3578526047,-0.8476936618170863
346272.17087759107,4069681.320485054,-0.848704214607814
346272.2040525957,4069681.283076251,-0.8494024622122747
346272.2371686124,4069681.2456152216,-0.8497082245001379
346272.2702080638,4069681.2080866536,-0.8494908287667817
346272.30317776185,4069681.170496779,-0.848699962673213
346272.33615507063,4069681.132913577,-0.8476151655310519
346272.3691520188,4069681.0953476173,-0.8462244130205753
346272.4021737145,4069681.05780341,-0.8444831384287044
346272.43522560404,4069681.0202857824,-0.8422701777038927
346272.4683201758,4069680.982805804,-0.8400189349590519
346272.5014746489,4069680.9453788064,-0.8382279738457585
346272.5346993403,4069680.908014132,-0.8370313236265762
346272.5680121979,4069680.8707280513,-0.8365734938354533
346272.60142843646,4069680.8335346,-0.8370269763401844
346272.6349810484,4069680.7964641447,-0.8383345913111726
346272.66857929295,4069680.759434999,-0.8398854586836547
346272.70212863834,4069680.722361546,-0.8412276223970023
346272.7356137781,4069680.6852300977,-0.8422532797440805
346272.7690202582,4069680.6480278694,-0.8428699277851774
346272.8023244437,4069680.610734046,-0.8430002694085265
346272.8355751357,4069680.5733924946,-0.8429185238052196
346272.8688245012,4069680.536049762,-0.8428624045174075
346272.9020766748,4069680.498709529,-0.8428715033608243
346272.9353364147,4069680.4613760365,-0.8429736793584478
346272.9686098512,4069680.4240547507,-0.8430865051078276
346273.0018906045,4069680.3867399893,-0.8429192618887009
346273.03516210744,4069680.349416979,-0.84229886667358
346273.0684237427,4069680.312085175,-0.8411638459519856
346273.10167310835,4069680.2747424426,-0.8393961955711431
346273.1349088565,4069680.23738759,-0.8369339749721594
346273.16815688997,4069680.200043682,-0.8345020383566155
346273.20147836,4069680.1627652906,-0.8327029652906597
346273.2348938742,4069680.1255711815,-0.8317519622029254
346273.26841498405,4069680.088472223,-0.8318181368484557
346273.30206589296,4069680.0514909704,-0.8331236620192085
346273.335857911,4069680.014638615,-0.835205152163314
346273.3696469399,4069679.977783482,-0.8370315592442177
346273.4033614796,4069679.9408602044,-0.8381476628296619
346273.43697876594,4069679.9038483687,-0.8383626608489922
346273.4704732131,4069679.8667253503,-0.8374107300980227
346273.503818824,4069679.829468597,-0.8352034903192763
346273.537138858,4069679.792188915,-0.8327838853130504
346273.57052498905,4069679.7549684197,-0.8306737932373679
346273.6039998425,4069679.7178277075,-0.8290268535195708
346273.6375798969,4069679.6807820927,-0.8279485776995246
346273.67129943287,4069679.643863413,-0.827628156450656
346273.7051501243,4069679.6070649177,-0.8279518100104584
346273.7390103102,4069679.570275139,-0.8283012445659093
346273.7728613939,4069679.5334769855,-0.8285686262908308
346273.8066962458,4069679.496663907,-0.8287107513439035
346273.8405086701,4069679.459830229,-0.8286919361906121
346273.8742903258,4069679.422968331,-0.8284581459390714
346273.9080620045,4069679.3860972896,-0.8280960010242542
346273.9418446822,4069679.3492363254,-0.8276969354919124
346273.97563764226,4069679.312384788,-0.8272557026689368
346274.0094425469,4069679.275544207,-0.826765663930986
346274.04326100164,4069679.2387160645,-0.8262121216379261
346274.07709683187,4069679.201903885,-0.8256139671504309
346274.1109500382,4069679.1651076847,-0.8250177599108818
346274.14482130687,4069679.1283281106,-0.8244293425949973
346274.1787121983,4069679.091566617,-0.8238433115107259
346274.21262584225,4069679.054826113,-0.8232527722675648
346274.2465671613,4069679.0181111745,-0.8226785554740222
346274.2805354062,4069678.981421145,-0.8221965402856297
346274.314520002,4069678.94474626,-0.8217776586976705
346274.3485208199,4069678.9080864135,-0.8214252848999352
346274.3825407342,4069678.871444288,-0.8211548804732215
346274.416584397,4069678.8348242273,-0.820990728425385
346274.4506518206,4069678.798226268,-0.8209458892516894
346274.48472496914,4069678.7616336388,-0.8209866547452144
346274.518800903,4069678.7250436028,-0.8211208298496487
346274.5528783846,4069678.688455008,-0.821357063581344
346274.58695675666,4069678.651867243,-0.8217002331433035
346274.6210352441,4069678.615279585,-0.8221518172490575
346274.65511113394,4069678.5786895086,-0.822689785375833
346274.68917434156,4069678.5420876257,-0.82309005563922
346274.72321972705,4069678.505469165,-0.8232565888869281
346274.75724413217,4069678.4688312095,-0.8231231919449131
346274.79124585853,4069678.4321722067,-0.8226367859853713
346274.82522382983,4069678.395491185,-0.8217315566993827
346274.85918043536,4069678.3587903827,-0.8203399018452974
346274.893157235,4069678.322108277,-0.81888682373356
346274.92716871825,4069678.285458328,-0.8175645454739161
346274.96122590185,4069678.2488508453,-0.8164368360145859
346274.99533854116,4069678.2122950377,-0.8155528352052561
346275.0295200584,4069678.1758036315,-0.814975524873927
346275.0637875105,4069678.1393929133,-0.8147907837971643
346275.0980835336,4069678.103009087,-0.8147873024749295
346275.1323832107,4069678.0666287057,-0.8148641885058391
346275.1666850763,4069678.0302503877,-0.8150257193936795
346275.20098833303,4069677.9938733815,-0.8152924086258279
346275.2352925313,4069677.9574972633,-0.8157000190534275
346275.2695958213,4069677.921120289,-0.8162595209993999
346275.3038905216,4069677.884735216,-0.8167163370488603
346275.33817248815,4069677.8483381458,-0.8169756599214818
346275.37243810657,4069677.8119256846,-0.816993683672683
346275.4066819005,4069677.775492699,-0.8167385625910458
346275.44089540857,4069677.739031272,-0.8161618296189349
346275.4750746363,4069677.7025377075,-0.8152264464704047
346275.509270662,4069677.6660598833,-0.8142013174552669
346275.54349822766,4069677.6296116523,-0.8133270671898216
346275.5777626819,4069677.593198098,-0.8126506878478884
346275.6120653412,4069677.556820533,-0.8121895463396281
346275.64640850516,4069677.520481205,-0.8119635485836596
346275.68079611583,4069677.4841839345,-0.8119478791126546
346275.71521688893,4069677.4479181054,-0.8120025941024848
346275.7496334454,4069677.4116482744,-0.8119380695533168
346275.784043128,4069677.3753719223,-0.8117072529490544
346275.81844384305,4069677.3390870662,-0.8112679293128011
346275.85283355846,4069677.3027917845,-0.8105653160325734
346275.88722217304,4069677.2664954606,-0.809631959993181
346275.9216302315,4069677.2302175695,-0.8087615340285383
346275.95606219134,4069677.193962363,-0.8080487441847893
346275.99052398116,4069677.1577355107,-0.8075416336207706
346276.02502260293,4069677.121543732,-0.8072957488552643
346276.0595680241,4069677.0853966237,-0.8073746650864689
346276.09416199184,4069677.049295971,-0.8078068522113611
346276.12875832675,4069677.0131975836,-0.8082911383762913
346276.1633432285,4069676.9770882423,-0.8086531369155741
346276.1979127397,4069676.9409641665,-0.8088497790652107
346276.23246173764,4069676.904820472,-0.8088416500346637
346276.2669863322,4069676.868653467,-0.8085867994281427
346276.30148253316,4069676.8324593804,-0.8080354159297052
346276.33597323473,4069676.796260051,-0.8073784992750644
346276.37048102304,4069676.7600770094,-0.8067951691191085
346276.4050097773,4069676.723913975,-0.80631375683852
346276.4395628746,4069676.6877742005,-0.8059475820358777
346276.47414554463,4069676.6516627246,-0.8057145520101769
346276.50876467524,4069676.615586202,-0.8056396258635974
346276.54339899024,4069676.5795242526,-0.8056239612194154
346276.5780323692,4069676.543461404,-0.8055561261809271
346276.61266427505,4069676.5073971404,-0.8054114307483152
346276.64729537856,4069676.4713321063,-0.805178532819246
346276.6819269904,4069676.4352675606,-0.8048440200551031
346276.7165605378,4069676.3992048735,-0.8043814500954374
346276.75119756715,4069676.363145531,-0.8038286830948654
346276.78584621486,4069676.3270973526,-0.8033272558421454
346276.8205102919,4069676.291064011,-0.8029056254408388
346276.8551927609,4069676.255048372,-0.8025843735681629
346276.8898978415,4069676.2190545215,-0.8023892919432951
346276.92463279766,4069676.1830895017,-0.8023599062215551
346276.95939025475,4069676.1471462245,-0.8024061793906994
346276.9941466161,4069676.111201888,-0.8022995960317836
346277.0289008333,4069676.075255478,-0.80199773608167
346277.0636515193,4069676.0393056544,-0.8014582992273394
346277.0983972749,4069676.0033510653,-0.80063211239414
346277.1331366911,4069675.9673903515,-0.7994480139298394
346277.1678833072,4069675.931436597,-0.7979044234186139
346277.2026643798,4069675.8955161753,-0.796295357396172
346277.23748585425,4069675.85963492,-0.7949627232142017
346277.2723553988,4069675.8238003794,-0.7939852368665199
346277.30728219356,4069675.7880216376,-0.7934429138066208
346277.34228024643,4069675.752312601,-0.7934407005485938
346277.3773623886,4069675.716686185,-0.7940788209130778
346277.4124893617,4069675.681103947,-0.7950399080898329
346277.44759351335,4069675.6454991945,-0.7957929520127927
346277.48266863,4069675.6098658396,-0.7962457273629507
346277.5177067629,4069675.574196119,-0.7963049041119701
346277.5526992026,4069675.5384815745,-0.79586664994359
346277.58763745945,4069675.502714027,-0.7948330281221115
346277.622555014,4069675.4669262604,-0.7934882883406655
346277.65750028525,4069675.4311655583,-0.7922750531079799
346277.6924818561,4069675.3954403657,-0.7912678244675857
346277.72751175496,4069675.359762562,-0.7905416897559372
346277.7626035787,4069675.324145669,-0.7901757209085334
346277.7977696617,4069675.2886021016,-0.7902399369913419
346277.8329783167,4069675.253100685,-0.7905812763150697
346277.8681815032,4069675.2175938454,-0.790791956386739
346277.9033760262,4069675.182078419,-0.7907783310963261
346277.93855788343,4069675.1465504454,-0.790487390629115
346277.97372379387,4069675.111006688,-0.7898650268858629
346278.0088713581,4069675.075444789,-0.7888468076789849
346278.0440041175,4069675.039868264,-0.787421203493774
346278.0791638569,4069675.0043184063,-0.7861792374710957
346278.11436379596,4069674.968808353,-0.7853534169406224
346278.1496107209,4069674.933344939,-0.7850381370616901
346278.1849128149,4069674.8979364433,-0.7853329088459655
346278.2202813937,4069674.862594361,-0.7863554880963562
346278.25572170597,4069674.8273242093,-0.7881977968218279
346278.29114332946,4069674.792035286,-0.7903730235808301
346278.326514139,4069674.7566954345,-0.7922577843116232
346278.36182237504,4069674.721293071,-0.7937357737443177
346278.3970549486,4069674.6858154126,-0.7947167361901536
346278.43219784147,4069674.650248923,-0.7951022850515089
346278.4672368828,4069674.614580121,-0.794785684925601
346278.5021911779,4069674.578828239,-0.7938473547848979
346278.53716337465,4069674.5430938667,-0.792944357048749
346278.5721608747,4069674.5073842765,-0.7921832374198863
346278.60718963464,4069674.471705351,-0.7916154473699482
346278.6422568701,4069674.436064243,-0.7912975622820968
346278.6773715083,4069674.40046984,-0.7912935649537228
346278.71253351035,4069674.364922219,-0.7916066669352584
346278.7476984051,4069674.329377456,-0.791772543030747
346278.7828570235,4069674.293826485,-0.7916301191343487
346278.8180049594,4069674.258264953,-0.7911077635086632
346278.8531373047,4069674.2226880183,-0.7901279784986067
346278.88824927254,4069674.187090973,-0.7886032304374311
346278.9233408667,4069674.151473844,-0.7864600608472723
346278.9584720172,4069674.115895739,-0.7840160134606744
346278.9936644536,4069674.0803782586,-0.7819212316656592
346279.028927915,4069674.0449312995,-0.7803462303908881
346279.06427389453,4069674.0095666302,-0.7793968518754357
346279.09971609985,4069673.9742984083,-0.7791878937004061
346279.13526962517,4069673.9391424204,-0.7798510415251071
346279.1709220355,4069673.904086685,-0.7813940742539511
346279.20655422454,4069673.869010384,-0.7831791793517212
346279.24214532337,4069673.8338923934,-0.7847673252361423
346279.27768523747,4069673.798722606,-0.7860822700434125
346279.3131634095,4069673.7634905376,-0.7870687416937232
346279.3485670665,4069673.7281835964,-0.7876651552326953
346279.3838835645,4069673.692789479,-0.7878083489547233
346279.41913531907,4069673.657330858,-0.7875650880717366
346279.4543923805,4069673.6218775143,-0.7871011165774984
346279.4896567758,4069673.5864314646,-0.7863794168333968
346279.52492947533,4069673.550993679,-0.7853488777451539
346279.5602109314,4069673.5155646116,-0.7839450845778962
346279.59550208686,4069673.4801452053,-0.7820972535050982
346279.6308098763,4069673.4447423853,-0.7797486317426114
346279.66616795585,4069673.409389798,-0.7771375759392137
346279.7015883734,4069673.3740996723,-0.7749173464123162
346279.7370829422,4069673.338884134,-0.7732366373750201
346279.7726656812,4069673.303757694,-0.772215156124637
346279.80835224775,4069673.2687367504,-0.7719851117747196
346279.8441609015,4069673.2338406593,-0.7726990887799937
346279.8800713502,4069673.1990492926,-0.7743062796928788
346279.91595443187,4069673.164229696,-0.7758136361441413
346279.9517963809,4069673.1293677636,-0.7769834433686926
346279.9875864789,4069673.0944526047,-0.7777185961345938
346280.023312619,4069673.059472011,-0.7779166134587499
346280.0589610158,4069673.024412201,-0.7774615809899301
346280.09452438564,4069672.9892661385,-0.7762575914500504
346280.13009219896,4069672.954124561,-0.7747163561591695
346280.1656923197,4069672.919015715,-0.7733156478831099
346280.20133287605,4069672.88394792,-0.7721703820425269
346280.23702337214,4069672.8489309563,-0.7713497849686685
346280.2727745686,4069672.813975973,-0.7709261700654334
346280.30859914806,4069672.779096209,-0.7709818481430254
346280.3444941093,4069672.7442888645,-0.7715312927956662
346280.38038648973,4069672.709478852,-0.7722055832308817
346280.41626436857,4069672.674653893,-0.7727472121432285
346280.4521232726,4069672.639809397,-0.7731081698647061
346280.4879588345,4069672.6049408955,-0.7732510225606479
346280.52376648824,4069672.5700437357,-0.7731344433675742
346280.5595410624,4069672.535112666,-0.7727093351957973
346280.595290939,4069672.500156318,-0.7720126103081246
346280.6310569192,4069672.465216446,-0.7712940877148383
346280.66684226756,4069672.430296412,-0.7705742797245658
346280.70265033364,4069672.3953996743,-0.7698581708823492
346280.7384852455,4069672.360530505,-0.7691504285984023
346280.7743521945,4069672.3256942914,-0.7684586152717753
346280.81025087344,4069672.290890774,-0.7677603035139797
346280.84616739076,4069672.256105666,-0.766969541427928
346280.8821032335,4069672.221340523,-0.7662892190466765
346280.9180608673,4069672.1865979196,-0.765817287937487
346280.9540434344,4069672.15188114,-0.7655922965138523
346280.9900545008,4069672.1171939243,-0.7656495192297038
346281.02609875647,4069672.082541198,-0.7660296379294566
346281.0621809185,4069672.047927944,-0.7667765597064141
346281.0982571629,4069672.01330852,-0.7676362465057991
346281.134310749,4069671.9786655004,-0.7683769647838159
346281.17033744504,4069671.9439945184,-0.7689510608106511
346281.20633350674,4069671.909291733,-0.7693180549189781
346281.242295093,4069671.874553224,-0.7694344820154553
346281.27821774373,4069671.8397744545,-0.7692481555912387
346281.31411369884,4069671.8049681275,-0.7687869409221896
346281.35001427354,4069671.770166565,-0.7682934745076064
346281.385923161,4069671.735373581,-0.7678243918646718
346281.42184499715,4069671.7005939656,-0.7674023650141607
346281.45778505976,4069671.665833186,-0.767048845482701
346281.49374989147,4069671.6310980353,-0.7667891657290519
346281.52974503976,4069671.5963943014,-0.766643442674333
346281.56574885076,4069671.5616995525,-0.7665040085800842
346281.6017552537,4069671.5270074937,-0.7663059235056615
346281.6377645272,4069671.492318414,-0.7660249215152315
346281.6737774907,4069671.457633166,-0.76564961825086
346281.7097953725,4069671.422953025,-0.76516792708515
346281.74581960303,4069671.388279479,-0.7645638177834154
346281.7818523582,4069671.3536147918,-0.7638201432109221
346281.8179006087,4069671.3189662197,-0.7631226279126091
346281.853969223,4069671.284338847,-0.7626122320737605
346281.8900612297,4069671.249735857,-0.7623310162551591
346281.9261803519,4069671.215161172,-0.7623183648507906
346281.9623313587,4069671.1806198284,-0.7626176849405176
346281.9985199484,4069671.146117863,-0.7632774641228719
346282.0347123875,4069671.111619931,-0.7641674835729816
346282.0708848346,4069671.077101039,-0.7651480879557971
346282.10703267524,4069671.04255638,-0.7661792862723736
346282.14315148944,4069671.007981374,-0.767257225992416
346282.17923699494,4069670.9733716063,-0.7683815952884141
346282.21528477554,4069670.938722549,-0.7695514393362904
346282.25128995127,4069670.904029223,-0.7707668487553332
346282.28725768306,4069670.869297076,-0.7719871858810272
346282.32319054275,4069670.8345288527,-0.7729104855756825
346282.3590844698,4069670.799720439,-0.7734480619954162
346282.3949351593,4069670.7648674953,-0.7735207441260461
346282.4307383479,4069670.7299657585,-0.7730371560272888
346282.46648906526,4069670.6950102774,-0.771894223595037
346282.5022014718,4069670.660015651,-0.7700564457239176
346282.537944452,4069670.625052254,-0.7677940531889988
346282.57373017306,4069670.590132606,-0.7657016745316698
346282.60957077745,4069670.555269294,-0.7639971004756742
346282.64548119216,4069670.5204778994,-0.7627806828868376
346282.68147799524,4069670.485775905,-0.7621531269374804
346282.717581667,4069670.451185129,-0.7622303704215814
346282.75380055606,4069670.4167149942,-0.7630765433907211
346282.79001998575,4069670.382245403,-0.7640602480813895
346282.82621104916,4069670.34774603,-0.7649716970050098
346282.86236911244,4069670.3132120734,-0.7657760524145136
346282.89848990727,4069670.2786391377,-0.7664508231777268
346282.9345698603,4069670.2440235824,-0.7669799237674348
346282.97060487245,4069670.2093612463,-0.7673455175199706
346283.0066187198,4069670.174676916,-0.7676028717306799
346283.0426213696,4069670.1399809625,-0.7677015950715634
346283.07861352287,4069670.1052741203,-0.7676184762715862
346283.11459547194,4069670.0705566993,-0.7673244612715484
346283.1505669524,4069670.0358284316,-0.7667836334915554
346283.1865276399,4069670.0010889885,-0.7659527947712533
346283.2224890744,4069669.9663503193,-0.7648664578345084
346283.2584729043,4069669.9316348494,-0.7638213734508928
346283.29448435217,4069669.8969480307,-0.7629056275916908
346283.3305297955,4069669.8622965417,-0.7621605446643761
346283.36661647254,4069669.827687999,-0.7616255959751888
346283.40275304945,4069669.793131566,-0.7613454013010182
346283.43894292717,4069669.758630953,-0.7613424511468928
346283.47514328326,4069669.724141328,-0.7614313280978817
346283.5113433655,4069669.6896514157,-0.761574395667656
346283.547541501,4069669.6551594604,-0.7617686582037819
346283.5837367894,4069669.6206645174,-0.7620131676195216
346283.61992864066,4069669.5861659683,-0.762308721200475
346283.65611611167,4069669.551662824,-0.7626546110089979
346283.6922970698,4069669.517152851,-0.7630426333075074
346283.72846694133,4069669.482631258,-0.7633843867510042
346283.7646242906,4069669.4480965505,-0.7636430755467477
346283.80076838564,4069669.413547971,-0.7638019975941236
346283.8368984458,4069669.378984714,-0.7638464515914967
346283.8730136831,4069669.344405969,-0.7637634936160737
346283.90911373927,4069669.309811375,-0.7635411555928023
346283.9452132531,4069669.2752162153,-0.763239921511578
346283.98131786427,4069669.2406263747,-0.7629208954725871
346284.0174300892,4069669.206044484,-0.7626027802607388
346284.05355217884,4069669.1714728973,-0.7622900553585449
346284.08968601376,4069669.136913587,-0.7619785848881305
346284.1258337081,4069669.1023687734,-0.7616587934818554
346284.1619965505,4069669.0678398176,-0.7613126382487877
346284.1981674997,4069669.0333193536,-0.7609275288054564
346284.2343456553,4069668.998806442,-0.760594553406193
346284.27053249086,4069668.9643026325,-0.760326183988551
346284.3067308344,4069668.9298108956,-0.7601353936308394
346284.3429448354,4069668.8953355993,-0.760041911190189
346284.37917960057,4069668.8608821277,-0.7600732239114978
346284.41543064173,4069668.82644578,-0.7601966240456194
346284.4516771095,4069668.7920046197,-0.7602421112499529
346284.4879187545,4069668.7575583835,-0.760181569053305
346284.5241557145,4069668.723107219,-0.7599953010158959
346284.56038798846,4069668.688651127,-0.7596645151786764
346284.5966149224,4069668.65418942,-0.7591657308366946
346284.6328394547,4069668.6197251882,-0.7584838155169249
346284.6690773687,4069668.5852750284,-0.7577365885003822
346284.7053326765,4069668.5508431736,-0.7570492151483282
346284.74160948215,4069668.5164339705,-0.7564461660867716
346284.77791163867,4069668.482051514,-0.7559432962929269
346284.81424336496,4069668.447700307,-0.7555563710792038
346284.8506105856,4069668.413386681,-0.755305549312577
346284.887003295,4069668.379100085,-0.755130084931373
346284.9233996514,4069668.34481736,-0.7549136592292603
346284.95979980996,4069668.310538672,-0.7546456408831892
346284.9962044571,4069668.276264751,-0.7543217848239482
346285.0326145805,4069668.2419966473,-0.753938352988817
346285.0690319296,4069668.207736223,-0.7534940773389575
346285.10545989993,4069668.173487093,-0.7529925946297729
346285.1419011865,4069668.139252131,-0.7524808102729755
346285.17835697916,4069668.1050326168,-0.7520549211039812
346285.2148287591,4069668.070830143,-0.7517371028028389
346285.25131826574,4069668.0366465817,-0.7515456098507135
346285.2878274676,4069668.002484057,-0.7514993500779635
346285.3243589413,4069667.96834535,-0.7516232612634068
346285.3609052924,4069667.9342225688,-0.7518836499532505
346285.3974474829,4069667.9000953315,-0.7521197802727858
346285.433983253,4069667.865961221,-0.7522966420206517
346285.47051064915,4069667.83181815,-0.7523877966011223
346285.5070277656,4069667.797664085,-0.7523624259999102
346285.5435320126,4069667.7634962653,-0.752185148973511
346285.5800235349,4069667.7293148553,-0.7518389000880106
346285.6165175996,4069667.6951361597,-0.7515679268228269
346285.6530177666,4069667.660963981,-0.7514690944814891
346285.68952740805,4069667.6268019252,-0.7515859368762405
346285.72605097987,4069667.5926547633,-0.7519701587377973
346285.7625931862,4069667.558527544,-0.7526815035762338
346285.7991574605,4069667.5244239704,-0.7537780839927704
346285.8357062339,4069667.4903037855,-0.7550798810406397
346285.87222480023,4069667.4561512736,-0.7562783906514084
346285.9087081524,4069667.4219611483,-0.7572939101958795
346285.9451500128,4069667.3877268042,-0.7580839262154299
346285.98154268286,4069667.3534401767,-0.7585976263771628
346286.0178775988,4069667.3190923543,-0.7587745060733387
346286.0541565233,4069667.284685389,-0.7586142687911657
346286.0904296794,4069667.250272337,-0.7586509885685491
346286.12670602207,4069667.2158626444,-0.7590710039562494
346286.1629876533,4069667.1814585277,-0.7599390054706293
346286.1992774789,4069667.147063055,-0.7613154628071204
346286.23557958595,4069667.112680545,-0.7632695298475285
346286.27189523383,4069667.0783123397,-0.7658647052402614
346286.3081586579,4069667.043889049,-0.7688650301071077
346286.34434398176,4069667.009383677,-0.7719782849825779
346286.3804410348,4069666.9747859803,-0.7750425176879047
346286.41643997224,4069666.940086213,-0.7780422794375002
346286.45233010704,4069666.90527393,-0.7809592631573242
346286.48809912655,4069666.870337224,-0.7837787486569768
346286.52373251127,4069666.835262197,-0.7864858635281589
346286.5592657663,4069666.800085689,-0.789138910891791
346286.5947212175,4069666.76483076,-0.7915751752322937
346286.6300905422,4069666.729489429,-0.793737810791716
346286.6653668672,4069666.6940552746,-0.7955784348741187
346286.7005408804,4069666.658519565,-0.7970355306504993
346286.7356011519,4069666.622871641,-0.7980349180928504
346286.77057059563,4069666.5871345764,-0.7986820743738117
346286.8055093906,4069666.5513675464,-0.7994237350103904
346286.84042026877,4069666.515573267,-0.8003469533839613
346286.8753067773,4069666.479755235,-0.8015060369867492
346286.9101731312,4069666.443917583,-0.8029613392742316
346286.9450242193,4069666.408065085,-0.8047764236989869
346286.97985862364,4069666.3721963814,-0.8069921960246318
346287.0146368335,4069666.3362731976,-0.8092928285521254
346287.0493468305,4069666.3002841035,-0.8115133384385055
346287.0839807054,4069666.264221751,-0.8136132612192917
346287.11852941365,4069666.2280778033,-0.8155505684675025
346287.15298386023,4069666.1918439926,-0.8172865566475077
346287.1873337274,4069666.1555110305,-0.8187809975955939
346287.22161179205,4069666.119110291,-0.8201874102232496
346287.25584016595,4069666.082662822,-0.8216721753499212
346287.29001833184,4069666.0461682673,-0.8232705994676176
346287.3241464702,4069666.009626923,-0.8250096456830699
346287.3582239833,4069665.973038363,-0.8269194388103888
346287.39224949793,4069665.936401442,-0.8290361828058832
346287.426220198,4069665.8997136927,-0.8313972277328563
346287.46012160915,4069665.862961913,-0.8338059633308439
346287.4939468786,4069665.826140046,-0.8360481799724834
346287.527690237,4069665.7892431053,-0.8380770508745491
346287.56134425825,4069665.7522646664,-0.8398540831050386
346287.59489929955,4069665.715196394,-0.8413326016289128
346287.62834399624,4069665.678028541,-0.842453612933315
346287.6617101776,4069665.6407901524,-0.8433411853598808
346287.69503899285,4069665.6035183156,-0.84430450585641
346287.72833322955,4069665.566215587,-0.845460315357689
346287.761594054,4069665.5288830632,-0.8468640772372957
346287.79482247855,4069665.4915216984,-0.848568602667678
346287.8280206671,4069665.454133463,-0.8506400802219122
346287.8611908252,4069665.4167203573,-0.8531537270183798
346287.89430275676,4069665.379255718,-0.8559974673231763
346287.9273352195,4069665.3417209946,-0.8587262269480149
346287.9602774799,4069665.304107085,-0.8612001670132936
346287.99311848084,4069665.266404741,-0.8633676040788142
346288.0258450264,4069665.228603015,-0.8651761705372925
346288.0584418557,4069665.1906893905,-0.8665641378828323
346288.0909057875,4069665.152661888,-0.8675190456079164
346288.12332069955,4069665.114592566,-0.8683496946825466
346288.1557040978,4069665.0764964335,-0.869061083864358
346288.188055732,4069665.0383733227,-0.8696381432624138
346288.220374497,4069665.0002223426,-0.8700656327979139
346288.2526595564,4069664.9620428355,-0.8703308778167705
346288.28491031856,4069664.9238343523,-0.8704184166119606
346288.31713659666,4069664.8856052146,-0.8703834727127976
346288.3493585345,4069664.8473724183,-0.8704070697315582
346288.3815796025,4069664.8091388885,-0.870514075929172
346288.41380221304,4069664.7709066593,-0.8707160694756507
346288.44602843,4069664.7326774695,-0.8710290771389195
346288.47826126526,4069664.69445386,-0.8714786399775927
346288.51049703633,4069664.6562327268,-0.8720464525048789
346288.54271285346,4069664.6179947737,-0.8725027412095508
346288.57490835927,4069664.5797397173,-0.8727915064240834
346288.6070834618,4069664.541467499,-0.8728869538933672
346288.63923648285,4069664.503176728,-0.8727564568534185
346288.6713644444,4069664.464864929,-0.8723580699682664
346288.70346838253,4069664.426532996,-0.8716586677850847
346288.73558074364,4069664.3882081187,-0.8708876768749083
346288.7677119472,4069664.349899038,-0.8701330242169626
346288.7998674636,4069664.3116103634,-0.869411079609354
346288.83205318527,4069664.2733470765,-0.8687327648475518
346288.86427586654,4069664.2351149097,-0.8681101658863255
346288.8965440072,4069664.196921104,-0.8675639013616052
346288.92883417616,4069664.158745916,-0.8671716276911365
346288.9611383135,4069664.120582548,-0.8669815186281568
346288.9934589879,4069664.0824331846,-0.8670416438161225
346289.0257996452,4069664.04430076,-0.8674048794663711
346289.0581642514,4069664.0061886604,-0.8681238532262537
346289.09055648535,4069663.968100039,-0.8692511488427139
346289.1229345617,4069663.9299993827,-0.870606928296486
346289.15527977387,4069663.8918708237,-0.8718740275188073
346289.1875836658,4069663.853707253,-0.8729514471216017
346289.2198374806,4069663.815501351,-0.8738014731989746
346289.2520330761,4069663.777246377,-0.8744007932495228
346289.2841620042,4069663.7389353965,-0.8747303787447374
346289.3162263064,4069663.700570307,-0.8748166689653615
346289.348281787,4069663.662197841,-0.8749052228117982
346289.3803405979,4069663.623828157,-0.875068136172231
346289.41240189597,4069663.5854605515,-0.8753091462826259
346289.44446276326,4069663.547092586,-0.875619647801056
346289.47651914146,4069663.5087208697,-0.8759857178859773
346289.5085665276,4069663.4703416433,-0.8763722196337631
346289.5406015881,4069663.4319521277,-0.8767026097753445
346289.572621976,4069663.3935503736,-0.8769574119140418
346289.60462681105,4069663.355135657,-0.8771301554492017
346289.6366152992,4069663.3167073266,-0.8772154179674515
346289.66858664487,4069663.278264733,-0.8772056777990443
346289.7005446953,4069663.239811085,-0.877105081745505
346289.73250427295,4069663.201358707,-0.8769426696825517
346289.76446683245,4069663.1629088074,-0.8767095682013334
346289.79643283173,4069663.1244617673,-0.8763870067085406
346289.8284027191,4069663.08601796,-0.8759459127595446
346289.8603774648,4069663.047578194,-0.875361328684565
346289.8923598217,4069663.00914476,-0.8746167177149349
346289.92435760464,4069662.970724169,-0.8738318909964858
346289.9563747661,4069662.9323197254,-0.8731165440461656
346289.9884161981,4069662.8939355295,-0.8725003629130677
346290.0204891522,4069662.855577669,-0.8720167865717681
346290.0526002635,4069662.817251748,-0.8716954561230787
346290.0847559405,4069662.778963212,-0.871563062613251
346290.1169347754,4069662.740694131,-0.8715901447583296
346290.1491156372,4069662.702426754,-0.8717177643576399
346290.1812975622,4069662.664160271,-0.8719505928516126
346290.2134800735,4069662.6258942815,-0.8722977380811318
346290.2456630582,4069662.58762869,-0.8727739995169299
346290.27784686,4069662.5493637854,-0.8733971305425687
346290.31001754804,4069662.5110878563,-0.8739396935979321
346290.34216788225,4069662.472794829,-0.8742600719517304
346290.3742950451,4069662.43448236,-0.8743040660579204
346290.40639639867,4069662.3961482635,-0.874021657968837
346290.4384683404,4069662.357789557,-0.8733569408375794
346290.47050707164,4069662.3194031073,-0.8722415430735648
346290.5025539632,4069662.281023469,-0.8709939888636831
346290.53463331854,4069662.2426709626,-0.8701389203367538
346290.5667537098,4069662.20435282,-0.8697806231053348
346290.59892391524,4069662.1660764916,-0.8700067204933736
346290.6311531995,4069662.1278498974,-0.8709200092896876
346290.66345353576,4069662.0896833236,-0.8726168782126346
346290.69578839897,4069662.051545993,-0.874793080522376
346290.72805935744,4069662.013354576,-0.8767596255571544
346290.7602560445,4069661.9751005284,-0.8784216362736542
346290.7923672183,4069661.9367746725,-0.879708751610419
346290.8243782077,4069661.898365104,-0.8805402778507951
346290.8562787594,4069661.8598637735,-0.880863099790044
346290.8881070811,4069661.82130268,-0.8808196489674903
346290.91992773296,4069661.782735257,-0.880571313799177
346290.95174507075,4069661.7441650997,-0.8800910642469861
346290.98356388503,4069661.705596161,-0.8793595318488968
346291.0153884041,4069661.667031929,-0.8783429142680583
346291.0472205307,4069661.6284739766,-0.8769918945096976
346291.0790633626,4069661.589924866,-0.8752516129599794
346291.1109439346,4069661.5514069647,-0.8733464705818559
346291.14287509443,4069661.5129309916,-0.8715269686291114
346291.1748659336,4069661.4745046264,-0.8698326368027073
346291.2069285382,4069661.4361381237,-0.868303492226459
346291.23907620634,4069661.3978428757,-0.8669828621237554
346291.27132449613,4069661.359632334,-0.8659312351932177
346291.3036452559,4069661.321483044,-0.8652100747247227
346291.3359935182,4069661.283357071,-0.8649522902915118
346291.36837183643,4069661.245256621,-0.8652328340752238
346291.4007831131,4069661.207184203,-0.8661268914395114
346291.43323071534,4069661.16914274,-0.867717755882174
346291.46571624564,4069661.1311336616,-0.8701144365937898
346291.4981978003,4069661.0931211957,-0.8731801323700755
346291.5305994124,4069661.055040571,-0.8758957855042588
346291.5629070532,4069661.016880194,-0.8779356286632665
346291.59510620526,4069660.9786282377,-0.8791662700549938
346291.62718076614,4069660.940271754,-0.8794523870473122
346291.6591065701,4069660.901791377,-0.8786057845849615
346291.69087529473,4069660.863181203,-0.8765300013421278
346291.72265642596,4069660.8245812156,-0.8742145996090827
346291.7545028455,4069660.7860350804,-0.8720106981006019
346291.78642851615,4069660.7475545625,-0.8699833490891248
346291.81844864547,4069660.709152613,-0.8681839965291753
346291.8505832169,4069660.6708463836,-0.8666773029368253
346291.8828451771,4069660.6326473798,-0.8654917775311077
346291.9151623601,4069660.5944950604,-0.864399763930527
346291.9475143534,4069660.5563722556,-0.863619973092597
346291.9799036138,4069660.5182811082,-0.8632186009979045
346292.0123337295,4069660.480224739,-0.8632672089556431
346292.0448097757,4069660.4422075585,-0.8638546555741196
346292.07733879215,4069660.404235692,-0.8650867046027483
346292.1099041367,4069660.366294973,-0.866858489657815
346292.1424303976,4069660.328320745,-0.868376841768898
346292.17490675196,4069660.2903038296,-0.8694779357459229
346292.2073203534,4069660.2522334023,-0.8700575103870639
346292.23965570354,4069660.2140964963,-0.8700141665871869
346292.2718953443,4069660.175878655,-0.8692301080882882
346292.3040489904,4069660.1375884167,-0.8676908063552566
346292.33623102057,4069660.099322026,-0.8658909331948913
346292.36846054543,4069660.06109563,-0.8639824490614746
346292.40074785415,4069660.022918029,-0.8619801327030258
346292.4331006255,4069659.9847958917,-0.8598800430031118
346292.4655286085,4069659.9467377164,-0.857674305973334
346292.4980435727,4069659.9087538337,-0.8553385576268824
346292.5306400822,4069659.8708398957,-0.8529610320512715
346292.56330650445,4069659.8329861807,-0.8507935230619289
346292.5960512482,4069659.7952001984,-0.8489048262805938
346292.6288829587,4069659.7574897567,-0.8473639381836815
346292.6618130183,4069659.719865169,-0.8462530853700614
346292.69485863385,4069659.6823420436,-0.8456773918939896
346292.72799315554,4069659.6448973725,-0.8455580936156191
346292.7611466151,4069659.6074694674,-0.8454965612670003
346292.7943141587,4069659.5700540426,-0.8451972046521942
346292.8274890074,4069659.532645094,-0.8445876003727752
346292.8606640369,4069659.4952363065,-0.8436031446579282
346292.8938327593,4069659.457821926,-0.8421815977175728
346292.92698868155,4069659.4203962027,-0.8402608966011405
346292.9601552693,4069659.382979941,-0.8380642435133214
346292.99339276116,4069659.345626654,-0.8359431762807422
346293.02670785924,4069659.3083425714,-0.8339351629784595
346293.06010766653,4069659.271134357,-0.8320625090525695
346293.0935994085,4069659.234008876,-0.8303391646038727
346293.1271902457,4069659.1969730346,-0.8287767793074897
346293.1608503062,4069659.160000073,-0.827233679800535
346293.19455958967,4069659.1230719825,-0.8256579349406985
346293.2283201509,4069659.0861907657,-0.8240561676601585
346293.26213434327,4069659.0493587162,-0.8224217656666961
346293.2960064423,4069659.012579915,-0.8207533638244071
346293.3299411259,4069658.9758588537,-0.81905256186888
346293.3639418304,4069658.939198913,-0.8173109799254737
346293.39799911284,4069658.902591525,-0.8155916939631832
346293.432112858,4069658.866036749,-0.813930640867573
346293.46628698363,4069658.8295384147,-0.812336792076922
346293.500525941,4069658.7931008926,-0.8108183443332188
346293.534833956,4069658.756728384,-0.8093827415253384
346293.56921634334,4069658.7204261706,-0.8080403841284993
346293.6036491855,4069658.684171804,-0.8066902376559346
346293.63812488323,4069658.6479581897,-0.8053903632158417
346293.67264571233,4069658.611787595,-0.8041656788760627
346293.7072143566,4069658.5756626963,-0.8030182473203785
346293.74183345103,4069658.539586143,-0.8019472550891714
346293.77650604275,4069658.5035610036,-0.8009570475793184
346293.8112315315,4069658.4675868466,-0.8000345978952772
346293.8459880475,4069658.431642662,-0.7990574420344394
346293.88077287644,4069658.395725876,-0.7979943798552958
346293.9155885314,4069658.359838971,-0.7968423724633208
346293.9504378733,4069658.3239847776,-0.7956002051767863
346293.98532297584,4069658.2881653775,-0.7942598667265082
346294.02024627366,4069658.2523832167,-0.7928067772560482
346294.0552135453,4069658.2166440296,-0.791253843985774
346294.09022772184,4069658.1809507958,-0.7896862526296502
346294.12529159355,4069658.145306381,-0.7881239360745217
346294.16040819633,4069658.1097139167,-0.7865739595868064
346294.19558132585,4069658.0741773136,-0.785039111056943
346294.23081651825,4069658.038702249,-0.7835266024947211
346294.266116385,4069658.0032915347,-0.7820184622752635
346294.3014648862,4069657.9679293656,-0.7806242628153037
346294.33686128206,4069657.9326151367,-0.779640855783377
346294.37230723107,4069657.897350646,-0.7791490418693874
346294.40780595853,4069657.862139286,-0.7792249655870289
346294.44336138765,4069657.8269851864,-0.7799479920325261
346294.4789801805,4069657.791895293,-0.7814295640178888
346294.5146219921,4069657.7568287714,-0.7833480099080948
346294.5502215848,4069657.721719393,-0.7850276247719613
346294.58576597896,4069657.6865541376,-0.786367741907645
346294.6212423415,4069657.6513202535,-0.7872935979590083
346294.65663771296,4069657.6160050095,-0.7877271422029124
346294.69193468563,4069657.5805914253,-0.7875661999921308
346294.72716561327,4069657.545112112,-0.7869280269080212
346294.7624122619,4069657.509648416,-0.7862801422918838
346294.7976765625,4069657.474202274,-0.7856989081796133
346294.8329612912,4069657.4387764665,-0.7852018033025702
346294.8682701902,4069657.4033747506,-0.7848075459044233
346294.903607996,4069657.36800189,-0.7845450260142914
346294.93897984206,4069657.332663068,-0.7844538873551371
346294.97436419077,4069657.297336763,-0.7844430251103274
346295.0097511488,4069657.262013071,-0.7844574064951961
346295.04514044494,4069657.2266917215,-0.784501452051869
346295.08053184336,4069657.191372479,-0.7845846034957489
346295.1159238539,4069657.1560538495,-0.7847126891020317
346295.1513131088,4069657.120732459,-0.7848843357404536
346295.18669886433,4069657.0854075626,-0.7850613328295392
346295.2220824927,4069657.0500805355,-0.785071644670654
346295.257462122,4069657.014749503,-0.7848623948093673
346295.2928354586,4069656.979412171,-0.7843892339019038
346295.3281998142,4069656.944065851,-0.7836069219046129
346295.3635521868,4069656.9087075465,-0.7824718540681156
346295.39890034735,4069656.8733450323,-0.7809880985247076
346295.4342836474,4069656.8380176807,-0.7794335886695458
346295.46971005097,4069656.802733554,-0.7781587557017329
346295.5051865,4069656.767499747,-0.7772432708240254
346295.5407198074,4069656.7323232843,-0.7767593677644986
346295.57631607004,4069656.697210531,-0.7767849314886809
346295.61198149493,4069656.662168035,-0.7774044341841041
346295.6476935351,4069656.627173033,-0.7785792271664762
346295.6833856968,4069656.5921577583,-0.7798266736075311
346295.7190511711,4069656.557115302,-0.7808907650034754
346295.7546816812,4069656.522037298,-0.7817159910709364
346295.79026690754,4069656.4869133597,-0.7822457997304146
346295.82579523436,4069656.4517318727,-0.7824145409141008
346295.86125352705,4069656.4164798083,-0.7821475832827133
346295.8966818046,4069656.381197559,-0.781681005172645
346295.9321248667,4069656.345930162,-0.7813861322807703
346295.96758391854,4069656.3106788415,-0.7813162311959659
346296.00306060247,4069656.275445266,-0.7815133905224713
346296.0385573134,4069656.2402318674,-0.7820292748607482
346296.074076877,4069656.2050415208,-0.7829300284783238
346296.1096060046,4069656.16986083,-0.784227285378085
346296.14510949765,4069656.134654271,-0.7854835140191447
346296.180580826,4069656.099415307,-0.7863885148778038
346296.21601282764,4069656.064136803,-0.7868628780994653
346296.2513968124,4069656.028810143,-0.7868327235051306
346296.2867213641,4069655.993424058,-0.786204589131439
346296.3219711373,4069655.95796349,-0.7848712247763183
346296.3572087178,4069655.9224907886,-0.7832351900697029
346296.3924921046,4069655.8870636504,-0.7819020090976622
346296.42782836384,4069655.8516892497,-0.7809679858414943
346296.46322436724,4069655.81637463,-0.7805072712712163
346296.49868868943,4069655.781128622,-0.7806049400784059
346296.5342288591,4069655.7459591017,-0.7813469322377791
346296.5698163027,4069655.7108374024,-0.7826289389873887
346296.60537858296,4069655.675690226,-0.7840236288976368
346296.64090809686,4069655.6405099286,-0.7854960711090642
346296.6763963212,4069655.6052879835,-0.787047935439581
346296.7118337637,4069655.5700149494,-0.788684701302911
346296.7472098205,4069655.5346803553,-0.7904126508809993
346296.7825200161,4069655.4992799396,-0.7922948058595238
346296.81778567546,4069655.4638351537,-0.7941073377700548
346296.8530021288,4069655.428341479,-0.7953678357014902
346296.88815996906,4069655.392789747,-0.7959585146447896
346296.92324834946,4069655.3571694633,-0.7957726239952648
346296.9582551409,4069655.3214690024,-0.7946898366994276
346296.9931615604,4069655.2856704122,-0.7925652768675033
346297.0280404566,4069655.2498449814,-0.7897572102804686
346297.06299369416,4069655.2140920823,-0.7869006646632497
346297.09803285403,4069655.17842339,-0.7840488396531037
346297.13316966075,4069655.142850885,-0.7812185127309389
346297.1684176907,4069655.1073885914,-0.7784268442159384
346297.2037892257,4069655.0720494986,-0.7756764767748375
346297.2392743474,4069655.036824437,-0.7728585232265219
346297.2748357367,4069655.0016763764,-0.7702735221262903
346297.31048000866,4069654.9666123767,-0.7683490868703627
346297.3462155697,4069654.931641426,-0.7672264115900446
346297.38205219124,4069654.896774052,-0.7670531100915248
346297.4180016008,4069654.862022988,-0.7679981961212962
346297.4540779142,4069654.827403697,-0.7702592758633579
346297.49017761066,4069654.7928087367,-0.7735214157275627
346297.52621714445,4069654.7581511107,-0.7771125461412622
346297.5621786714,4069654.723412557,-0.7798237721848422
346297.59804109007,4069654.688571708,-0.7814186178326769
346297.63378052233,4069654.653604722,-0.7816938310801378
346297.66936927836,4069654.6184844067,-0.7804266282304915
346297.70477378566,4069654.5831783838,-0.777357930646496
346297.7400545656,4069654.5477486695,-0.7729105089476128
346297.7754560626,4069654.512439587,-0.7689149982064487
346297.81099583907,4069654.4772697045,-0.7655853368999659
346297.84669206286,4069654.4422586346,-0.7630586920593248
346297.8825637753,4069654.4074274045,-0.7614736288547097
346297.91863200313,4069654.372799726,-0.7609844052347963
346297.9548605544,4069654.3383397195,-0.7614936183745112
346297.9910933617,4069654.3038841877,-0.7622992095369983
346298.0273214021,4069654.2694236436,-0.7632308331184382
346298.0635355614,4069654.234948513,-0.7642704676138393
346298.0997266908,4069654.2004492083,-0.765413935184561
346298.1358845066,4069654.165914992,-0.766661802079308
346298.17199669953,4069654.1313330727,-0.7680148442825012
346298.20805929945,4069654.0966994367,-0.7693852611287534
346298.2440927687,4069654.0620354936,-0.7705264792846604
346298.28008999105,4069654.0273339115,-0.7713753264902108
346298.31604243646,4069653.992585943,-0.7718685757548299
346298.3519395271,4069653.9577807947,-0.7719284833250778
346298.38776862697,4069653.922905663,-0.7714614883389185
346298.42354504473,4069653.8879764797,-0.770496524143538
346298.4593428438,4069653.8530692095,-0.769349380761173
346298.49516608304,4069653.8181880484,-0.7682772302589503
346298.53101944964,4069653.7833378557,-0.7673863306170182
346298.5669087936,4069653.7485247157,-0.7667291480107676
346298.6028412601,4069653.7137560886,-0.7663723679392197
346298.63882476557,4069653.679040289,-0.7663939737393257
346298.67486396775,4069653.644382311,-0.7668651869450691
346298.71091003163,4069653.609731463,-0.7674893941565673
346298.74694719026,4069653.575071354,-0.7680240162978168
346298.78297096887,4069653.540397339,-0.7684279640617584
346298.81897449255,4069653.505702294,-0.7686582211084695
346298.85494935047,4069653.470977529,-0.7686643249006652
346298.89088548516,4069653.4362126943,-0.7683865698941881
346298.92679983965,4069653.4014253533,-0.7678970158706334
346298.9627266166,4069653.3666508417,-0.7675144089671627
346298.9986676851,4069653.3318911013,-0.7673252125816664
346299.03462514776,4069653.297148321,-0.7673737617776494
346299.0706011935,4069653.2624247833,-0.7677122726664363
346299.10659832845,4069653.2277231095,-0.7684010715577866
346299.142617029,4069653.1930438196,-0.7694987699810826
346299.17862236884,4069653.158350659,-0.7709077372606066
346299.21460075123,4069653.123629544,-0.7722818276397755
346299.2505454819,4069653.0888735927,-0.7733991188013036
346299.2864477398,4069653.054073771,-0.7741925493886218
346299.3222972944,4069653.0192196625,-0.7745936170979096
346299.3580822959,4069652.9842992853,-0.7745245126678281
346299.3937896139,4069652.949299485,-0.7739007458854681
346299.42948090355,4069652.914283321,-0.7729737960054953
346299.4651946716,4069652.879290084,-0.7720664645532289
346299.5009344327,4069652.8443233958,-0.7713613461292307
346299.5367043414,4069652.8093875493,-0.7709095259840814
346299.5725090053,4069652.774487324,-0.7707597807221189
346299.60835317645,4069652.739627678,-0.7709657081175015
346299.6442419924,4069652.7048139977,-0.7715883179226659
346299.68014551786,4069652.670015481,-0.7725070267618855
346299.7160306699,4069652.6351980176,-0.7733532326865082
346299.7518923692,4069652.6003563995,-0.7740261229680959
346299.78772504965,4069652.565484939,-0.7744912117243831
346299.82352220203,4069652.5305770105,-0.7747177795850405
346299.8592761169,4069652.4956248,-0.7746734121620854
346299.89498400525,4069652.4606255665,-0.7743495415223247
346299.93069272116,4069652.4256271725,-0.7739657976102667
346299.9664153767,4069652.390643007,-0.773657388155809
346300.00215290405,4069652.355674034,-0.7734679088328936
346300.0379052047,4069652.320720165,-0.7734188952243327
346300.0736714162,4069652.28578053,-0.7735323899059389
346300.10945033364,4069652.2508539064,-0.7738343574056146
346300.14524019754,4069652.2159384997,-0.7743503449505331
346300.18102669826,4069652.1810196456,-0.7750505422563342
346300.2168026463,4069652.1460899804,-0.7757094059310768
346300.2525636744,4069652.111145041,-0.7762204357927311
346300.2883042901,4069652.0761792245,-0.7765451882244585
346300.32401778497,4069652.041185709,-0.7766483482897889
346300.3596970133,4069652.006157257,-0.7764950224688998
346300.395334456,4069651.971086295,-0.776049315362006
346300.43097249925,4069651.9360159393,-0.775570578793118
346300.4666278488,4069651.900963179,-0.7751918547748818
346300.5023023261,4069651.8659298862,-0.7749414491545138
346300.5379966054,4069651.8309167693,-0.7748403139294591
346300.57371087855,4069651.795924047,-0.7749116064518886
346300.60944521264,4069651.760951811,-0.7751804966129137
346300.6451842103,4069651.72598434,-0.7756055071031523
346300.6809180153,4069651.6910115625,-0.7761230336855124
346300.7166436705,4069651.65603046,-0.7766629400645014
346300.7523575403,4069651.6210373254,-0.7772125534591972
346300.7880549354,4069651.5860273857,-0.777759213454769
346300.8237306145,4069651.5509953178,-0.7782916453163532
346300.8593785967,4069651.515935068,-0.7787981507571843
346300.89500260825,4069651.4808504595,-0.7793119511775755
346300.93061450886,4069651.445753558,-0.7798389765281434
346300.966212681,4069651.410642732,-0.7803426019525705
346301.00179508625,4069651.3755159276,-0.7808142381439335
346301.03735882894,4069651.3403702285,-0.7812418549455267
346301.0729003865,4069651.3052020953,-0.7816112678277412
346301.1084159881,4069651.270007751,-0.7819113087140243
346301.14391658216,4069651.2347982666,-0.7821999207422093
346301.1794087562,4069651.199580294,-0.7825889871832
346301.21489197266,4069651.164353297,-0.7832928769001651
346301.25036591507,4069651.129116961,-0.7843717811318864
346301.28583008435,4069651.0938707883,-0.7858888630341434
346301.32128304336,4069651.05861334,-0.7879114985220711
346301.3567227401,4069651.023342561,-0.790511763780499
346301.39213147963,4069650.9880407136,-0.7937003564388545
346301.4274620808,4069650.9526606672,-0.7969853078157341
346301.4627029695,4069650.9171912707,-0.7998741030773284
346301.4978399046,4069650.881618907,-0.8022607185595952
346301.53285665996,4069650.845928252,-0.8040517026157926
346301.5677352125,4069650.810102549,-0.8051484953665019
346301.60245540406,4069650.774123374,-0.8054478709017375
346301.6370807685,4069650.73805283,-0.8052168962920534
346301.6717061387,4069650.7019822914,-0.804912452076261
346301.70633584255,4069650.665915914,-0.8047295053652695
346301.7409738644,4069650.6298575248,-0.8047269259094997
346301.77562384354,4069650.593810626,-0.8049453136736897
346301.8102884762,4069650.5577778183,-0.8054258364662803
346301.84496982757,4069650.521761103,-0.806212012045573
346301.8796618636,4069650.485754679,-0.8073168875462722
346301.91432975227,4069650.4497250067,-0.8085537187796218
346301.9489662763,4069650.413665183,-0.80965916609557
346301.98356647155,4069650.3775705,-0.8105911320048187
346302.0181240783,4069650.341435042,-0.8113178603460899
346302.0526316561,4069650.305251807,-0.8118083875493528
346302.0870805852,4069650.26901273,-0.8120283468653741
346302.1214786354,4069650.2327253474,-0.8120167965094304
346302.1558767338,4069650.1964380103,-0.8120114915720342
346302.19027654565,4069650.1601522975,-0.8120746817976583
346302.2246786152,4069650.1238687257,-0.8122314558755097
346302.2590822608,4069650.087586648,-0.8124943576602094
346302.29348643747,4069650.0513050733,-0.8128781317636532
346302.32788965484,4069650.01502259,-0.8133987921547042
346302.3622888365,4069649.97873628,-0.8140722383582092
346302.39667410287,4069649.942436784,-0.8148925932438149
346302.43104095384,4069649.906119853,-0.8157537365713056
346302.46538610663,4069649.869782401,-0.8165561001340049
346302.49970525963,4069649.833420393,-0.8172833276953201
346302.53399338986,4069649.7970291316,-0.8179242752011014
346302.5682439099,4069649.7606024724,-0.8184649944112768
346302.6024483943,4069649.724132585,-0.8188880389276081
346302.63662667305,4069649.68763813,-0.8193010021877563
346302.67079717136,4069649.65113639,-0.8197720475192484
346302.70495820453,4069649.6146257916,-0.820212601933845
346302.7391071284,4069649.5781038674,-0.8206096640896556
346302.77324044734,4069649.5415673587,-0.820951170500715
346302.80735361273,4069649.505012033,-0.8212227240902688
346302.84144147724,4069649.4684331133,-0.8214113055603983
346302.8755080041,4069649.431834319,-0.8215529877908978
346302.9095727612,4069649.3952338775,-0.8218128954428738
346302.9436350825,4069649.358631169,-0.8222266413821597
346302.97769410774,4069649.3220253936,-0.8228308154408256
346303.011748477,4069649.2854152867,-0.8236472848825555
346303.04579589114,4069649.2487987117,-0.824701701459903
346303.07983183506,4069649.212171476,-0.8260161445655898
346303.11383810424,4069649.1755166887,-0.8275312207451619
346303.1478076715,4069649.1388278855,-0.8289423031537954
346303.1817315647,4069649.1020968477,-0.8301161877862803
346303.2156037102,4069649.065318088,-0.8310052497050022
346303.2494160154,4069649.028484313,-0.8315599549449668
346303.283158999,4069648.9915870274,-0.831725398509439
346303.3168283128,4069648.954622498,-0.8314671688629091
346303.3504872568,4069648.917648514,-0.8310402261663544
346303.38415437413,4069648.880681972,-0.8305254516532659
346303.4178331748,4069648.843726075,-0.830073694311048
346303.4515266088,4069648.8067835188,-0.8297551877577769
346303.4852374974,4069648.76985689,-0.8295966690585541
346303.5189689861,4069648.7329490785,-0.8296289175352799
346303.55272449856,4069648.6960632377,-0.8298887713242
346303.58650665346,4069648.6592017957,-0.8304137238579028
346303.62028476724,4069648.62233665,-0.8311043580191692
346303.65404718654,4069648.58545713,-0.8317983322849918
346303.6877913173,4069648.548560876,-0.8324349427802034
346303.72151344,4069648.511644507,-0.8329993120136844
346303.7552087461,4069648.4747036607,-0.8334765210686422
346303.78887153475,4069648.4377331804,-0.833850517612793
346303.82249465934,4069648.400726624,-0.8341015464000037
346303.85610318714,4069648.3637068067,-0.8343493006173297
346303.88970681204,4069648.326682539,-0.8346670578487694
346303.9233045805,4069648.289652957,-0.8350859650887714
346303.95689499844,4069648.2526167072,-0.8356156358484996
346303.9904759503,4069648.2155718743,-0.836266685702391
346304.0240447392,4069648.178516019,-0.8370500706991767
346304.057598237,4069648.141446318,-0.8379783642817398
346304.0911303919,4069648.1043573106,-0.8390559414793066
346304.12463379605,4069648.0672423304,-0.8402440246944448
346304.1581050417,4069648.0300983475,-0.8413889914253858
346304.19153960224,4069647.992921341,-0.8424673920467081
346304.22493228863,4069647.9557067202,-0.8434646819188839
346304.2582770892,4069647.918449188,-0.8443664226164991
346304.29156698583,4069647.88114259,-0.845157876508707
346304.3248036639,4069647.8437885656,-0.8458713257210165
346304.35801946,4069647.8064159714,-0.8466190620221944
346304.3912135598,4069647.7690241057,-0.847237882063591
346304.4243839276,4069647.731611186,-0.8476933232396928
346304.45752779354,4069647.694174787,-0.8479571248865221
346304.490641464,4069647.656711676,-0.8479980096883077
346304.52371885965,4069647.619216534,-0.8477750204573415
346304.5567662469,4069647.5816949382,-0.8472975009161976
346304.5898228133,4069647.5441814284,-0.8467178628507606
346304.62289275636,4069647.5066797114,-0.8460974168196091
346304.65597959544,4069647.4691929,-0.8456340791853545
346304.68908671296,4069647.4317239975,-0.8453835477970542
346304.72221736616,4069647.394275904,-0.8453844648388517
346304.7553751293,4069647.3568518125,-0.8456811656657188
346304.78856316605,4069647.3194545656,-0.8463322114241644
346304.8217729682,4069647.2820766447,-0.8473366765702643
346304.85496203747,4069647.244680315,-0.848334954577994
346304.88812292495,4069647.207258993,-0.8491437629948726
346304.92125039734,4069647.169808088,-0.8497169845184219
346304.954337983,4069647.1323219384,-0.8500097235597152
346304.9873754823,4069647.09479164,-0.8499560343065672
346305.02035521506,4069647.057210575,-0.8495092538698734
346305.0533197731,4069647.019616189,-0.8488315586762256
346305.0863009202,4069646.982036356,-0.8480797261986811
346305.11930218665,4069646.94447419,-0.8474888104417632
346305.1523272058,4069646.906932906,-0.8471484147626268
346305.1853808992,4069646.869416866,-0.8471175616330475
346305.2184659138,4069646.8319284464,-0.8474474331249074
346305.2515857938,4069646.7944708276,-0.8481930952557242
346305.28473700286,4069646.757040931,-0.8493892917665244
346305.3178693347,4069646.7195943235,-0.850828931833876
346305.35096799245,4069646.6821179497,-0.8521533347257643
346305.38402496255,4069646.644604799,-0.8532486347946616
346305.4170314343,4069646.607047212,-0.8540640013731219
346305.4499784576,4069646.5694374684,-0.854553750820586
346305.4828548067,4069646.531765937,-0.854664014478188
346305.51565954485,4069646.4940320197,-0.8543853667229916
346305.5484607329,4069646.4562950083,-0.8539998237415657
346305.5812731931,4069646.4185677976,-0.8535454062370962
346305.6140988685,4069646.3808520846,-0.8530029540837194
346305.64693911583,4069646.3431490595,-0.8523628139926347
346305.67979506066,4069646.3054597126,-0.8516160903690962
346305.71266747103,4069646.2677847263,-0.8507520794459754
346305.7455571379,4069646.2301248037,-0.8497594224026916
346305.77847315697,4069646.1924879136,-0.8486867300079123
346305.81142245635,4069646.154880156,-0.847692534877021
346305.84440842987,4069646.117304562,-0.8468254384107914
346305.87743416685,4069646.079763913,-0.8461136051778062
346305.9105028309,4069646.0422610724,-0.8455872537044167
346305.94361773215,4069646.0047990545,-0.8452813013555542
346305.9767762503,4069645.9673756333,-0.8452095790221926
346306.0099483728,4069645.9299642676,-0.845230548563126
346306.0431278896,4069645.89255946,-0.8450865415010153
346306.0763118298,4069645.855158576,-0.8446936746650572
346306.10949657887,4069645.81775841,-0.8439996294071553
346306.1426775941,4069645.780354931,-0.8429460950113108
346306.17584944784,4069645.7429433274,-0.8414651650683668
346306.2090157662,4069645.7055268195,-0.8395209018756428
346306.2422295326,4069645.6681524296,-0.8373639823549286
346306.2755044684,4069645.630832493,-0.8354927059089389
346306.3088482098,4069645.593574021,-0.8340638340775381
346306.3422692078,4069645.5563848373,-0.8331664001833986
346306.37577716785,4069645.519273994,-0.832896612250645
346306.4093831074,4069645.4822518607,-0.8333656609170879
346306.44308023935,4069645.4453126895,-0.8346193032679982
346306.4767687567,4069645.408365651,-0.8359987055634075
346306.51042553445,4069645.3713896996,-0.8370638865195772
346306.54404009157,4069645.3343753642,-0.837721626866295
346306.5776007421,4069645.2973121493,-0.837891248232114
346306.61109370453,4069645.2601877614,-0.837484122234176
346306.6445028119,4069645.2229879014,-0.8363975820298614
346306.6778829103,4069645.1857619877,-0.8348385211221607
346306.71130637504,4069645.1485750074,-0.8332317504556683
346306.74477937416,4069645.11143261,-0.8316498440082009
346306.77830800536,4069645.074340426,-0.830113258006103
346306.81189830235,4069645.037304078,-0.8286387601958358
346306.84555715206,4069645.000330024,-0.827246231124999
346306.87928951357,4069644.963423021,-0.825947595946298
346306.9130704816,4069644.9265604946,-0.8246667314634919
346306.946894215,4069644.8897372046,-0.8234580692440775
346306.9807628642,4069644.852955223,-0.8223388387482313
346307.01467878534,4069644.8162168255,-0.8213262752038163
346307.04864443635,4069644.7795244,-0.8204369188011109
346307.08266225975,4069644.7428803393,-0.819684187834593
346307.1167253189,4069644.706278319,-0.819038046565653
346307.1508143698,4069644.6697005047,-0.818406576114001
346307.1849282283,4069644.633145826,-0.8177352109562787
346307.21906549385,4069644.596613005,-0.8169972792038585
346307.25322503806,4069644.5601010146,-0.8161749319707465
346307.28740644123,4069644.523609487,-0.8152539129485087
346307.3216099171,4069644.487138647,-0.8142237656046056
346307.3558371405,4069644.4506900944,-0.8130820244914101
346307.39009842864,4069644.414273562,-0.8119550270884128
346307.4243978742,4069644.3778929673,-0.8111837732461046
346307.458738122,4069644.3415508843,-0.8108495490448036
346307.49312178715,4069644.3052498773,-0.811023101882969
346307.5275512774,4069644.2689923295,-0.8117846831013001
346307.56202865904,4069644.2327803187,-0.813224008092005
346307.5965352423,4069644.19659613,-0.8152564115594017
346307.6309986028,4069644.1603707736,-0.8170461708280609
346307.6654066514,4069644.124092881,-0.8183764896220962
346307.699746665,4069644.0877505876,-0.8191477251687544
346307.7340033458,4069644.0513297417,-0.8192531040802611
346307.76815888996,4069644.0148140457,-0.8185701496948927
346307.8022148107,4069643.978205398,-0.8170527142298525
346307.836289988,4069643.941614663,-0.8154514699478949
346307.87041268044,4069643.905068237,-0.8140351837038383
346307.90459060285,4069643.8685734575,-0.8128647447724197
346307.9388319173,4069643.8321381514,-0.8119948928549257
346307.9731458722,4069643.7957712505,-0.8114880500635681
346308.00754324865,4069643.7594832447,-0.8114197270347384
346308.0419693544,4069643.7232224774,-0.8115427470643432
346308.07639925834,4069643.6869653165,-0.8117215956049615
346308.1108298154,4069643.650708776,-0.8119522481759704
346308.1452573869,4069643.6144494005,-0.8122358369037005
346308.1796776265,4069643.578183065,-0.8125748816120145
346308.2140848599,4069643.5419043903,-0.8129711662465144
346308.24848199874,4069643.505616144,-0.813422094915769
346308.28287233575,4069643.469321451,-0.81376726794721
346308.3172520897,4069643.433016734,-0.8139551556429375
346308.35161730746,4069643.3966982574,-0.813954500590892
346308.38596306357,4069643.3603613763,-0.8137314173825445
346308.4202832814,4069643.3240003744,-0.8132504879420339
346308.4545814859,4069643.2876186054,-0.8125615558834215
346308.4888977954,4069643.2512539136,-0.8119937548355749
346308.5232384048,4069643.2149121687,-0.8116172443727792
346308.5576059269,4069643.178595874,-0.8114723601359722
346308.59200283757,4069643.1423074137,-0.8115988641372317
346308.6264307872,4069643.1060484,-0.8120344098595833
346308.66088146594,4069643.069810979,-0.8127850660066591
346308.6953200773,4069643.0335620893,-0.8136065287979628
346308.7297405068,4069642.997295935,-0.8142402557373326
346308.7641369317,4069642.961007014,-0.8146371196401965
346308.79850317613,4069642.924689511,-0.8147617315115445
346308.8328327054,4069642.8883373016,-0.8145759747512612
346308.8671162002,4069642.851941676,-0.814039138772205
346308.90137491643,4069642.8155227215,-0.8131774558270576
346308.9356593578,4069642.779127984,-0.8121135492214651
346308.96997199487,4069642.742759828,-0.8108235417371357
346309.0043142011,4069642.7064195923,-0.8092517689926766
346309.0386877851,4069642.670109035,-0.8073543068142184
346309.07309235685,4069642.633827838,-0.8050703675397824
346309.1075426161,4069642.59759003,-0.8027533352340245
346309.14206098474,4069642.5614170963,-0.8008443206329224
346309.17665665294,4069642.525318086,-0.7994661835808327
346309.2113432333,4069642.489306427,-0.7987396227826713
346309.24613164697,4069642.4533931436,-0.7987867517293837
346309.2810345055,4069642.417591088,-0.7997524876761001
346309.3159855831,4069642.381836059,-0.8013118801324549
346309.3509114022,4069642.346056358,-0.8028366723778325
346309.3857983824,4069642.3102387893,-0.8042514599090158
346309.42063424736,4069642.2743715094,-0.8055223176286794
346309.45540373476,4069642.2384398854,-0.8066142754303928
346309.49008812226,4069642.202426115,-0.8074838719038134
346309.5246963741,4069642.166339152,-0.8080105437931219
346309.55929379194,4069642.130241803,-0.8083106694855965
346309.5938767306,4069642.0941305812,-0.8083606617418885
346309.6284397388,4069642.0580002842,-0.8081145908281202
346309.6629751156,4069642.0218435763,-0.8075023031013391
346309.69747367705,4069641.9856517417,-0.8064675688721844
346309.73197163857,4069641.949459333,-0.8052985140685216
346309.7665065834,4069641.913302213,-0.8041985046313165
346309.80108153954,4069641.877183353,-0.8031914675773373
346309.8357012244,4069641.8411073643,-0.8023105623861628
346309.8703733618,4069641.8050817857,-0.801611378613666
346309.9051007494,4069641.769109461,-0.8011482112928282
346309.9398532514,4069641.7331613936,-0.8007485678680278
346309.9746252991,4069641.6972322324,-0.8003442441170356
346310.00941680867,4069641.6613219166,-0.7999338116218784
346310.0442252595,4069641.6254280214,-0.7995074316158794
346310.07904616743,4069641.58954621,-0.7990518312997045
346310.11387071694,4069641.553667933,-0.7985142071571272
346310.14870859764,4069641.517802602,-0.7979091961304929
346310.1835677578,4069641.4819579534,-0.797270820346079
346310.2184476634,4069641.446133491,-0.7965916251129083
346310.2533480069,4069641.410328939,-0.7958821391572071
346310.288267201,4069641.374542771,-0.7951450491044167
346310.3232082287,4069641.3387779216,-0.794571319893464
346310.3581768331,4069641.303040035,-0.7943050881673254
346310.3931734074,4069641.2673295373,-0.7944103205378998
346310.4281994735,4069641.2316479655,-0.7949835301777926
346310.46325225773,4069641.195992641,-0.7960790326926946
346310.4983296858,4069641.16036156,-0.7976045779502281
346310.53339178284,4069641.1247153943,-0.7988092888427649
346310.5684139629,4069641.089030013,-0.7994730306272024
346310.6033837875,4069641.053293327,-0.7994377405976004
346310.6382816301,4069641.017486352,-0.7985662523595487
346310.67309336446,4069640.981595667,-0.7966858240876279
346310.7078383003,4069640.9456402953,-0.7940550983373332
346310.7426454552,4069640.9097451577,-0.7916639422417434
346310.7775313557,4069640.873926551,-0.7896717928092241
346310.8125166236,4069640.838205002,-0.7882189027606455
346310.8476106151,4069640.8025902724,-0.7874201234246496
346310.8828363572,4069640.7671058667,-0.7873998612954425
346310.91815286473,4069640.7317117387,-0.7877748225504166
346310.9534687332,4069640.6963169733,-0.7880884867978359
346310.98877581616,4069640.660913444,-0.788281645050525
346311.0240651298,4069640.6254922044,-0.788318010210971
346311.05932210316,4069640.590038777,-0.7881428787948305
346311.09454346285,4069640.554549966,-0.787690989864621
346311.1297758244,4069640.519072077,-0.787059144620331
346311.1650257042,4069640.4836115926,-0.7862382873020658
346311.2002930809,4069640.4481685106,-0.7852054257276371
346311.2355764198,4069640.4127413183,-0.7838900083701899
346311.27087299514,4069640.377327313,-0.7823644369380099
346311.30619353836,4069640.3419372183,-0.7811301472958732
346311.34156215086,4069640.3065951653,-0.7804332801172675
346311.37698835204,4069640.2713108403,-0.7804291411665129
346311.41247704916,4069640.236089377,-0.7812763606336743
346311.4480420232,4069640.200944941,-0.783159331985881
346311.4836636008,4069640.165857866,-0.7855279680248745
346311.5192420295,4069640.1307270424,-0.7876295674468248
346311.5547521258,4069640.09552716,-0.7892882405355259
346311.5901714746,4069640.060235975,-0.7903759830416568
346311.62547113356,4069640.024825094,-0.7907546854422349
346311.6606251373,4069639.989269626,-0.7902794360487022
346311.6957390282,4069639.9536744775,-0.789397968965861
346311.73087466,4069639.9181007897,-0.7883803935782466
346311.7660376734,4069639.882554168,-0.7872452545652393
346311.80123235856,4069639.8470389047,-0.7859874686312325
346311.8364594346,4069639.8115557693,-0.7846167466169499
346311.8717242727,4069639.7761101644,-0.7832708796130562
346311.90703046694,4069639.7407057546,-0.781958862606277
346311.94238415343,4069639.705348769,-0.7807019635589572
346311.977789759,4069639.670043777,-0.7795010582808575
346312.01325282484,4069639.634796504,-0.7783576943559668
346312.0487717861,4069639.5996055515,-0.7775452672736322
346312.08432142617,4069639.56444559,-0.7773167976002638
346312.11990485666,4069639.5293198265,-0.7778263664484608
346312.1555235665,4069639.494229839,-0.7792162102073004
346312.19118202105,4069639.4591802415,-0.7817192701475585
346312.226885419,4069639.4241764285,-0.7847283208012652
346312.2625718302,4069639.389155311,-0.787367674518118
346312.2981631459,4069639.3540375642,-0.7891328375225638
346312.33363077644,4069639.3187949304,-0.7897876787522925
346312.3689457557,4069639.2833993584,-0.7891473904929086
346312.404061251,4069639.24780591,-0.7875732077710631
346312.4391212005,4069639.212157641,-0.7858712455621201
346312.4742527205,4069639.176579907,-0.7847461631025194
346312.50947991223,4069639.141096912,-0.7844415290706284
346312.5448212055,4069639.105727581,-0.7852012017915345
346312.5802863538,4069639.0704824124,-0.7864571145580259
346312.6157469156,4069639.035232613,-0.7871174178470677
346312.6511704895,4069638.9999456457,-0.7868093622083415
346312.68653493864,4069638.964599431,-0.7852436152414939
346312.72181775013,4069638.929171741,-0.7824042879852702
346312.75698551984,4069638.8936298667,-0.7792020461935598
346312.7921784984,4069638.8581129513,-0.7765652918324493
346312.82750575384,4069638.8227296155,-0.7752027408378624
346312.8630052164,4069638.78751908,-0.7755445356395101
346312.8987139937,4069638.7525209063,-0.7780867295585382
346312.9346091998,4069638.7177138445,-0.7818678506806527
346312.9704573176,4069638.6828582687,-0.784964896591848
346313.00620151986,4069638.6478961622,-0.7869087494669081
346313.0418027313,4069638.612788501,-0.7873396479878008
346313.07721089973,4069638.5774861886,-0.785977734340887
346313.1123569728,4069638.541923025,-0.7833967050988961
346313.1474394243,4069638.5062969225,-0.7808601339544313
346313.1826413569,4069638.47078889,-0.77940673925103
346313.21798824106,4069638.4354251577,-0.7794497237516563
346313.25351537624,4069638.400242542,-0.7810503585387031
346313.28923067666,4069638.3652509362,-0.7833662814505429
346313.32493682107,4069638.330249935,-0.7853442325832538
346313.3605569059,4069638.2951613674,-0.7864632850210276
346313.3960551001,4069638.259949512,-0.7863957728203745
346313.43137612066,4069638.2245599916,-0.7848408485917512
346313.4665462925,4069638.189020465,-0.7826082260017817
346313.5017639496,4069638.15352799,-0.7807937153933371
346313.53705598635,4069638.1181094837,-0.77964776664734
346313.57244924887,4069638.082792146,-0.7793858354309492
346313.60797488736,4069638.047607985,-0.7799266913496227
346313.64364104124,4069638.0125662372,-0.7809804725141551
346313.67929162784,4069637.977508637,-0.7817899180224436
346313.71488896344,4069637.9423969723,-0.7821193508856933
346313.75041626656,4069637.907214456,-0.7818896820054222
346313.7858551492,4069637.8719428866,-0.781152453490193
346313.821257499,4069637.836634624,-0.7801776681606908
346313.85669567855,4069637.8013623245,-0.7793160262571076
346313.8921782998,4069637.7661347333,-0.7786360027859957
346313.92771149846,4069637.7309581595,-0.7781116611663433
346313.96329346014,4069637.6958309077,-0.7776749154990658
346313.9988936564,4069637.660722134,-0.7771733111894543
346314.0345045417,4069637.625624202,-0.7765491330526503
346314.0701233482,4069637.5905343085,-0.775776875746977
346314.10574739805,4069637.555449738,-0.7751363440088723
346314.14138936595,4069637.5203833734,-0.7749616881609853
346314.17706228606,4069637.485348497,-0.7754286503603796
346314.21276870073,4069637.4503477584,-0.7766936385037608
346314.24851213145,4069637.415384823,-0.7787708549326988
346314.28429477644,4069637.380462022,-0.7811008382946818
346314.3200519397,4069637.345513139,-0.7833031448197754
346314.35572547227,4069637.3104789043,-0.7850948419201774
346314.3912929558,4069637.2753370274,-0.7862807560950504
346314.4267237685,4069637.240057391,-0.7864736532690684
346314.4620195927,4069637.204642652,-0.7855864057890923
346314.49730771675,4069637.169220226,-0.7841186881424977
346314.53260139807,4069637.1338033364,-0.7820738372489453
346314.567900854,4069637.0983922025,-0.7795610168910827
346314.60322417004,4069637.06300488,-0.7770870606899924
346314.63862522464,4069637.0276953364,-0.7749621916135748
346314.67412108503,4069636.9924811074,-0.7733429757438138
346314.7097261956,4069636.9573773528,-0.7722665021217191
346314.7454580954,4069636.922402675,-0.7717549043213617
346314.78129256255,4069636.8875330472,-0.7717305087937218
346314.81713682396,4069636.8526734873,-0.7718132334267037
346314.85298132565,4069636.817814174,-0.7719066537812097
346314.8888120678,4069636.78294072,-0.7718396238444546
346314.9246372048,4069636.7480615065,-0.7716340912554067
346314.9604700975,4069636.7131902603,-0.7713561072951526
346314.996304304,4069636.6783203646,-0.7710362488839362
346315.03213007835,4069636.643441806,-0.7709124138413143
346315.06795491645,4069636.6085622865,-0.7711713975738266
346315.10380144755,4069636.573705062,-0.7720710779954778
346315.139671093,4069636.5388716236,-0.7738217684789221
346315.17556289356,4069636.5040610135,-0.7757220169233668
346315.211464414,4069636.4692604286,-0.7772078518339216
346315.2473139297,4069636.4344062856,-0.7778666298552653
346315.2830802885,4069636.3994668284,-0.7774250046271556
346315.3187310192,4069636.3644094192,-0.7763220901018554
346315.3542232962,4069636.3291916247,-0.7747408121405538
346315.389714207,4069636.2939724023,-0.7735716071443083
346315.4253086366,4069636.2588578183,-0.7735303354983832
346315.4610292262,4069636.223871592,-0.7746310486861069
346315.4969001361,4069636.189039504,-0.7763432841372254
346315.5327893688,4069636.154226251,-0.7780686859561495
346315.5686194747,4069636.1193521568,-0.7794731764970769
346315.60435202403,4069636.0843781335,-0.7801343922691623
346315.63994262245,4069636.049259704,-0.7796179383448625
346315.6754186937,4069636.014025514,-0.7779349549145647
346315.71092310036,4069635.9788198755,-0.7756785009038584
346315.74644987215,4069635.9436368053,-0.7735140227841413
346315.7819883987,4069635.908465608,-0.7717819812340592
346315.8175901599,4069635.8733584494,-0.771000951270683
346315.8533024452,4069635.838363735,-0.7717541538461651
346315.88914531283,4069635.803502796,-0.7732529647038234
346315.92512936046,4069635.7687875885,-0.7747528809199201
346315.961109026,4069635.7340678107,-0.7754039165461013
346315.9970063657,4069635.6992629427,-0.7748152617058499
346316.0327617311,4069635.6643122947,-0.773677175127253
346316.0682983947,4069635.6291393903,-0.772005439237534
346316.1038180374,4069635.5939491685,-0.7709669409892647
346316.13948818395,4069635.5589115415,-0.7708857706969504
346316.17534124793,4069635.52406114,-0.7716307261086749
346316.21137486835,4069635.48939738,-0.7732120194093913
346316.2473741137,4069635.454697911,-0.7746668908642762
346316.28326771216,4069635.4198891995,-0.7753164502916536
346316.3189989222,4069635.3849138585,-0.7747049388706233
346316.3546755779,4069635.349882784,-0.7731796488530082
346316.3903634306,4069635.3148631155,-0.7710796334590122
346316.42605732137,4069635.2798496014,-0.7692979790524285
346316.46175370365,4069635.2448386303,-0.7682285563015161
346316.4975202657,4069635.2098993757,-0.7683922684122418
346316.5333934604,4069635.175069629,-0.7689072879239128
346316.56939919665,4069635.1403769385,-0.7693946549300575
346316.605531719,4069635.1058162763,-0.7696155041945834
346316.6415943499,4069635.071182713,-0.7690694251116336
346316.6775067799,4069635.03639347,-0.7680365934163147
346316.7132253595,4069635.0014052093,-0.7665284469155441
346316.74898687884,4069634.9664608096,-0.7658556920964861
346316.7848913112,4069634.9316633,-0.7662218554527667
346316.8209808663,4069634.897057876,-0.7678393752549407
346316.85716515774,4069634.8625514014,-0.7704915091356213
346316.8932978325,4069634.827990891,-0.7732776692126824
346316.9293367658,4069634.793332666,-0.7757961087358943
346316.96522986045,4069634.758523441,-0.7778856362403528
346317.0010463437,4069634.7236353504,-0.7795179963378546
346317.03678459086,4069634.688667134,-0.780112888433258
346317.0724037456,4069634.6535776416,-0.7792509788856402
346317.1079521698,4069634.61841645,-0.7769465408072197
346317.1434662934,4069634.5832206164,-0.7738337307327562
346317.17892496363,4069634.547968925,-0.7699710689881456
346317.2144031052,4069634.512736859,-0.7656527129141435
346317.2500277802,4069634.477652998,-0.7619897075041482
346317.28584394197,4069634.442764687,-0.7597701809729589
346317.32189085084,4069634.4081148314,-0.7594686184397162
346317.3580648898,4069634.373597631,-0.7598050145947264
346317.3943390899,4069634.3391857096,-0.7603229870689643
346317.4307230277,4069634.304889836,-0.7609978898834597
346317.46710304334,4069634.2705897903,-0.7615897611713145
346317.5033649718,4069634.2361649736,-0.7617497683299964
346317.5394535963,4069634.201558502,-0.7613334266071325
346317.5755509322,4069634.166961078,-0.7609222842789962
346317.6117160387,4069634.1324345088,-0.7607898036804146
346317.64795910224,4069634.0979897785,-0.7611260668194542
346317.6842179932,4069634.063561697,-0.7617159647516238
346317.7204515855,4069634.029106995,-0.7624963581132795
346317.7566328487,4069633.994597347,-0.7634791445740566
346317.7928153689,4069633.960089012,-0.7640957318517937
346317.82900488056,4069633.9255880085,-0.7640604753300939
346317.8651732703,4069633.8910648664,-0.7633159084504133
346317.90130731,4069633.8565057744,-0.7626034484267208
346317.93737708457,4069633.8218796304,-0.7622181214899362
346317.9733520025,4069633.787154937,-0.7619799442074636
346318.00941059494,4069633.7525171717,-0.7622051801632919
346318.0456144697,4069633.7180313086,-0.7633288537850597
346318.08194441895,4069633.6836782307,-0.7652488739356219
346318.118225501,4069633.649273559,-0.7672243726466919
346318.1543716308,4069633.6147271967,-0.7689856861616047
346318.1903945317,4069633.580052269,-0.7702068009554655
346318.22640122613,4069633.545360515,-0.7714199597124379
346318.26236195024,4069633.510621118,-0.77247101560681
346318.29828500614,4069633.4758427646,-0.7731364298652187
346318.3341551437,4069633.441009847,-0.7734398846048474
346318.3699365804,4069633.4060858143,-0.773435401808123
346318.4057104241,4069633.3711539935,-0.7737830189426471
346318.4414637337,4069633.336201161,-0.7736332680883429
346318.4772064571,4069633.3012375045,-0.7719095180308279
346318.5129946268,4069633.266320365,-0.7688370887142483
346318.54880527995,4069633.231426281,-0.7663220070463104
346318.58459105354,4069633.196506689,-0.7651754510651664
346318.6202880474,4069633.1614963827,-0.7638810984295532
346318.65607813676,4069633.126581403,-0.7624601495320974
346318.69219755544,4069633.0920074163,-0.7622003167847234
346318.728637854,4069633.0577714713,-0.7634290371156072
346318.76496485487,4069633.023415399,-0.7642538961557552
346318.8009748445,4069632.988727402,-0.7630522205069497
346318.83694427833,4069632.953997052,-0.7611570587981328
346318.8730322071,4069632.919389835,-0.7598730185487873
346318.9091930169,4069632.884858754,-0.7594013203136435
346318.9453637377,4069632.850338053,-0.7585078953215802
346318.9815247199,4069632.815807171,-0.7569371917751282
346319.01780604996,4069632.781402776,-0.7567232070817713
346319.05417559977,4069632.747091619,-0.7589735432425622
346319.0905224581,4069632.712756435,-0.7614130853856914
346319.1267720103,4069632.678318542,-0.7625981715843958
346319.1631317954,4069632.6439971067,-0.7629005536408044
346319.1996239065,4069632.609816346,-0.7621745995964819
346319.23593454115,4069632.5754431086,-0.7610848909406128
346319.2718101368,4069632.540616365,-0.7596793354285616
346319.3076484386,4069632.5057507483,-0.757072415062407
346319.34366590506,4069632.471070292,-0.7547496350324641
346319.37997282075,4069632.4366931855,-0.7555005240234851
346319.41662444215,4069632.40268368,-0.7590768720075262
346319.4531629294,4069632.368552805,-0.762814944130683
346319.4893346,4069632.334033252,-0.7643244067622038
346319.52572675387,4069632.299746341,-0.7658166008827441
346319.56222096353,4069632.265567931,-0.7667288203924564
346319.59833889775,4069632.2309927023,-0.7657897012963679
346319.63422138366,4069632.196172506,-0.7636287035732283
346319.66998360696,4069632.1612288193,-0.7578175155889625
346319.7058657265,4069632.126408299,-0.7557994208426296
346319.74194970046,4069632.091797085,-0.7569117766225656
346319.77826260834,4069632.057426061,-0.7546177443434481
346319.81459519913,4069632.0230758246,-0.7566856259018154
346319.8509389566,4069631.9887382137,-0.7548780961715453
346319.88793606625,4069631.955105418,-0.7530753021137467
346319.92419240327,4069631.92068181,-0.7526611542254402
346319.9600087087,4069631.8857964263,-0.7490146767662891
346319.99682719115,4069631.8519684277,-0.7509000822904208
346320.03267976723,4069631.8171235877,-0.7491637832792881
346320.06942718313,4069631.783234638,-0.7574333584492615
346320.10678165563,4069631.7500079237,-0.7634951220326355
346320.14311176736,4069631.7156553743,-0.7641187252657357
346320.17971886095,4069631.6815978265,-0.7665501088430111
346320.216092897,4069631.6472916114,-0.7602329989318193
346320.2523474321,4069631.612862245,-0.7578159964618278
346320.2872630057,4069631.5770741976,-0.748461891860764
346320.32340859174,4069631.5425361563,-0.7365554148257287
346320.3596666125,4069631.5081125265,-0.7269355258018538
346320.3957521983,4069631.4735050937,-0.7160417705470817
346320.43348421884,4069631.4407128706,-0.7448002507223312
346320.4701855177,4069631.4067739043,-0.7396935163694421
346320.50712613727,4069631.3730827584,-0.6928386596897907
346320.54564236506,4069631.3412697897,-0.6984281913183222
346320.57873889443,4069631.313465174,-0.6984281913183222
