346284.4933739393,4069663.288076346,-0.8148784599618506,0.00000000
346284.5276717811,4069663.251694234,-0.8148784585479764,0.00000000
346284.5619696228,4069663.2153121224,-0.8148784579407943,0.00000000
346284.59626746475,4069663.178930011,-0.8148784594584315,0.00000000
346284.6305653067,4069663.1425478994,-0.8148784599366797,0.00000000
346284.6648631484,4069663.1061657877,-0.8148784584125957,0.00000000
346284.6991609902,4069663.069783676,-0.8148784579340252,0.00000000
346284.73345883214,4069663.0334015647,-0.814878459458093,0.00000000
346284.7677566741,4069662.997019453,-0.8148784599366627,0.00000000
346284.8020545158,4069662.9606373413,-0.8148784599605913,0.00000000
346284.8363523576,4069662.9242552295,-0.8148784585479134,0.00000000
346284.87065019953,4069662.8878731183,-0.8148784594887875,0.00000000
346284.9049480415,4069662.8514910066,-0.8148784599381975,0.00000000
346284.9392458832,4069662.815108895,-0.814878459960668,0.00000000
346284.973543725,4069662.778726783,-0.8148784585479173,0.00000000
346285.0078415667,4069662.7423446714,-0.8148784579407913,0.00000000
346285.04213940864,4069662.70596256,-0.8148784593243092,0.00000000
346285.0764372506,4069662.6695804484,-0.8148784599299735,0.00000000
346285.11073509237,4069662.6331983367,-0.8148784585463825,0.00000000
346285.1450329341,4069662.596816225,-0.8148784579407146,0.00000000
346285.17933077604,4069662.5604341137,-0.8148784593243055,0.00000000
346285.213628618,4069662.524052002,-0.8148784599299734,0.00000000
346285.24792645976,4069662.4876698903,-0.8148784585463825,0.00000000
346285.2822243015,4069662.4512877786,-0.8148784579407146,0.00000000
346285.31652214343,4069662.4149056673,-0.8148784593243055,0.00000000
346285.3508199854,4069662.3785235556,-0.8148784599299734,0.00000000
346285.38511782716,4069662.342141444,-0.8148784599602568,0.00000000
346285.4194156689,4069662.305759332,-0.8148784584137746,0.00000000
346285.4537135108,4069662.269377221,-0.8148784593479584,0.00000000
346285.4880113528,4069662.232995109,-0.814878459931156,0.00000000
346285.52230919455,4069662.1966129974,-0.8148784599603159,0.00000000
346285.55660703627,4069662.1602308857,-0.8148784584137775,0.00000000
346285.59090487804,4069662.123848774,-0.8148784579340843,0.00000000
346285.62520272,4069662.0874666627,-0.814878459458096,0.00000000
346285.65950056195,4069662.051084551,-0.814878459936663,0.00000000
346285.69379840366,4069662.0147024393,-0.8148784584125949,0.00000000
346285.72809624544,4069661.9783203276,-0.8148784580681474,0.00000000
346285.7623940874,4069661.9419382163,-0.8148784594647991,0.00000000
346285.79669192934,4069661.9055561046,-0.814878459936998,0.00000000
346285.83098977106,4069661.869173993,-0.8148784589491002,0.00000000
346285.86528761283,4069661.832791881,-0.8148784584973389,0.00000000
346285.8995854548,4069661.79640977,-0.8148784594862587,0.00000000
346285.9338832967,4069661.760027658,-0.814878458792441,0.00000000
346285.96818113845,4069661.7236455465,-0.8148784588918723,0.00000000
346286.0024789802,4069661.6872634348,-0.8148784584944775,0.00000000
346286.03677682194,4069661.6508813235,-0.8148784589496272,0.00000000
346286.0710746639,4069661.614499212,-0.8148784583632431,0.00000000
346286.10537250584,4069661.5781171,-0.8148784588704124,0.00000000
346286.1396703476,4069661.541734989,-0.8148784595049123,0.00000000
346286.17396818934,4069661.505352877,-0.814878459000149,0.00000000
346286.2082660313,4069661.4689707654,-0.8148784583657691,0.00000000
346286.24256387324,4069661.4325886536,-0.8148784588705387,0.00000000
346286.276861715,4069661.3962065424,-0.8148784595049187,0.00000000
346286.31115955673,4069661.3598244307,-0.8148784590001493,0.00000000
346286.3454573987,4069661.323442319,-0.8148784583657692,0.00000000
346286.37975524063,4069661.287060207,-0.8148784588705387,0.00000000
346286.4140530824,4069661.250678096,-0.814878459907285,0.00000000
346286.4483509241,4069661.2142959842,-0.814878459556756,0.00000000
346286.4826487661,4069661.1779138725,-0.8148784585277217,0.00000000
346286.516946608,4069661.141531761,-0.8148784588786363,0.00000000
346286.5512444498,4069661.1051496495,-0.8148784599076899,0.00000000
346286.5855422915,4069661.068767538,-0.8148784595567763,0.00000000
346286.6198401333,4069661.032385426,-0.8148784581253564,0.00000000
346286.6541379752,4069660.9960033144,-0.8148784583220295,0.00000000
346286.68843581714,4069660.959621203,-0.8148784597457376,0.00000000
346286.7227336589,4069660.9232390914,-0.8148784595486787,0.00000000
346286.7570315007,4069660.8868569797,-0.8148784581249515,0.00000000
346286.7913293426,4069660.850474868,-0.8148784583220093,0.00000000
346286.82562718453,4069660.8140927567,-0.8148784597457366,0.00000000
346286.8599250263,4069660.777710645,-0.8148784594145565,0.00000000
346286.8942228681,4069660.7413285333,-0.8148784579841233,0.00000000
346286.92852071,4069660.7049464216,-0.8148784583149679,0.00000000
346286.9628185519,4069660.6685643103,-0.8148784597453844,0.00000000
346286.9971163937,4069660.6321821986,-0.8148784599510274,0.00000000
346287.0314142355,4069660.595800087,-0.8148784595589431,0.00000000
346287.0657120774,4069660.559417975,-0.814878458527831,0.00000000
346287.1000099194,4069660.523035864,-0.8148784598901496,0.00000000
346287.1343077611,4069660.486653752,-0.8148784599582656,0.00000000
346287.16860560287,4069660.4502716404,-0.814878459559305,0.00000000
346287.2029034446,4069660.4138895287,-0.8148784581254829,0.00000000
346287.23720128654,4069660.377507417,-0.8148784583220359,0.00000000
346287.2714991285,4069660.3411253057,-0.81487845987986,0.00000000
346287.30579697026,4069660.304743194,-0.8148784596895069,0.00000000
346287.340094812,4069660.2683610823,-0.814878458131993,0.00000000
346287.37439265393,4069660.2319789706,-0.8148784583223614,0.00000000
346287.4086904958,4069660.1955968593,-0.8148784597457541,0.00000000
346287.44298833766,4069660.1592147476,-0.8148784595486794,0.00000000
346287.4772861794,4069660.122832636,-0.8148784579908295,0.00000000
346287.51158402127,4069660.086450524,-0.8148784581811811,0.00000000
346287.5458818632,4069660.050068413,-0.8148784597386951,0.00000000
346287.58017970505,4069660.013686301,-0.814878460084815,0.00000000
346287.61447754677,4069659.9773041895,-0.8148784595656325,0.00000000
346287.6487753887,4069659.9409220777,-0.8148784585281655,0.00000000
346287.68307323067,4069659.9045399665,-0.8148784598901664,0.00000000
346287.71737107245,4069659.868157855,-0.8148784600923886,0.00000000
346287.75166891416,4069659.831775743,-0.8148784595660112,0.00000000
346287.7859667559,4069659.7953936313,-0.814878457991696,0.00000000
346287.82026459783,4069659.7590115196,-0.8148784583153466,0.00000000
346287.8545624398,4069659.7226294084,-0.8148784598795255,0.00000000
346287.88886028156,4069659.6862472966,-0.814878459555368,0.00000000
346287.9231581233,4069659.649865185,-0.8148784579911639,0.00000000
346287.9574559652,4069659.613483073,-0.8148784583153199,0.00000000
346287.9917538072,4069659.577100962,-0.8148784598795241,0.00000000
346288.02605164895,4069659.54071885,-0.8148784585438601,0.00000000
346288.06034949067,4069659.5043367385,-0.8148784579405884,0.00000000
346288.0946473326,4069659.467954627,-0.8148784583127912,0.00000000
346288.12894517457,4069659.4315725155,-0.8148784598793977,0.00000000
346288.16324301634,4069659.395190404,-0.814878459957728,0.00000000
346288.19754085806,4069659.358808292,-0.8148784585477703,0.00000000
346288.2318387,4069659.322426181,-0.8148784594887802,0.00000000
346288.26613654196,4069659.286044069,-0.8148784599381971,0.00000000
346288.30043438374,4069659.2496619574,-0.814878459960668,0.00000000
346288.33473222546,4069659.2132798457,-0.8148784585479173,0.00000000
346288.36903006723,4069659.176897734,-0.8148784580749135,0.00000000
346288.4033279091,4069659.1405156227,-0.8148784593310154,0.00000000
346288.4376257511,4069659.104133511,-0.8148784597961869,0.00000000
346288.47192359285,4069659.0677513992,-0.8148784585396932,0.00000000
346288.5062214346,4069659.0313692875,-0.8148784579403802,0.00000000
346288.5405192765,4069658.9949871763,-0.8148784593242887,0.00000000
346288.57481711847,4069658.9586050645,-0.8148784597958505,0.00000000
346288.60911496024,4069658.922222953,-0.8148784599535507,0.00000000
346288.643412802,4069658.885840841,-0.8148784585475615,0.00000000
346288.6777106439,4069658.84945873,-0.8148784594887698,0.00000000
346288.7120084859,4069658.813076618,-0.8148784599381966,0.00000000
346288.74630632764,4069658.7766945064,-0.814878459960668,0.00000000
346288.7806041694,4069658.7403123947,-0.8148784586820395,0.00000000
346288.81490201113,4069658.703930283,-0.8148784580816196,0.00000000
346288.8491998531,4069658.6675481717,-0.8148784593313507,0.00000000
346288.883497695,4069658.63116606,-0.8148784597962035,0.00000000
346288.9177955368,4069658.5947839483,-0.8148784585396941,0.00000000
346288.9520933785,4069658.5584018365,-0.8148784579403802,0.00000000
346288.9863912204,4069658.5220197253,-0.8148784591901665,0.00000000
346289.02068906237,4069658.4856376136,-0.8148784597891444,0.00000000
346289.0549869042,4069658.449255502,-0.8148784585393412,0.00000000
346289.0892847459,4069658.41287339,-0.8148784579403625,0.00000000
346289.12358258787,4069658.376491279,-0.8148784593242878,0.00000000
346289.1578804298,4069658.340109167,-0.8148784599299725,0.00000000
346289.1921782716,4069658.3037270554,-0.8148784599602568,0.00000000
346289.2264761133,4069658.2673449437,-0.8148784585478968,0.00000000
346289.26077395526,4069658.2309628325,-0.8148784594887866,0.00000000
346289.2950717972,4069658.1945807207,-0.8148784599381974,0.00000000
346289.329369639,4069658.158198609,-0.814878459960668,0.00000000
346289.3636674807,4069658.1218164973,-0.8148784585479173,0.00000000
346289.3979653225,4069658.0854343856,-0.8148784580749135,0.00000000
346289.4322631644,4069658.0490522743,-0.8148784593310154,0.00000000
346289.4665610063,4069658.0126701626,-0.8148784587846789,0.00000000
346289.5008588481,4069657.976288051,-0.8148784584891178,0.00000000
346289.5351566899,4069657.939905939,-0.8148784580719735,0.00000000
346289.56945453177,4069657.903523828,-0.8148784593308683,0.00000000
346289.6037523737,4069657.867141716,-0.8148784587846715,0.00000000
346289.6380502155,4069657.8307596045,-0.8148784584891174,0.00000000
346289.67234805727,4069657.794377493,-0.8148784590834812,0.00000000
346289.70664589916,4069657.7579953815,-0.8148784583699358,0.00000000
346289.7409437411,4069657.7216132698,-0.8148784587366249,0.00000000
346289.7752415829,4069657.685231158,-0.8148784588890815,0.00000000
346289.80953942466,4069657.648849047,-0.814878459639968,0.00000000
346289.84383726656,4069657.612466935,-0.8148784595433901,0.00000000
346289.8781351085,4069657.5760848233,-0.8148784587952976,0.00000000
346289.9124329503,4069657.539702712,-0.814878459903523,0.00000000
346289.94673079206,4069657.5033206004,-0.8148784596906901,0.00000000
346289.9810286338,4069657.4669384887,-0.8148784590094379,0.00000000
346290.01532647567,4069657.430556377,-0.8148784582321116,0.00000000
346290.0496243176,4069657.394174265,-0.8148784587297336,0.00000000
346290.08392215945,4069657.357792154,-0.8148784596320006,0.00000000
346290.11822000117,4069657.3214100422,-0.8148784581291176,0.00000000
346290.15251784306,4069657.2850279305,-0.8148784581880956,0.00000000
346290.18681568507,4069657.248645819,-0.814878458861655,0.00000000
346290.22111352684,4069657.2122637075,-0.8148784596385966,0.00000000
346290.25541136856,4069657.175881596,-0.8148784581294475,0.00000000
346290.28970921045,4069657.139499484,-0.814878458188112,0.00000000
346290.3240070524,4069657.103117373,-0.8148784597390417,0.00000000
346290.35830489424,4069657.066735261,-0.8148784599507102,0.00000000
346290.39260273596,4069657.0303531494,-0.8148784596930494,0.00000000
346290.42690057785,4069656.9939710377,-0.8148784585345363,0.00000000
346290.4611984198,4069656.9575889264,-0.8148784597563629,0.00000000
346290.49549626163,4069656.9212068147,-0.8148784599515763,0.00000000
346290.52979410335,4069656.884824703,-0.8148784595589705,0.00000000
346290.5640919451,4069656.8484425913,-0.8148784581254661,0.00000000
346290.59838978696,4069656.8120604795,-0.8148784581879129,0.00000000
346290.6326876289,4069656.7756783683,-0.8148784597390317,0.00000000
346290.66698547074,4069656.7392962566,-0.8148784595483434,0.00000000
346290.7012833125,4069656.702914145,-0.8148784581249348,0.00000000
346290.7355811544,4069656.666532033,-0.8148784583220084,0.00000000
346290.76987899636,4069656.630149922,-0.8148784598798585,0.00000000
346290.80417683814,4069656.59376781,-0.814878459957751,0.00000000
346290.83847467985,4069656.5573856984,-0.8148784595592793,0.00000000
346290.8727725218,4069656.5210035867,-0.8148784585278478,0.00000000
346290.90707036376,4069656.4846214755,-0.8148784598901505,0.00000000
346290.94136820553,4069656.4482393637,-0.8148784599582657,0.00000000
346290.97566604725,4069656.411857252,-0.814878459559305,0.00000000
346291.009963889,4069656.3754751403,-0.8148784581254829,0.00000000
346291.0442617309,4069656.3390930286,-0.8148784581879138,0.00000000
346291.07855957287,4069656.3027109173,-0.8148784597390317,0.00000000
346291.11285741464,4069656.2663288056,-0.8148784595483434,0.00000000
346291.1471552564,4069656.229946694,-0.8148784581249348,0.00000000
346291.1814530983,4069656.193564582,-0.8148784581878864,0.00000000
346291.21575094026,4069656.157182471,-0.8148784597390304,0.00000000
346291.2500487821,4069656.120800359,-0.8148784596824654,0.00000000
346291.2843466238,4069656.0844182475,-0.8148784581316408,0.00000000
346291.3186444657,4069656.0480361357,-0.8148784581882217,0.00000000
346291.35294230765,4069656.0116540245,-0.8148784597390472,0.00000000
346291.3872401495,4069655.9752719128,-0.8148784600848327,0.00000000
346291.4215379912,4069655.938889801,-0.8148784596997556,0.00000000
346291.4558358331,4069655.9025076893,-0.8148784585348716,0.00000000
346291.49013367505,4069655.866125578,-0.8148784597563796,0.00000000
346291.5244315169,4069655.8297434663,-0.8148784600856993,0.00000000
346291.5587293586,4069655.7933613546,-0.8148784596997989,0.00000000
346291.5930272003,4069655.756979243,-0.8148784581325076,0.00000000
346291.6273250422,4069655.720597131,-0.8148784581882651,0.00000000
346291.66162288416,4069655.68421502,-0.8148784597390493,0.00000000
346291.695920726,4069655.647832908,-0.8148784596824664,0.00000000
346291.7302185677,4069655.6114507965,-0.814878458131641,0.00000000
346291.7645164096,4069655.5750686848,-0.8148784581882217,0.00000000
346291.79881425155,4069655.5386865735,-0.8148784597390472,0.00000000
346291.8331120934,4069655.502304462,-0.8148784596824663,0.00000000
346291.8674099351,4069655.46592235,-0.814878458131641,0.00000000
346291.901707777,4069655.4295402383,-0.8148784581882217,0.00000000
346291.93600561895,4069655.393158127,-0.8148784597390472,0.00000000
346291.9703034608,4069655.3567760154,-0.8148784599507105,0.00000000
346292.0046013025,4069655.3203939036,-0.8148784585474194,0.00000000
346292.0388991444,4069655.284011792,-0.8148784583431327,0.00000000
346292.07319698634,4069655.2476296807,-0.8148784597467927,0.00000000
346292.1074948282,4069655.211247569,-0.8148784599510978,0.00000000
346292.1417926699,4069655.174865457,-0.8148784585474388,0.00000000
346292.17609051167,4069655.1384833455,-0.8148784580748896,0.00000000
346292.21038835356,4069655.1021012343,-0.8148784593310142,0.00000000
346292.2446861955,4069655.0657191225,-0.8148784597961868,0.00000000
346292.2789840373,4069655.029337011,-0.8148784585396932,0.00000000
346292.31328187906,4069654.992954899,-0.8148784580745023,0.00000000
346292.34757972095,4069654.956572788,-0.8148784593309948,0.00000000
346292.3818775629,4069654.920190676,-0.8148784597961858,0.00000000
346292.4161754047,4069654.8838085644,-0.8148784586738154,0.00000000
346292.45047324646,4069654.8474264527,-0.8148784580812084,0.00000000
346292.48477108835,4069654.8110443414,-0.8148784593313301,0.00000000
346292.5190689303,4069654.7746622297,-0.8148784597962025,0.00000000
346292.5533667721,4069654.738280118,-0.8148784599535682,0.00000000
346292.58766461385,4069654.7018980063,-0.8148784586816844,0.00000000
346292.6219624557,4069654.665515895,-0.814878459361354,0.00000000
346292.6562602977,4069654.6291337833,-0.8148784597977038,0.00000000
346292.69055813947,4069654.5927516716,-0.8148784599536433,0.00000000
346292.72485598124,4069654.55636956,-0.8148784586816882,0.00000000
346292.75915382296,4069654.519987448,-0.814878458081602,0.00000000
346292.79345166485,4069654.483605337,-0.8148784591972277,0.00000000
346292.8277495068,4069654.447223225,-0.8148784597894975,0.00000000
346292.86204734864,4069654.4108411134,-0.814878458673481,0.00000000
346292.89634519035,4069654.3744590017,-0.8148784580811916,0.00000000
346292.93064303225,4069654.3380768904,-0.8148784591972071,0.00000000
346292.9649408742,4069654.3016947787,-0.8148784597894965,0.00000000
346292.99923871603,4069654.265312667,-0.8148784589417251,0.00000000
346293.03353655775,4069654.2289305553,-0.8148784586310923,0.00000000
346293.06783439964,4069654.192548444,-0.8148784594929463,0.00000000
346293.1021322416,4069654.1561663323,-0.8148784587927754,0.00000000
346293.1364300834,4069654.1197842206,-0.814878458891889,0.00000000
346293.17072792514,4069654.083402109,-0.8148784586286005,0.00000000
346293.2050257669,4069654.0470199976,-0.8148784592245776,0.00000000
346293.23932360875,4069654.010637886,-0.8148784582428685,0.00000000
346293.2736214507,4069653.974255774,-0.8148784585961495,0.00000000
346293.30791929254,4069653.937873663,-0.8148784596253213,0.00000000
346293.3422171343,4069653.901491551,-0.8148784592744136,0.00000000
346293.37651497615,4069653.8651094395,-0.8148784582453603,0.00000000
346293.4108128181,4069653.8287273278,-0.8148784585962741,0.00000000
346293.44511065993,4069653.7923452165,-0.8148784596253276,0.00000000
346293.4794085017,4069653.755963105,-0.8148784592744139,0.00000000
346293.51370634354,4069653.719580993,-0.8148784582453603,0.00000000
346293.5480041855,4069653.6831988813,-0.8148784585962741,0.00000000
346293.5823020273,4069653.64681677,-0.8148784598935718,0.00000000
346293.6165998691,4069653.6104346584,-0.8148784596901925,0.00000000
346293.65089771093,4069653.5740525466,-0.8148784594117793,0.00000000
346293.6851955529,4069653.537670435,-0.814878458654595,0.00000000
346293.7194933947,4069653.5012883237,-0.8148784598964879,0.00000000
346293.7537912365,4069653.464906212,-0.8148784598244605,0.00000000
346293.7880890782,4069653.4285241,-0.8148784591502484,0.00000000
346293.8223869201,4069653.3921419885,-0.8148784582391521,0.00000000
346293.85668476205,4069653.355759877,-0.8148784587300857,0.00000000
346293.8909826039,4069653.3193777655,-0.8148784597661404,0.00000000
346293.9252804456,4069653.282995654,-0.8148784591473324,0.00000000
346293.95957828744,4069653.246613542,-0.8148784581048842,0.00000000
346293.99387612945,4069653.2102314304,-0.8148784587233723,0.00000000
346294.0281739713,4069653.173849319,-0.8148784597658046,0.00000000
346294.062471813,4069653.1374672074,-0.8148784581358078,0.00000000
346294.09676965483,4069653.1010850957,-0.814878458054308,0.00000000
346294.13106749684,4069653.064702984,-0.8148784587208435,0.00000000
346294.1653653387,4069653.0283208727,-0.8148784600339225,0.00000000
346294.1996631804,4069652.991938761,-0.8148784596972101,0.00000000
346294.2339610222,4069652.9555566492,-0.8148784584006222,0.00000000
346294.26825886423,4069652.919174538,-0.8148784597496672,0.00000000
346294.30255670607,4069652.8827924263,-0.8148784600853636,0.00000000
346294.3368545478,4069652.8464103146,-0.8148784596997821,0.00000000
346294.3711523895,4069652.810028203,-0.8148784581325067,0.00000000
346294.4054502314,4069652.773646091,-0.814878458188265,0.00000000
346294.43974807335,4069652.73726398,-0.8148784597390493,0.00000000
346294.4740459152,4069652.700881868,-0.8148784596824664,0.00000000
346294.5083437569,4069652.6644997564,-0.814878458131641,0.00000000
346294.5426415988,4069652.6281176447,-0.8148784581882217,0.00000000
346294.57693944074,4069652.5917355334,-0.8148784597390472,0.00000000
346294.6112372826,4069652.5553534217,-0.8148784596824663,0.00000000
346294.6455351243,4069652.51897131,-0.814878458131641,0.00000000
346294.6798329662,4069652.4825891983,-0.8148784580540996,0.00000000
346294.71413080813,4069652.446207087,-0.8148784595982189,0.00000000
346294.74842864997,4069652.4098249753,-0.814878459943669,0.00000000
346294.7827264917,4069652.3734428636,-0.8148784596926973,0.00000000
346294.8170243336,4069652.337060752,-0.8148784585345188,0.00000000
346294.8513221755,4069652.3006786406,-0.8148784596222398,0.00000000
346294.8856200174,4069652.264296529,-0.8148784600789922,0.00000000
346294.91991785914,4069652.227914417,-0.8148784598335856,0.00000000
346294.95421570085,4069652.1915323054,-0.814878458273319,0.00000000
346294.9885135427,4069652.1551501937,-0.8148784580611835,0.00000000
346295.02281138464,4069652.1187680825,-0.8148784595985731,0.00000000
346295.05710922653,4069652.0823859707,-0.8148784598095647,0.00000000
346295.09140706825,4069652.046003859,-0.8148784582721179,0.00000000
346295.1257049101,4069652.0096217473,-0.8148784580611235,0.00000000
346295.16000275203,4069651.973239636,-0.8148784595985701,0.00000000
346295.1943005939,4069651.9368575243,-0.8148784598095645,0.00000000
346295.22859843564,4069651.9004754126,-0.8148784582721179,0.00000000
346295.2628962775,4069651.864093301,-0.8148784580611235,0.00000000
346295.2971941194,4069651.8277111896,-0.8148784595985701,0.00000000
346295.3314919613,4069651.791329078,-0.8148784600778087,0.00000000
346295.36578980304,4069651.754946966,-0.8148784598335265,0.00000000
346295.40008764487,4069651.7185648545,-0.814878458407438,0.00000000
346295.4343854868,4069651.682182743,-0.8148784596158858,0.00000000
346295.4686833287,4069651.6458006315,-0.8148784600786746,0.00000000
346295.50298117043,4069651.60941852,-0.8148784598335698,0.00000000
346295.53727901215,4069651.573036408,-0.8148784581391961,0.00000000
346295.571576854,4069651.5366542963,-0.8148784580544775,0.00000000
346295.605874696,4069651.500272185,-0.81487845973236,0.00000000
346295.6401725378,4069651.4638900734,-0.8148784598162541,0.00000000
346295.67447037954,4069651.4275079616,-0.8148784581383304,0.00000000
346295.7087682214,4069651.39112585,-0.8148784580544342,0.00000000
346295.7430660634,4069651.3547437387,-0.8148784597323577,0.00000000
346295.7773639052,4069651.318361627,-0.814878459950376,0.00000000
346295.81166174693,4069651.281979515,-0.8148784586815249,0.00000000
346295.84595958877,4069651.2455974035,-0.814878458349838,0.00000000
346295.8802574308,4069651.2092152922,-0.8148784597471279,0.00000000
346295.9145552726,4069651.1728331805,-0.8148784599511145,0.00000000
346295.9488531143,4069651.136451069,-0.8148784586815617,0.00000000
346295.9831509561,4069651.100068957,-0.8148784582157178,0.00000000
346296.01744879794,4069651.063686846,-0.8148784592039334,0.00000000
346296.0517466399,4069651.027304734,-0.8148784596557106,0.00000000
346296.0860444817,4069650.9909226224,-0.8148784586667915,0.00000000
346296.1203423235,4069650.9545405107,-0.8148784582149793,0.00000000
346296.15464016533,4069650.9181583994,-0.8148784590697744,0.00000000
346296.1889380073,4069650.8817762877,-0.8148784596490026,0.00000000
346296.2232358491,4069650.845394176,-0.8148784586664561,0.00000000
346296.2575336909,4069650.8090120642,-0.8148784582149625,0.00000000
346296.2918315327,4069650.772629953,-0.8148784590697735,0.00000000
346296.3261293747,4069650.7362478413,-0.8148784596490026,0.00000000
346296.36042721657,4069650.6998657295,-0.8148784600803304,0.00000000
346296.3947250583,4069650.663483618,-0.8148784588221446,0.00000000
346296.4290229001,4069650.6271015066,-0.8148784595024989,0.00000000
346296.46332074207,4069650.590719395,-0.8148784596706389,0.00000000
346296.49761858396,4069650.554337283,-0.8148784600814122,0.00000000
346296.5319164257,4069650.5179551714,-0.8148784588221987,0.00000000
346296.5662142674,4069650.4815730597,-0.8148784582227496,0.00000000
346296.60051210923,4069650.4451909484,-0.8148784590701629,0.00000000
346296.6348099512,4069650.4088088367,-0.8148784596490221,0.00000000
346296.6691077931,4069650.372426725,-0.8148784588005792,0.00000000
346296.7034056348,4069650.3360446133,-0.8148784582216686,0.00000000
346296.7377034766,4069650.299662502,-0.814878458058601,0.00000000
346296.7720013186,4069650.2632803903,-0.8148784585869361,0.00000000
346296.80629916047,4069650.2268982786,-0.8148784587474749,0.00000000
346296.8405970022,4069650.190516167,-0.8148784582190134,0.00000000
346296.874894844,4069650.1541340556,-0.8148784580584683,0.00000000
346296.90919268597,4069650.117751944,-0.8148784585869294,0.00000000
346296.94349052786,4069650.0813698326,-0.8148784600272267,0.00000000
346296.9777883696,4069650.044987721,-0.8148784598309974,0.00000000
346297.0120862114,4069650.008605609,-0.8148784594188195,0.00000000
346297.04638405336,4069649.9722234975,-0.814878458654947,0.00000000
346297.08068189526,4069649.935841386,-0.8148784600306276,0.00000000
346297.114979737,4069649.8994592745,-0.8148784598311675,0.00000000
346297.1492775787,4069649.8630771628,-0.8148784591505838,0.00000000
346297.1835754205,4069649.826695051,-0.8148784579709246,0.00000000
346297.21787326253,4069649.7903129393,-0.8148784585825523,0.00000000
346297.25217110437,4069649.753930828,-0.8148784597587637,0.00000000
346297.2864689461,4069649.7175487163,-0.8148784591469636,0.00000000
346297.3207667879,4069649.6811666046,-0.8148784579707437,0.00000000
346297.3550646299,4069649.644784493,-0.8148784585825433,0.00000000
346297.3893624718,4069649.6084023817,-0.8148784598928853,0.00000000
346297.42366031354,4069649.57202027,-0.8148784592877918,0.00000000
346297.4579581553,4069649.535638158,-0.814878457977785,0.00000000
346297.4922559973,4069649.4992560465,-0.8148784585828953,0.00000000
346297.5265538392,4069649.4628739352,-0.814878460027025,0.00000000
346297.56085168093,4069649.4264918235,-0.8148784598309873,0.00000000
346297.5951495227,4069649.390109712,-0.8148784594188191,0.00000000
346297.6294473647,4069649.3537276,-0.814878458654947,0.00000000
346297.6637452066,4069649.317345489,-0.8148784600306276,0.00000000
346297.6980430483,4069649.280963377,-0.8148784599652895,0.00000000
346297.73234089004,4069649.2445812654,-0.814878459291412,0.00000000
346297.7666387319,4069649.2081991537,-0.8148784581120883,0.00000000
346297.8009365738,4069649.171817042,-0.8148784585896105,0.00000000
346297.8352344157,4069649.1354349307,-0.8148784598932386,0.00000000
346297.86953225743,4069649.099052819,-0.8148784582763016,0.00000000
346297.9038300992,4069649.0626707072,-0.8148784579272106,0.00000000
346297.9381279412,4069649.0262885955,-0.8148784585803666,0.00000000
346297.9724257831,4069648.9899064843,-0.8148784600268986,0.00000000
346298.0067236248,4069648.9535243725,-0.814878459830981,0.00000000
346298.0410214666,4069648.917142261,-0.8148784584073108,0.00000000
346298.0753193086,4069648.8807601496,-0.8148784596158795,0.00000000
346298.1096171505,4069648.844378038,-0.8148784600786743,0.00000000
346298.1439149922,4069648.807995926,-0.8148784598335698,0.00000000
346298.17821283394,4069648.7716138144,-0.8148784582733182,0.00000000
346298.2125106758,4069648.7352317027,-0.8148784579270614,0.00000000
346298.2468085177,4069648.6988495914,-0.8148784594577448,0.00000000
346298.2811063596,4069648.6624674797,-0.8148784598025233,0.00000000
346298.31540420133,4069648.626085368,-0.8148784582717659,0.00000000
346298.34970204317,4069648.5897032563,-0.8148784579269838,0.00000000
346298.3839998851,4069648.553321145,-0.814878459457741,0.00000000
346298.41829772707,4069648.5169390333,-0.8148784599366452,0.00000000
346298.4525955688,4069648.4805569216,-0.814878458412594,0.00000000
346298.48689341056,4069648.44417481,-0.8148784579340251,0.00000000
346298.5211912525,4069648.4077926986,-0.814878459458093,0.00000000
346298.55548909446,4069648.371410587,-0.8148784600707849,0.00000000
346298.5897869362,4069648.335028475,-0.8148784599672974,0.00000000
346298.62408477796,4069648.2986463634,-0.8148784584141265,0.00000000
346298.6583826199,4069648.262264252,-0.8148784594820981,0.00000000
346298.69268046186,4069648.2258821405,-0.8148784600719852,0.00000000
346298.7269783036,4069648.1895000287,-0.8148784599673574,0.00000000
346298.7612761453,4069648.153117917,-0.8148784582800075,0.00000000
346298.79557398707,4069648.1167358053,-0.8148784579273959,0.00000000
346298.8298718291,4069648.080353694,-0.8148784595918837,0.00000000
346298.86416967097,4069648.0439715823,-0.8148784599433523,0.00000000
346298.8984675127,4069648.0075894706,-0.8148784582788073,0.00000000
346298.93276535446,4069647.971207359,-0.8148784579273358,0.00000000
346298.96706319647,4069647.9348252476,-0.8148784595918807,0.00000000
346299.00136103836,4069647.898443136,-0.8148784599433522,0.00000000
346299.0356588801,4069647.862061024,-0.8148784584129294,0.00000000
346299.06995672185,4069647.8256789125,-0.8148784579340419,0.00000000
346299.10425456386,4069647.789296801,-0.814878459592216,0.00000000
346299.13855240576,4069647.7529146895,-0.8148784600774911,0.00000000
346299.1728502475,4069647.7165325778,-0.8148784599676326,0.00000000
346299.20714808925,4069647.680150466,-0.8148784584141433,0.00000000
346299.2414459312,4069647.643768355,-0.8148784593479769,0.00000000
346299.27574377315,4069647.607386243,-0.8148784599311569,0.00000000
346299.31004161487,4069647.5710041313,-0.8148784599603159,0.00000000
346299.3443394566,4069647.5346220196,-0.8148784582796554,0.00000000
346299.37863729836,4069647.498239908,-0.8148784579273782,0.00000000
346299.41293514037,4069647.4618577966,-0.8148784595918828,0.00000000
346299.4472329823,4069647.425475685,-0.8148784600774744,0.00000000
346299.48153082404,4069647.389093573,-0.8148784584196355,0.00000000
346299.51582866575,4069647.3527114615,-0.8148784579343773,0.00000000
346299.55012650776,4069647.31632935,-0.8148784595922328,0.00000000
346299.58442434965,4069647.2799472385,-0.8148784599433697,0.00000000
346299.6187221914,4069647.243565127,-0.8148784582788081,0.00000000
346299.65302003315,4069647.207183015,-0.8148784579273358,0.00000000
346299.68731787516,4069647.170800904,-0.8148784595918807,0.00000000
346299.72161571705,4069647.134418792,-0.8148784599433522,0.00000000
346299.75591355877,4069647.0980366804,-0.8148784598268037,0.00000000
346299.79021140054,4069647.0616545686,-0.8148784584071019,0.00000000
346299.82450924255,4069647.0252724574,-0.8148784594817469,0.00000000
346299.85880708444,4069646.9888903457,-0.8148784599378455,0.00000000
346299.89310492616,4069646.952508234,-0.8148784588150204,0.00000000
346299.92740276793,4069646.916126122,-0.8148784583565127,0.00000000
346299.9617006097,4069646.8797440105,-0.8148784579312212,0.00000000
346299.99599845166,4069646.8433618993,-0.8148784594579528,0.00000000
346300.0302962936,4069646.8069797875,-0.8148784589251479,0.00000000
346300.0645941353,4069646.770597676,-0.8148784583620191,0.00000000
346300.0988919771,4069646.7342155646,-0.8148784589430043,0.00000000
346300.13318981905,4069646.697833453,-0.814878459508542,0.00000000
346300.167487661,4069646.661451341,-0.8148784600733073,0.00000000
346300.2017855027,4069646.6250692294,-0.8148784589559156,0.00000000
346300.2360833445,4069646.588687118,-0.8148784593750655,0.00000000
346300.27038118645,4069646.5523050064,-0.8148784585186372,0.00000000
346300.3046790284,4069646.5159228947,-0.8148784590123042,0.00000000
346300.3389768701,4069646.479540783,-0.8148784589028655,0.00000000
346300.37327471183,4069646.4431586713,-0.814878458360905,0.00000000
346300.4075725536,4069646.40677656,-0.8148784579314408,0.00000000
346300.4418703956,4069646.3703944483,-0.8148784585805781,0.00000000
346300.4761682375,4069646.334012337,-0.8148784598927871,0.00000000
346300.5104660792,4069646.2976302253,-0.8148784594219091,0.00000000
346300.544763921,4069646.2612481136,-0.8148784579844909,0.00000000
346300.57906176295,4069646.224866002,-0.8148784584491084,0.00000000
346300.6133596049,4069646.1884838906,-0.8148784598862135,0.00000000
346300.6476574466,4069646.152101779,-0.8148784594215803,0.00000000
346300.6819552884,4069646.115719667,-0.8148784579844744,0.00000000
346300.71625313035,4069646.0793375554,-0.8148784584491076,0.00000000
346300.7505509723,4069646.042955444,-0.8148784600203356,0.00000000
346300.784848814,4069646.0065733325,-0.8148784599647749,0.00000000
346300.8191466558,4069645.9701912208,-0.8148784594255084,0.00000000
346300.85344449774,4069645.933809109,-0.8148784583870371,0.00000000
346300.8877423397,4069645.897426998,-0.81487845988311,0.00000000
346300.9220401814,4069645.861044886,-0.8148784599579136,0.00000000
346300.9563380231,4069645.8246627743,-0.8148784592910432,0.00000000
346300.9906358649,4069645.7882806626,-0.8148784578438256,0.00000000
346301.0249337069,4069645.751898551,-0.8148784584420752,0.00000000
346301.05923154886,4069645.7155164396,-0.814878460019984,0.00000000
346301.0935293906,4069645.679134328,-0.8148784594282689,0.00000000
346301.1278272323,4069645.642752216,-0.8148784578506869,0.00000000
346301.1621250743,4069645.6063701045,-0.8148784584424182,0.00000000
346301.19642291625,4069645.569987993,-0.8148784600200012,0.00000000
346301.230720758,4069645.5336058815,-0.8148784594282698,0.00000000
346301.2650185997,4069645.49722377,-0.8148784578506869,0.00000000
346301.2993164417,4069645.460841658,-0.8148784584424182,0.00000000
346301.33361428365,4069645.424459547,-0.8148784600200012,0.00000000
346301.36791212537,4069645.388077435,-0.8148784599647582,0.00000000
346301.4022099671,4069645.3516953234,-0.8148784594255076,0.00000000
346301.4365078091,4069645.3153132116,-0.8148784585211593,0.00000000
346301.47080565104,4069645.2789311004,-0.8148784600239383,0.00000000
346301.50510349276,4069645.2425489887,-0.814878459964955,0.00000000
346301.5394013345,4069645.206166877,-0.8148784594255174,0.00000000
346301.57369917625,4069645.169784765,-0.8148784579846713,0.00000000
346301.6079970182,4069645.1334026535,-0.8148784584491174,0.00000000
346301.64229486015,4069645.0970205422,-0.8148784600203361,0.00000000
346301.6765927019,4069645.0606384305,-0.8148784594282865,0.00000000
346301.71089054365,4069645.024256319,-0.8148784579848098,0.00000000
346301.7451883856,4069644.987874207,-0.8148784584491243,0.00000000
346301.77948622755,4069644.951492096,-0.8148784600203365,0.00000000
346301.81378406927,4069644.915109984,-0.8148784599647749,0.00000000
346301.848081911,4069644.8787278724,-0.8148784584140004,0.00000000
346301.882379753,4069644.8423457607,-0.8148784583364618,0.00000000
346301.91667759494,4069644.8059636494,-0.8148784598805812,0.00000000
346301.95097543666,4069644.7695815377,-0.8148784599577872,0.00000000
346301.9852732784,4069644.733199426,-0.814878458413651,0.00000000
346302.01957112015,4069644.6968173143,-0.8148784577999559,0.00000000
346302.0538689621,4069644.660435203,-0.8148784593172675,0.00000000
346302.0881668041,4069644.6240530913,-0.8148784600637436,0.00000000
346302.1224646458,4069644.5876709796,-0.8148784585530711,0.00000000
346302.15676248755,4069644.551288868,-0.814878457806927,0.00000000
346302.1910603295,4069644.5149067566,-0.814878459317616,0.00000000
346302.2253581715,4069644.478524645,-0.8148784600637611,0.00000000
346302.2596560132,4069644.442142533,-0.814878458553072,0.00000000
346302.29395385494,4069644.4057604214,-0.814878457806927,0.00000000
346302.3282516969,4069644.36937831,-0.814878459317616,0.00000000
346302.3625495389,4069644.3329961984,-0.8148784600637611,0.00000000
346302.3968473806,4069644.2966140867,-0.8148784601010683,0.00000000
346302.43114522233,4069644.260231975,-0.8148784584208151,0.00000000
346302.4654430643,4069644.2238498637,-0.8148784593483105,0.00000000
346302.4997409063,4069644.187467752,-0.8148784600652959,0.00000000
346302.534038748,4069644.1510856403,-0.8148784601011451,0.00000000
346302.5683365897,4069644.1147035286,-0.814878458420819,0.00000000
346302.60263443145,4069644.078321417,-0.8148784578003143,0.00000000
346302.63693227345,4069644.0419393056,-0.8148784594514075,0.00000000
346302.6712301154,4069644.005557194,-0.8148784600704506,0.00000000
346302.7055279571,4069643.969175082,-0.8148784584192843,0.00000000
346302.73982579884,4069643.9327929704,-0.8148784578002376,0.00000000
346302.77412364085,4069643.896410859,-0.8148784594514036,0.00000000
346302.8084214828,4069643.8600287475,-0.8148784600704504,0.00000000
346302.8427193245,4069643.8236466357,-0.8148784599672806,0.00000000
346302.87701716623,4069643.787264524,-0.8148784584141258,0.00000000
346302.91131500824,4069643.750882413,-0.814878459347976,0.00000000
346302.9456128502,4069643.714500301,-0.8148784599311569,0.00000000
346302.9799106919,4069643.6781181893,-0.8148784599603159,0.00000000
346303.0142085336,4069643.6417360776,-0.8148784584137775,0.00000000
346303.0485063754,4069643.605353966,-0.8148784579340843,0.00000000
346303.08280421735,4069643.5689718546,-0.814878459458096,0.00000000
346303.11710205936,4069643.532589743,-0.8148784602049073,0.00000000
346303.1513999011,4069643.496207631,-0.8148784585601292,0.00000000
346303.1856977428,4069643.4598255195,-0.8148784579414019,0.00000000
346303.21999558475,4069643.423443408,-0.8148784594584618,0.00000000
346303.2542934267,4069643.3870612965,-0.8148784600708033,0.00000000
346303.2885912684,4069643.350679185,-0.8148784584193018,0.00000000
346303.32288911013,4069643.314297073,-0.8148784578002385,0.00000000
346303.35718695214,4069643.277914962,-0.8148784593172816,0.00000000
346303.3914847941,4069643.24153285,-0.8148784599296222,0.00000000
346303.4257826358,4069643.2051507384,-0.8148784599602392,0.00000000
346303.4600804775,4069643.1687686266,-0.8148784584137737,0.00000000
346303.49437831953,4069643.1323865154,-0.8148784593479584,0.00000000
346303.5286761615,4069643.0960044037,-0.814878459931156,0.00000000
346303.56297400326,4069643.059622292,-0.8148784600944381,0.00000000
346303.597271845,4069643.02324018,-0.8148784585546058,0.00000000
346303.6315696867,4069642.9868580685,-0.8148784578070037,0.00000000
346303.66586752865,4069642.9504759572,-0.8148784583061119,0.00000000
346303.70016537065,4069642.9140938455,-0.8148784600131859,0.00000000
346303.7344632124,4069642.877711734,-0.8148784585505432,0.00000000
346303.7687610541,4069642.841329622,-0.8148784567952926,0.00000000
346303.80305889604,4069642.804947511,-0.8148784582555264,0.00000000
346303.83735673805,4069642.768565399,-0.8148784589991486,0.00000000
346303.87165457977,4069642.732183288,-0.8148784595113492,0.00000000
346303.9059524215,4069642.6958011757,-0.8148784568433329,0.00000000
346303.94025026343,4069642.6594190644,-0.8148784582579284,0.00000000
346303.97454810544,4069642.623036953,-0.8148784600107767,0.00000000
346304.00884594716,4069642.5866548414,-0.8148784600984191,0.00000000
346304.0431437889,4069642.5502727297,-0.8148784594321906,0.00000000
346304.0774416308,4069642.513890618,-0.8148784583873713,0.00000000
346304.11173947284,4069642.4775085067,-0.8148784600172488,0.00000000
346304.14603731455,4069642.441126395,-0.8148784600987428,0.00000000
346304.18033515627,4069642.4047442833,-0.8148784594322068,0.00000000
346304.214632998,4069642.3683621716,-0.8148784578508838,0.00000000
346304.24893084,4069642.33198006,-0.814878458442428,0.00000000
346304.28322868195,4069642.2955979486,-0.8148784600200016,0.00000000
346304.31752652366,4069642.259215837,-0.8148784594282698,0.00000000
346304.3518243654,4069642.222833725,-0.8148784578506869,0.00000000
346304.3861222074,4069642.1864516134,-0.8148784583082961,0.00000000
346304.42042004934,4069642.150069502,-0.814878459879173,0.00000000
346304.45471789106,4069642.1136873905,-0.8148784599577168,0.00000000
346304.4890157328,4069642.0773052787,-0.8148784594251556,0.00000000
346304.5233135748,4069642.040923167,-0.8148784585211417,0.00000000
346304.55761141673,4069642.0045410558,-0.8148784598898152,0.00000000
346304.5919092585,4069641.968158944,-0.8148784600923711,0.00000000
346304.6262071002,4069641.9317768323,-0.8148784595660103,0.00000000
346304.66050494194,4069641.8953947206,-0.814878457991696,0.00000000
346304.6948027839,4069641.859012609,-0.8148784583153466,0.00000000
346304.72910062585,4069641.8226304976,-0.8148784598795255,0.00000000
346304.7633984676,4069641.786248386,-0.814878459555368,0.00000000
346304.79769630934,4069641.749866274,-0.8148784579911639,0.00000000
346304.8319941513,4069641.7134841625,-0.8148784583153199,0.00000000
346304.86629199324,4069641.677102051,-0.8148784598795241,0.00000000
346304.900589835,4069641.6407199395,-0.814878459555368,0.00000000
346304.93488767673,4069641.604337828,-0.8148784579911639,0.00000000
346304.9691855187,4069641.567955716,-0.8148784583153199,0.00000000
346305.00348336063,4069641.531573605,-0.8148784598795241,0.00000000
346305.0377812024,4069641.495191493,-0.8148784600918565,0.00000000
346305.0720790441,4069641.4588093814,-0.8148784595659846,0.00000000
346305.1063768861,4069641.4224272696,-0.8148784583940609,0.00000000
346305.140674728,4069641.3860451584,-0.8148784598834612,0.00000000
346305.1749725698,4069641.3496630467,-0.8148784600920533,0.00000000
346305.2092704115,4069641.313280935,-0.8148784595659944,0.00000000
346305.24356825324,4069641.276898823,-0.8148784578575732,0.00000000
346305.2778660952,4069641.2405167115,-0.8148784583086404,0.00000000
346305.3121639372,4069641.2041346002,-0.8148784600133123,0.00000000
346305.3464617789,4069641.1677524885,-0.8148784595620574,0.00000000
346305.38075962063,4069641.131370377,-0.8148784578573763,0.00000000
346305.4150574626,4069641.094988265,-0.8148784581745085,0.00000000
346305.4493553046,4069641.058606154,-0.8148784598724835,0.00000000
346305.4836531463,4069641.022224042,-0.8148784595550159,0.00000000
346305.517950988,4069640.9858419304,-0.8148784578570242,0.00000000
346305.55224883,4069640.9494598187,-0.8148784581744909,0.00000000
346305.586546672,4069640.9130777074,-0.8148784598724826,0.00000000
346305.62084451376,4069640.8766955957,-0.8148784600915044,0.00000000
346305.6551423555,4069640.840313484,-0.8148784585544591,0.00000000
346305.68944019737,4069640.8039313722,-0.8148784583434847,0.00000000
346305.7237380394,4069640.767549261,-0.8148784598809323,0.00000000
346305.75803588115,4069640.7311671493,-0.8148784600919269,0.00000000
346305.7923337229,4069640.6947850375,-0.8148784586886024,0.00000000
346305.8266315646,4069640.658402926,-0.8148784579478255,0.00000000
346305.86092940654,4069640.6220208146,-0.814878459324661,0.00000000
346305.8952272485,4069640.585638703,-0.8148784599299912,0.00000000
346305.92952509027,4069640.549256591,-0.8148784586805056,0.00000000
346305.963822932,4069640.5128744794,-0.8148784579474208,0.00000000
346305.9981207739,4069640.476492368,-0.8148784591905186,0.00000000
346306.0324186159,4069640.4401102564,-0.814878459923284,0.00000000
346306.06671645766,4069640.4037281447,-0.8148784586801703,0.00000000
346306.1010142994,4069640.367346033,-0.814878457947404,0.00000000
346306.13531214127,4069640.3309639217,-0.8148784591905177,0.00000000
346306.1696099833,4069640.29458181,-0.814878459923284,0.00000000
346306.20390782505,4069640.2581996983,-0.8148784600940445,0.00000000
346306.23820566677,4069640.2218175866,-0.8148784585545861,0.00000000
346306.27250350866,4069640.1854354753,-0.814878459354999,0.00000000
346306.30680135067,4069640.1490533636,-0.8148784599315081,0.00000000
346306.34109919245,4069640.112671252,-0.8148784600944556,0.00000000
346306.37539703416,4069640.07628914,-0.8148784585546066,0.00000000
346306.4096948759,4069640.0399070284,-0.8148784579411258,0.00000000
346306.44399271783,4069640.003524917,-0.814878459324326,0.00000000
346306.4782905598,4069639.9671428055,-0.8148784597958524,0.00000000
346306.51258840156,4069639.9307606937,-0.8148784585396764,0.00000000
346306.5468862433,4069639.894378582,-0.8148784579403793,0.00000000
346306.5811840852,4069639.8579964708,-0.8148784593242887,0.00000000
346306.6154819272,4069639.821614359,-0.8148784597958505,0.00000000
346306.64977976895,4069639.7852322473,-0.8148784599535507,0.00000000
346306.6840776107,4069639.7488501356,-0.8148784586816835,0.00000000
346306.7183754526,4069639.7124680243,-0.8148784593613538,0.00000000
346306.75267329457,4069639.6760859126,-0.8148784599318258,0.00000000
346306.78697113635,4069639.639703801,-0.8148784600944716,0.00000000
346306.8212689781,4069639.603321689,-0.8148784586887297,0.00000000
346306.85556681984,4069639.5669395775,-0.814878457947832,0.00000000
346306.88986466173,4069639.530557466,-0.8148784593246613,0.00000000
346306.92416250374,4069639.4941753545,-0.8148784600641134,0.00000000
346306.95846034546,4069639.4577932428,-0.8148784585530895,0.00000000
346306.9927581872,4069639.421411131,-0.8148784578069279,0.00000000
346307.0270560291,4069639.38502902,-0.8148784591834939,0.00000000
346307.06135387113,4069639.348646908,-0.8148784599229328,0.00000000
346307.09565171285,4069639.3122647963,-0.8148784585460305,0.00000000
346307.12994955457,4069639.2758826846,-0.814878457940697,0.00000000
346307.1642473965,4069639.2395005734,-0.8148784581786745,0.00000000
346307.1985452385,4069639.2031184616,-0.8148784588611839,0.00000000
346307.2328430803,4069639.16673635,-0.8148784590294315,0.00000000
346307.267140922,4069639.130354238,-0.8148784586354776,0.00000000
346307.3014387639,4069639.093972127,-0.8148784593590436,0.00000000
346307.33573660586,4069639.057590015,-0.8148784587860802,0.00000000
346307.3700344477,4069639.021207904,-0.8148784600371843,0.00000000
346307.4043322894,4069638.9848257923,-0.8148784596973732,0.00000000
346307.43863013113,4069638.9484436805,-0.814878459009772,0.00000000
346307.472927973,4069638.912061569,-0.8148784582321282,0.00000000
346307.50722581503,4069638.875679457,-0.8148784588638567,0.00000000
346307.5415236568,4069638.839297346,-0.8148784596387068,0.00000000
346307.5758214985,4069638.802915234,-0.8148784590068386,0.00000000
346307.6101193404,4069638.7665331224,-0.8148784582319816,0.00000000
346307.6444171824,4069638.7301510107,-0.8148784588638494,0.00000000
346307.6787150242,4069638.6937688994,-0.8148784596387064,0.00000000
346307.7130128659,4069638.6573867877,-0.8148784579953308,0.00000000
346307.7473107078,4069638.621004676,-0.8148784581814063,0.00000000
346307.7816085498,4069638.5846225643,-0.8148784588613206,0.00000000
346307.8159063916,4069638.548240453,-0.8148784600409463,0.00000000
346307.8502042333,4069638.5118583413,-0.8148784595634391,0.00000000
346307.8845020752,4069638.4754762296,-0.8148784583939337,0.00000000
346307.9187999172,4069638.4390941183,-0.8148784598834548,0.00000000
346307.953097759,4069638.4027120066,-0.814878460092053,0.00000000
346307.9873956007,4069638.366329895,-0.8148784595659944,0.00000000
346308.0216934424,4069638.329947783,-0.8148784579916952,0.00000000
346308.0559912844,4069638.2935656714,-0.8148784581812244,0.00000000
346308.0902891263,4069638.25718356,-0.8148784597386973,0.00000000
346308.1245869681,4069638.2208014484,-0.8148784595483266,0.00000000
346308.1588848098,4069638.1844193367,-0.8148784579908118,0.00000000
346308.19318265177,4069638.148037225,-0.8148784581811803,0.00000000
346308.2274804937,4069638.1116551138,-0.8148784597386951,0.00000000
346308.26177833555,4069638.075273002,-0.8148784596824487,0.00000000
346308.29607617727,4069638.0388908903,-0.8148784581316401,0.00000000
346308.33037401916,4069638.0025087786,-0.8148784581882217,0.00000000
346308.3646718611,4069637.9661266673,-0.8148784597390472,0.00000000
346308.39896970295,4069637.9297445556,-0.8148784600848327,0.00000000
346308.43326754466,4069637.893362444,-0.8148784596997556,0.00000000
346308.46756538656,4069637.856980332,-0.8148784585348716,0.00000000
346308.5018632285,4069637.820598221,-0.8148784597563796,0.00000000
346308.53616107034,4069637.784216109,-0.8148784600856993,0.00000000
346308.57045891206,4069637.7478339975,-0.8148784596997989,0.00000000
346308.6047567538,4069637.7114518858,-0.8148784581325076,0.00000000
346308.63905459567,4069637.675069774,-0.8148784581882651,0.00000000
346308.6733524376,4069637.638687663,-0.8148784597390493,0.00000000
346308.70765027945,4069637.602305551,-0.8148784596824664,0.00000000
346308.74194812117,4069637.5659234393,-0.814878458131641,0.00000000
346308.77624596306,4069637.5295413276,-0.8148784581882217,0.00000000
346308.810543805,4069637.4931592164,-0.8148784597390472,0.00000000
346308.84484164685,4069637.4567771046,-0.8148784600848327,0.00000000
346308.87913948856,4069637.420394993,-0.8148784596997556,0.00000000
346308.91343733046,4069637.384012881,-0.8148784584007495,0.00000000
346308.9477351724,4069637.34763077,-0.8148784597496735,0.00000000
346308.98203301424,4069637.311248658,-0.8148784600853639,0.00000000
346309.01633085596,4069637.2748665465,-0.8148784596997821,0.00000000
346309.0506286977,4069637.238484435,-0.8148784579983845,0.00000000
346309.08492653957,4069637.202102323,-0.8148784580474369,0.00000000
346309.1192243816,4069637.165720212,-0.8148784597320079,0.00000000
346309.15352222335,4069637.1293381,-0.8148784596821144,0.00000000
346309.18782006507,4069637.0929559884,-0.8148784579975011,0.00000000
346309.22211790696,4069637.0565738766,-0.8148784580473927,0.00000000
346309.25641574897,4069637.0201917654,-0.8148784597320057,0.00000000
346309.2907135908,4069636.9838096537,-0.8148784598162364,0.00000000
346309.3250114325,4069636.947427542,-0.8148784581383295,0.00000000
346309.35930927435,4069636.91104543,-0.8148784581885562,0.00000000
346309.39360711636,4069636.874663319,-0.8148784597390639,0.00000000
346309.4279049582,4069636.8382812073,-0.8148784600848334,0.00000000
346309.4622027999,4069636.8018990955,-0.8148784596997556,0.00000000
346309.49650064175,4069636.765516984,-0.8148784584007495,0.00000000
346309.53079848376,4069636.7291348726,-0.8148784597496735,0.00000000
346309.56509632553,4069636.692752761,-0.8148784599512418,0.00000000
346309.5993941673,4069636.656370649,-0.8148784586815682,0.00000000
346309.633692009,4069636.6199885374,-0.814878458081596,0.00000000
346309.6679898509,4069636.5836064257,-0.8148784581857195,0.00000000
346309.70228769287,4069636.5472243144,-0.814878459738922,0.00000000
346309.7365855347,4069636.5108422027,-0.8148784586709521,0.00000000
346309.7708833764,4069636.474460091,-0.8148784580810652,0.00000000
346309.8051812183,4069636.4380779797,-0.8148784591972008,0.00000000
346309.83947906026,4069636.401695868,-0.8148784597894961,0.00000000
346309.8737769021,4069636.3653137563,-0.8148784586734809,0.00000000
346309.9080747438,4069636.3289316446,-0.8148784580811916,0.00000000
346309.9423725857,4069636.2925495333,-0.8148784591972071,0.00000000
346309.97667042766,4069636.2561674216,-0.8148784597894965,0.00000000
346310.0109682695,4069636.21978531,-0.8148784600873551,0.00000000
346310.0452661112,4069636.183403198,-0.8148784586883738,0.00000000
346310.0795639531,4069636.147021087,-0.8148784594958105,0.00000000
346310.11386179505,4069636.110638975,-0.8148784598044266,0.00000000
346310.1481596369,4069636.0742568634,-0.8148784599539795,0.00000000
346310.1824574786,4069636.0378747517,-0.814878458681705,0.00000000
346310.2167553203,4069636.00149264,-0.8148784580816029,0.00000000
346310.2510531622,4069635.9651105287,-0.8148784591972277,0.00000000
346310.28535100416,4069635.928728417,-0.8148784596553753,0.00000000
346310.319648846,4069635.8923463053,-0.8148784586667748,0.00000000
346310.35394668777,4069635.8559641936,-0.8148784582149784,0.00000000
346310.3882445296,4069635.8195820823,-0.8148784592038965,0.00000000
346310.42254237155,4069635.7831999706,-0.8148784596557087,0.00000000
346310.4568402134,4069635.746817859,-0.8148784586667914,0.00000000
346310.49113805516,4069635.710435747,-0.8148784582149793,0.00000000
346310.525435897,4069635.674053636,-0.8148784592038965,0.00000000
346310.55973373895,4069635.637671524,-0.8148784596557087,0.00000000
346310.5940315808,4069635.6012894125,-0.8148784589350356,0.00000000
346310.62832942256,4069635.5649073008,-0.8148784587648799,0.00000000
346310.6626272644,4069635.5285251895,-0.8148784593655137,0.00000000
346310.69692510634,4069635.492143078,-0.8148784586522817,0.00000000
346310.7312229482,4069635.455760966,-0.8148784588848643,0.00000000
346310.76552078995,4069635.4193788543,-0.8148784587623713,0.00000000
346310.79981863167,4069635.382996743,-0.814878459097144,0.00000000
346310.8341164735,4069635.3466146314,-0.8148784581023748,0.00000000
346310.8684143155,4069635.3102325196,-0.8148784587232468,0.00000000
346310.90271215735,4069635.2738504084,-0.8148784597657984,0.00000000
346310.93700999906,4069635.2374682967,-0.8148784591473153,0.00000000
346310.9713078409,4069635.201086185,-0.8148784581048834,0.00000000
346311.0056056829,4069635.164704073,-0.8148784587233723,0.00000000
346311.03990352474,4069635.128321962,-0.8148784597658046,0.00000000
346311.07420136646,4069635.0919398502,-0.8148784592814378,0.00000000
346311.1084992083,4069635.0555577385,-0.8148784581115895,0.00000000
346311.1427970503,4069635.019175627,-0.8148784587237076,0.00000000
346311.17709489213,4069634.9827935155,-0.8148784600340656,0.00000000
346311.21139273385,4069634.946411404,-0.8148784596972172,0.00000000
346311.2456905757,4069634.910029292,-0.8148784594121306,0.00000000
346311.27998841763,4069634.8736471804,-0.8148784586546125,0.00000000
346311.3142862595,4069634.837265069,-0.8148784600306109,0.00000000
346311.34858410124,4069634.8008829574,-0.8148784596970444,0.00000000
346311.38288194296,4069634.7645008457,-0.8148784591438776,0.00000000
346311.41717978485,4069634.728118734,-0.8148784582388335,0.00000000
346311.4514776268,4069634.6917366222,-0.8148784587300697,0.00000000
346311.48577546864,4069634.655354511,-0.8148784596320174,0.00000000
346311.52007331036,4069634.6189723993,-0.8148784591406263,0.00000000
346311.55437115225,4069634.5825902876,-0.814878458238671,0.00000000
346311.5886689942,4069634.546208176,-0.8148784585959395,0.00000000
346311.62296683603,4069634.5098260646,-0.8148784598935551,0.00000000
346311.65726467775,4069634.473443953,-0.8148784596901917,0.00000000
346311.69156251964,4069634.437061841,-0.8148784585343934,0.00000000
346311.7258603616,4069634.4006797294,-0.8148784586107257,0.00000000
346311.7601582034,4069634.364297618,-0.8148784598942944,0.00000000
346311.7944560452,4069634.3279155064,-0.8148784598243508,0.00000000
346311.8287538869,4069634.2915333947,-0.8148784582728572,0.00000000
346311.86305172875,4069634.255151283,-0.8148784580611604,0.00000000
346311.8973495707,4069634.2187691717,-0.814878459598572,0.00000000
346311.9316474126,4069634.18238706,-0.8148784598095646,0.00000000
346311.9659452543,4069634.1460049483,-0.8148784582721179,0.00000000
346312.00024309615,4069634.1096228366,-0.8148784580611235,0.00000000
346312.0345409381,4069634.0732407253,-0.8148784595985701,0.00000000
346312.06883878,4069634.0368586136,-0.8148784598095645,0.00000000
346312.1031366217,4069634.000476502,-0.8148784582721179,0.00000000
346312.13743446354,4069633.96409439,-0.8148784580611235,0.00000000
346312.1717323055,4069633.927712279,-0.8148784595985701,0.00000000
346312.2060301474,4069633.891330167,-0.8148784600778087,0.00000000
346312.2403279891,4069633.8549480555,-0.8148784598335265,0.00000000
346312.27462583093,4069633.8185659437,-0.814878458407438,0.00000000
346312.3089236729,4069633.7821838325,-0.8148784596158858,0.00000000
346312.3432215148,4069633.745801721,-0.8148784600786746,0.00000000
346312.3775193565,4069633.709419609,-0.8148784598335698,0.00000000
346312.4118171982,4069633.6730374973,-0.8148784582733182,0.00000000
346312.44611504005,4069633.6366553856,-0.8148784580611835,0.00000000
346312.48041288205,4069633.6002732744,-0.8148784597326952,0.00000000
346312.5147107239,4069633.5638911626,-0.8148784598162708,0.00000000
346312.5490085656,4069633.527509051,-0.8148784582724532,0.00000000
346312.58330640744,4069633.491126939,-0.8148784580611403,0.00000000
346312.6176042494,4069633.454744828,-0.814878459598571,0.00000000
346312.6519020913,4069633.418362716,-0.8148784596754425,0.00000000
346312.686199933,4069633.3819806045,-0.8148784581312898,0.00000000
346312.72049777483,4069633.345598493,-0.8148784580540821,0.00000000
346312.7547956168,4069633.3092163815,-0.814878459598218,0.00000000
346312.7890934587,4069633.27283427,-0.814878459943669,0.00000000
346312.8233913004,4069633.236452158,-0.8148784596926973,0.00000000
346312.8576891423,4069633.2000700464,-0.8148784585345188,0.00000000
346312.89198698424,4069633.163687935,-0.814878459756362,0.00000000
346312.92628482607,4069633.1273058234,-0.8148784599515763,0.00000000
346312.9605826678,4069633.0909237117,-0.8148784596930927,0.00000000
346312.99488050956,4069633.0545416,-0.8148784582662943,0.00000000
346313.0291783514,4069633.018159488,-0.8148784581949544,0.00000000
346313.06347619335,4069632.981777377,-0.8148784596052616,0.00000000
346313.0977740352,4069632.9453952652,-0.8148784598098991,0.00000000
346313.13207187696,4069632.9090131535,-0.8148784582721347,0.00000000
346313.1663697188,4069632.872631042,-0.8148784581952464,0.00000000
346313.20066756074,4069632.8362489305,-0.8148784596052763,0.00000000
346313.2349654026,4069632.799866819,-0.8148784596757778,0.00000000
346313.26926324435,4069632.763484707,-0.8148784582654286,0.00000000
346313.3035610861,4069632.7271025954,-0.8148784580607891,0.00000000
346313.33785892813,4069632.690720484,-0.8148784595985533,0.00000000
346313.37215676997,4069632.6543383724,-0.8148784599436858,0.00000000
346313.40645461174,4069632.6179562607,-0.8148784598268204,0.00000000
346313.4407524536,4069632.581574149,-0.8148784585412249,0.00000000
346313.4750502955,4069632.5451920377,-0.8148784596225751,0.00000000
346313.50934813736,4069632.508809926,-0.8148784599448868,0.00000000
346313.54364597914,4069632.4724278143,-0.8148784588153725,0.00000000
346313.57794382086,4069632.4360457025,-0.8148784582224083,0.00000000
346313.6122416627,4069632.399663591,-0.814878458058638,0.00000000
346313.64653950464,4069632.3632814796,-0.8148784595984458,0.00000000
346313.68083734653,4069632.326899368,-0.8148784587980504,0.00000000
346313.71513518825,4069632.290517256,-0.8148784582215421,0.00000000
346313.7494330301,4069632.254135145,-0.8148784590701025,0.00000000
346313.78373087203,4069632.217753033,-0.8148784596490191,0.00000000
346313.8180287139,4069632.1813709214,-0.8148784599462091,0.00000000
346313.85232655564,4069632.1449888097,-0.8148784588154385,0.00000000
346313.8866243975,4069632.1086066985,-0.8148784595021636,0.00000000
346313.9209222394,4069632.0722245867,-0.8148784596706221,0.00000000
346313.9552200813,4069632.035842475,-0.8148784599472892,0.00000000
346313.98951792304,4069631.9994603633,-0.8148784588154926,0.00000000
346314.0238157648,4069631.9630782516,-0.8148784583565364,0.00000000
346314.0581136066,4069631.9266961403,-0.8148784590768522,0.00000000
346314.09241144854,4069631.8903140286,-0.8148784595152344,0.00000000
346314.12670929043,4069631.853931917,-0.8148784587938898,0.00000000
346314.1610071322,4069631.817549805,-0.8148784583554562,0.00000000
346314.195304974,4069631.781167694,-0.8148784590767982,0.00000000
346314.22960281593,4069631.744785582,-0.8148784585037238,0.00000000
346314.2639006578,4069631.7084034705,-0.8148784586091922,0.00000000
346314.2981984996,4069631.6720213587,-0.8148784582120993,0.00000000
346314.3324963414,4069631.6356392475,-0.8148784590696303,0.00000000
346314.3667941833,4069631.5992571358,-0.8148784585033654,0.00000000
346314.4010920252,4069631.562875024,-0.8148784588774185,0.00000000
346314.435389867,4069631.526492913,-0.814878459773507,0.00000000
346314.4696877088,4069631.490110801,-0.8148784595500671,0.00000000
346314.5039855508,4069631.4537286893,-0.8148784586615094,0.00000000
346314.5382833926,4069631.4173465776,-0.8148784588853257,0.00000000
346314.5725812344,4069631.3809644664,-0.8148784599080244,0.00000000
346314.6068790761,4069631.3445823546,-0.8148784592885487,0.00000000
346314.64117691794,4069631.308200243,-0.814878458111945,0.00000000
346314.6754747599,4069631.271818131,-0.8148784585896033,0.00000000
346314.7097726018,4069631.23543602,-0.8148784597591162,0.00000000
346314.7440704435,4069631.199053908,-0.8148784592811034,0.00000000
346314.7783682853,4069631.1626717965,-0.8148784579774506,0.00000000
346314.8126661273,4069631.126289685,-0.8148784585828786,0.00000000
346314.8469639692,4069631.0899075735,-0.81487845975878,0.00000000
346314.8812618109,4069631.053525462,-0.8148784592810866,0.00000000
346314.9155596527,4069631.01714335,-0.814878458111572,0.00000000
346314.9498574947,4069630.9807612384,-0.8148784585895846,0.00000000
346314.98415533657,4069630.944379127,-0.8148784600273595,0.00000000
346315.0184531783,4069630.9079970154,-0.814878459831004,0.00000000
346315.0527510201,4069630.8716149037,-0.8148784595529419,0.00000000
346315.0870488621,4069630.835232792,-0.8148784586616531,0.00000000
346315.12134670396,4069630.7988506807,-0.8148784600309629,0.00000000
346315.1556445457,4069630.762468569,-0.8148784598311842,0.00000000
346315.1899423874,4069630.7260864573,-0.8148784592847067,0.00000000
346315.22424022923,4069630.6897043455,-0.814878458111753,0.00000000
346315.2585380712,4069630.653322234,-0.8148784584554716,0.00000000
346315.2928359131,4069630.6169401226,-0.8148784597524097,0.00000000
346315.3271337548,4069630.580558011,-0.8148784592807681,0.00000000
346315.3614315966,4069630.544175899,-0.814878458111556,0.00000000
346315.3957294386,4069630.5077937874,-0.8148784584554617,0.00000000
346315.43002728047,4069630.471411676,-0.8148784597524091,0.00000000
346315.46432512224,4069630.4350295644,-0.8148784594148901,0.00000000
346315.498622964,4069630.3986474527,-0.8148784581182621,0.00000000
346315.53292080597,4069630.362265341,-0.8148784585899191,0.00000000
346315.56721864786,4069630.3258832297,-0.814878459893254,0.00000000
346315.60151648964,4069630.289501118,-0.8148784599584208,0.00000000
346315.6358143314,4069630.2531190063,-0.8148784585478049,0.00000000
346315.67011217336,4069630.2167368946,-0.8148784586113963,0.00000000
346315.70441001526,4069630.1803547833,-0.8148784598943279,0.00000000
346315.738707857,4069630.1439726716,-0.8148784596902303,0.00000000
346315.77300569875,4069630.10759056,-0.8148784582661512,0.00000000
346315.8073035405,4069630.071208448,-0.8148784580608252,0.00000000
346315.8416013825,4069630.034826337,-0.814878459464433,0.00000000
346315.87589922437,4069629.998444225,-0.8148784596687355,0.00000000
346315.91019706614,4069629.9620621135,-0.8148784582650764,0.00000000
346315.944494908,4069629.9256800017,-0.8148784581948935,0.00000000
346315.9787927499,4069629.8892978905,-0.8148784596052586,0.00000000
346316.01309059176,4069629.8529157788,-0.8148784599440211,0.00000000
346316.04738843354,4069629.816533667,-0.8148784599609592,0.00000000
346316.08168627537,4069629.7801515553,-0.8148784585479318,0.00000000
346316.1159841173,4069629.743769444,-0.8148784596229105,0.00000000
346316.15028195916,4069629.7073873323,-0.8148784599449036,0.00000000
346316.18457980093,4069629.6710052206,-0.8148784599610033,0.00000000
346316.21887764265,4069629.634623109,-0.8148784582796899,0.00000000
346316.2531754844,4069629.598240997,-0.81487845792738,0.00000000
346316.28747332643,4069629.561858886,-0.8148784595918829,0.00000000
346316.3217711683,4069629.525476774,-0.8148784598092302,0.00000000
346316.35606901004,4069629.4890946625,-0.8148784582721011,0.00000000
346316.3903668518,4069629.4527125508,-0.8148784579270005,0.00000000
346316.4246646938,4069629.4163304395,-0.8148784595918639,0.00000000
346316.4589625357,4069629.379948328,-0.8148784598092292,0.00000000
346316.49326037744,4069629.343566216,-0.8148784582721011,0.00000000
346316.52755821927,4069629.3071841043,-0.8148784580611227,0.00000000
346316.5618560612,4069629.270801993,-0.8148784595985701,0.00000000
346316.5961539031,4069629.2344198814,-0.8148784599436866,0.00000000
346316.63045174483,4069629.1980377696,-0.8148784598268204,0.00000000
346316.66474958666,4069629.161655658,-0.8148784585412249,0.00000000
346316.6990474286,4069629.1252735467,-0.8148784596225751,0.00000000
346316.7333452705,4069629.088891435,-0.8148784599448868,0.00000000
346316.7676431122,4069629.052509323,-0.8148784598268805,0.00000000
346316.801940954,4069629.0161272115,-0.8148784584071057,0.00000000
346316.8362387958,4069628.9797451,-0.814878458067873,0.00000000
346316.8705366377,4069628.9433629885,-0.8148784594647854,0.00000000
346316.9048344796,4069628.906980877,-0.8148784598028753,0.00000000
346316.9391323214,4069628.870598765,-0.8148784584059054,0.00000000
346316.97343016317,4069628.8342166534,-0.8148784580678129,0.00000000
346317.0077280051,4069628.797834542,-0.8148784594647824,0.00000000
346317.042025847,4069628.7614524304,-0.8148784598028752,0.00000000
346317.0763236888,4069628.7250703187,-0.8148784584059054,0.00000000
346317.11062153056,4069628.688688207,-0.8148784580678129,0.00000000
346317.1449193725,4069628.6523060957,-0.8148784594647824,0.00000000
346317.1792172144,4069628.615923984,-0.8148784599369973,0.00000000
346317.2135150562,4069628.5795418723,-0.814878459960608,0.00000000
346317.24781289796,4069628.5431597605,-0.8148784585479143,0.00000000
346317.2821107399,4069628.5067776493,-0.8148784594887875,0.00000000
346317.3164085818,4069628.4703955376,-0.8148784599381975,0.00000000
346317.3507064236,4069628.434013426,-0.814878458815038,0.00000000
346317.3850042653,4069628.397631314,-0.8148784582223916,0.00000000
346317.41930210707,4069628.3612492024,-0.8148784579245151,0.00000000
346317.453599949,4069628.324867091,-0.8148784594576175,0.00000000
346317.48789779097,4069628.2884849794,-0.8148784589251311,0.00000000
346317.5221956327,4069628.2521028677,-0.8148784583620183,0.00000000
346317.5564934745,4069628.2157207564,-0.8148784590771263,0.00000000
346317.59079131647,4069628.1793386447,-0.8148784596493702,0.00000000
346317.62508915836,4069628.142956533,-0.8148784589347188,0.00000000
346317.6593870001,4069628.1065744213,-0.8148784583624976,0.00000000
346317.69368484186,4069628.07019231,-0.8148784589430282,0.00000000
346317.7279826838,4069628.0338101983,-0.8148784595085432,0.00000000
346317.76228052576,4069627.9974280866,-0.8148784589276774,0.00000000
346317.7965783675,4069627.961045975,-0.8148784587645119,0.00000000
346317.83087620925,4069627.9246638636,-0.8148784593654953,0.00000000
346317.8651740512,4069627.888281752,-0.8148784585181587,0.00000000
346317.89947189315,4069627.85189964,-0.8148784588781581,0.00000000
346317.93376973487,4069627.8155175284,-0.814878458762036,0.00000000
346317.96806757664,4069627.779135417,-0.8148784593653715,0.00000000
346318.0023654184,4069627.7427533055,-0.8148784581157862,0.00000000
346318.03666326037,4069627.7063711938,-0.8148784584556732,0.00000000
346318.07096110226,4069627.6699890825,-0.8148784597524197,0.00000000
346318.10525894404,4069627.633606971,-0.8148784594148907,0.00000000
346318.1395567858,4069627.597224859,-0.8148784581182622,0.00000000
346318.17385462776,4069627.5608427473,-0.814878458455797,0.00000000
346318.20815246966,4069627.524460636,-0.8148784597524259,0.00000000
346318.24245031143,4069627.4880785244,-0.814878459414891,0.00000000
346318.2767481532,4069627.4516964126,-0.8148784581182622,0.00000000
346318.31104599516,4069627.415314301,-0.814878458455797,0.00000000
346318.34534383705,4069627.3789321897,-0.814878459886548,0.00000000
346318.3796416788,4069627.342550078,-0.8148784599580855,0.00000000
346318.4139395206,4069627.306167966,-0.814878459559296,0.00000000
346318.44823736255,4069627.2697858545,-0.8148784585278487,0.00000000
346318.48253520444,4069627.2334037432,-0.8148784598901505,0.00000000
346318.5168330462,4069627.1970216315,-0.8148784599582657,0.00000000
346318.55113088794,4069627.16063952,-0.814878459425183,0.00000000
346318.5854287297,4069627.124257408,-0.8148784581187768,0.00000000
346318.61972657166,4069627.0878752964,-0.8148784584558227,0.00000000
346318.6540244136,4069627.051493185,-0.8148784598865493,0.00000000
346318.68832225533,4069627.0151110734,-0.8148784594215972,0.00000000
346318.7226200971,4069626.9787289617,-0.8148784581185975,0.00000000
346318.75691793906,4069626.94234685,-0.8148784584558137,0.00000000
346318.79121578095,4069626.9059647387,-0.8148784598865488,0.00000000
346318.8255136227,4069626.869582627,-0.8148784598239636,0.00000000
346318.8598114645,4069626.8332005152,-0.81487845955259,0.00000000
346318.89410930645,4069626.7968184035,-0.8148784585275134,0.00000000
346318.92840714834,4069626.7604362923,-0.8148784598901337,0.00000000
346318.9627049901,4069626.7240541806,-0.8148784599582648,0.00000000
346318.99700283183,4069626.687672069,-0.814878459425183,0.00000000
346319.03130067367,4069626.651289957,-0.8148784581187768,0.00000000
346319.06559851556,4069626.6149078454,-0.8148784584558227,0.00000000
346319.0998963575,4069626.578525734,-0.8148784598865493,0.00000000
346319.1341941992,4069626.5421436224,-0.8148784594215972,0.00000000
346319.168492041,4069626.5057615107,-0.8148784579844753,0.00000000
346319.20278988295,4069626.469379399,-0.8148784584491077,0.00000000
346319.2370877249,4069626.4329972877,-0.8148784598862135,0.00000000
346319.2713855666,4069626.396615176,-0.8148784594215803,0.00000000
346319.3056834084,4069626.3602330643,-0.8148784579844744,0.00000000
346319.33998125035,4069626.3238509526,-0.8148784584491076,0.00000000
346319.3742790923,4069626.2874688413,-0.8148784598862135,0.00000000
346319.408576934,4069626.2510867296,-0.8148784598239467,0.00000000
346319.4428747758,4069626.214704618,-0.814878458406959,0.00000000
346319.47717261774,4069626.178322506,-0.8148784584702318,0.00000000
346319.5114704597,4069626.141940395,-0.8148784598872697,0.00000000
346319.5457683014,4069626.105558283,-0.8148784598239995,0.00000000
346319.5800661432,4069626.0691761714,-0.8148784584069617,0.00000000
346319.61436398496,4069626.0327940597,-0.8148784580678657,0.00000000
346319.6486618269,4069625.9964119485,-0.8148784594647851,0.00000000
346319.6829596688,4069625.9600298367,-0.8148784598028753,0.00000000
346319.7172575106,4069625.923647725,-0.8148784584059054,0.00000000
346319.75155535236,4069625.8872656133,-0.8148784580678129,0.00000000
346319.7858531943,4069625.850883502,-0.8148784594647824,0.00000000
346319.8201510362,4069625.8145013903,-0.8148784598028752,0.00000000
346319.854448878,4069625.7781192786,-0.8148784615018982,0.00000000
346319.88874671975,4069625.741737167,-0.814878453103604,0.00000000
346319.9230445617,4069625.7053550556,-0.8148784595574693,0.00000000
346319.9573424036,4069625.668972944,-0.814878461489628,0.00000000
346319.99164024537,4069625.632590832,-0.8148784615862359,0.00000000
346320.02593808714,4069625.5962087205,-0.8148784615862359,0.00000000
